Time (ms)   Label 
0.000       9     
33.333      9     
66.666      9     
99.999      9     
133.332     9     
166.665     9     
199.998     9     
233.331     9     
266.664     9     
299.997     9     
333.330     9     
366.663     9     
399.996     9     
433.329     9     
466.662     9     
499.995     9     
533.328     9     
566.661     9     
599.994     9     
633.327     9     
666.660     9     
699.993     9     
733.326     9     
766.659     9     
799.992     9     
833.325     9     
866.658     9     
899.991     9     
933.324     9     
966.657     9     
999.990     9     
1033.323    9     
1066.656    9     
1099.989    9     
1133.322    9     
1166.655    9     
1199.988    9     
1233.321    9     
1266.654    9     
1299.987    9     
1333.320    9     
1366.653    9     
1399.986    9     
1433.319    9     
1466.652    9     
1499.985    9     
1533.318    9     
1566.651    9     
1599.984    9     
1633.317    9     
1666.650    9     
1699.983    9     
1733.316    9     
1766.649    9     
1799.982    9     
1833.315    9     
1866.648    9     
1899.981    9     
1933.314    9     
1966.647    9     
1999.980    9     
2033.313    9     
2066.646    9     
2099.979    9     
2133.312    9     
2166.645    9     
2199.978    9     
2233.311    9     
2266.644    9     
2299.977    9     
2333.310    9     
2366.643    9     
2399.976    9     
2433.309    9     
2466.642    9     
2499.975    9     
2533.308    9     
2566.641    9     
2599.974    1     
2633.307    1     
2666.640    1     
2699.973    1     
2733.306    1     
2766.639    1     
2799.972    1     
2833.305    1     
2866.638    1     
2899.971    1     
2933.304    1     
2966.637    1     
2999.970    1     
3033.303    1     
3066.636    1     
3099.969    1     
3133.302    1     
3166.635    1     
3199.968    1     
3233.301    1     
3266.634    1     
3299.967    1     
3333.300    1     
3366.633    1     
3399.966    1     
3433.299    1     
3466.632    1     
3499.965    1     
3533.298    1     
3566.631    1     
3599.964    1     
3633.297    1     
3666.630    1     
3699.963    1     
3733.296    1     
3766.629    1     
3799.962    1     
3833.295    1     
3866.628    1     
3899.961    1     
3933.294    1     
3966.627    1     
3999.960    1     
4033.293    1     
4066.626    1     
4099.959    1     
4133.292    1     
4166.625    1     
4199.958    1     
4233.291    1     
4266.624    1     
4299.957    1     
4333.290    1     
4366.623    1     
4399.956    1     
4433.289    1     
4466.622    1     
4499.955    1     
4533.288    1     
4566.621    1     
4599.954    1     
4633.287    1     
4666.620    1     
4699.953    1     
4733.286    1     
4766.619    1     
4799.952    1     
4833.285    1     
4866.618    1     
4899.951    1     
4933.284    1     
4966.617    1     
4999.950    1     
5033.283    1     
5066.616    1     
5099.949    1     
5133.282    1     
5166.615    1     
5199.948    1     
5233.281    1     
5266.614    1     
5299.947    1     
5333.280    1     
5366.613    1     
5399.946    1     
5433.279    1     
5466.612    1     
5499.945    1     
5533.278    1     
5566.611    1     
5599.944    1     
5633.277    1     
5666.610    1     
5699.943    1     
5733.276    1     
5766.609    1     
5799.942    1     
5833.275    1     
5866.608    1     
5899.941    1     
5933.274    1     
5966.607    1     
5999.940    1     
6033.273    1     
6066.606    1     
6099.939    1     
6133.272    1     
6166.605    1     
6199.938    1     
6233.271    1     
6266.604    1     
6299.937    1     
6333.270    1     
6366.603    1     
6399.936    1     
6433.269    1     
6466.602    1     
6499.935    1     
6533.268    1     
6566.601    1     
6599.934    1     
6633.267    1     
6666.600    1     
6699.933    1     
6733.266    1     
6766.599    1     
6799.932    1     
6833.265    1     
6866.598    1     
6899.931    1     
6933.264    1     
6966.597    1     
6999.930    1     
7033.263    1     
7066.596    1     
7099.929    1     
7133.262    1     
7166.595    1     
7199.928    1     
7233.261    1     
7266.594    1     
7299.927    1     
7333.260    1     
7366.593    1     
7399.926    1     
7433.259    1     
7466.592    1     
7499.925    1     
7533.258    1     
7566.591    1     
7599.924    1     
7633.257    1     
7666.590    1     
7699.923    1     
7733.256    1     
7766.589    1     
7799.922    1     
7833.255    1     
7866.588    1     
7899.921    1     
7933.254    1     
7966.587    1     
7999.920    1     
8033.253    1     
8066.586    1     
8099.919    1     
8133.252    1     
8166.585    1     
8199.918    1     
8233.251    1     
8266.584    1     
8299.917    1     
8333.250    1     
8366.583    1     
8399.916    1     
8433.249    1     
8466.582    1     
8499.915    1     
8533.248    1     
8566.581    1     
8599.914    1     
8633.247    1     
8666.580    1     
8699.913    1     
8733.246    1     
8766.579    1     
8799.912    1     
8833.245    1     
8866.578    1     
8899.911    1     
8933.244    1     
8966.577    1     
8999.910    1     
9033.243    1     
9066.576    1     
9099.909    1     
9133.242    1     
9166.575    1     
9199.908    1     
9233.241    1     
9266.574    1     
9299.907    1     
9333.240    1     
9366.573    1     
9399.906    1     
9433.239    1     
9466.572    1     
9499.905    1     
9533.238    1     
9566.571    1     
9599.904    1     
9633.237    1     
9666.570    1     
9699.903    1     
9733.236    1     
9766.569    1     
9799.902    1     
9833.235    1     
9866.568    1     
9899.901    1     
9933.234    1     
9966.567    1     
9999.900    1     
10033.233   1     
10066.566   1     
10099.899   1     
10133.232   1     
10166.565   1     
10199.898   1     
10233.231   1     
10266.564   1     
10299.897   1     
10333.230   1     
10366.563   1     
10399.896   1     
10433.229   1     
10466.562   1     
10499.895   1     
10533.228   1     
10566.561   1     
10599.894   1     
10633.227   1     
10666.560   1     
10699.893   1     
10733.226   1     
10766.559   1     
10799.892   1     
10833.225   1     
10866.558   1     
10899.891   1     
10933.224   1     
10966.557   1     
10999.890   1     
11033.223   1     
11066.556   1     
11099.889   1     
11133.222   1     
11166.555   1     
11199.888   1     
11233.221   1     
11266.554   1     
11299.887   1     
11333.220   1     
11366.553   1     
11399.886   1     
11433.219   1     
11466.552   1     
11499.885   1     
11533.218   1     
11566.551   2     
11599.884   2     
11633.217   2     
11666.550   2     
11699.883   2     
11733.216   2     
11766.549   2     
11799.882   2     
11833.215   2     
11866.548   2     
11899.881   2     
11933.214   2     
11966.547   2     
11999.880   2     
12033.213   2     
12066.546   2     
12099.879   2     
12133.212   2     
12166.545   2     
12199.878   2     
12233.211   2     
12266.544   2     
12299.877   2     
12333.210   2     
12366.543   2     
12399.876   2     
12433.209   2     
12466.542   2     
12499.875   2     
12533.208   2     
12566.541   2     
12599.874   2     
12633.207   2     
12666.540   2     
12699.873   2     
12733.206   2     
12766.539   2     
12799.872   2     
12833.205   2     
12866.538   2     
12899.871   2     
12933.204   2     
12966.537   2     
12999.870   2     
13033.203   2     
13066.536   2     
13099.869   2     
13133.202   2     
13166.535   2     
13199.868   2     
13233.201   2     
13266.534   2     
13299.867   2     
13333.200   2     
13366.533   2     
13399.866   2     
13433.199   2     
13466.532   2     
13499.865   2     
13533.198   2     
13566.531   2     
13599.864   2     
13633.197   2     
13666.530   2     
13699.863   2     
13733.196   2     
13766.529   2     
13799.862   2     
13833.195   2     
13866.528   2     
13899.861   2     
13933.194   2     
13966.527   2     
13999.860   2     
14033.193   2     
14066.526   2     
14099.859   2     
14133.192   2     
14166.525   2     
14199.858   2     
14233.191   2     
14266.524   2     
14299.857   2     
14333.190   2     
14366.523   2     
14399.856   2     
14433.189   2     
14466.522   2     
14499.855   2     
14533.188   2     
14566.521   2     
14599.854   2     
14633.187   2     
14666.520   2     
14699.853   2     
14733.186   2     
14766.519   2     
14799.852   2     
14833.185   2     
14866.518   2     
14899.851   2     
14933.184   2     
14966.517   2     
14999.850   2     
15033.183   2     
15066.516   2     
15099.849   2     
15133.182   2     
15166.515   2     
15199.848   2     
15233.181   2     
15266.514   2     
15299.847   2     
15333.180   2     
15366.513   2     
15399.846   2     
15433.179   2     
15466.512   2     
15499.845   2     
15533.178   2     
15566.511   2     
15599.844   2     
15633.177   2     
15666.510   2     
15699.843   2     
15733.176   2     
15766.509   2     
15799.842   2     
15833.175   2     
15866.508   2     
15899.841   2     
15933.174   2     
15966.507   2     
15999.840   2     
16033.173   2     
16066.506   2     
16099.839   2     
16133.172   2     
16166.505   2     
16199.838   2     
16233.171   2     
16266.504   2     
16299.837   2     
16333.170   2     
16366.503   2     
16399.836   2     
16433.169   2     
16466.502   2     
16499.835   2     
16533.168   2     
16566.501   2     
16599.834   2     
16633.167   2     
16666.500   2     
16699.833   2     
16733.166   2     
16766.499   2     
16799.832   2     
16833.165   2     
16866.498   2     
16899.831   2     
16933.164   2     
16966.497   2     
16999.830   2     
17033.163   2     
17066.496   2     
17099.829   2     
17133.162   2     
17166.495   2     
17199.828   2     
17233.161   2     
17266.494   2     
17299.827   2     
17333.160   2     
17366.493   2     
17399.826   2     
17433.159   2     
17466.492   2     
17499.825   2     
17533.158   2     
17566.491   2     
17599.824   2     
17633.157   2     
17666.490   2     
17699.823   2     
17733.156   2     
17766.489   2     
17799.822   2     
17833.155   2     
17866.488   2     
17899.821   2     
17933.154   2     
17966.487   2     
17999.820   2     
18033.153   2     
18066.486   2     
18099.819   2     
18133.152   2     
18166.485   2     
18199.818   2     
18233.151   2     
18266.484   2     
18299.817   2     
18333.150   2     
18366.483   2     
18399.816   2     
18433.149   2     
18466.482   2     
18499.815   2     
18533.148   2     
18566.481   2     
18599.814   2     
18633.147   2     
18666.480   2     
18699.813   2     
18733.146   2     
18766.479   2     
18799.812   2     
18833.145   2     
18866.478   2     
18899.811   2     
18933.144   2     
18966.477   2     
18999.810   2     
19033.143   2     
19066.476   2     
19099.809   2     
19133.142   2     
19166.475   2     
19199.808   2     
19233.141   2     
19266.474   2     
19299.807   2     
19333.140   2     
19366.473   2     
19399.806   2     
19433.139   2     
19466.472   2     
19499.805   2     
19533.138   2     
19566.471   2     
19599.804   2     
19633.137   2     
19666.470   2     
19699.803   2     
19733.136   2     
19766.469   2     
19799.802   2     
19833.135   2     
19866.468   2     
19899.801   2     
19933.134   2     
19966.467   2     
19999.800   2     
20033.133   2     
20066.466   2     
20099.799   2     
20133.132   2     
20166.465   2     
20199.798   2     
20233.131   2     
20266.464   2     
20299.797   2     
20333.130   2     
20366.463   2     
20399.796   2     
20433.129   2     
20466.462   2     
20499.795   2     
20533.128   2     
20566.461   2     
20599.794   2     
20633.127   2     
20666.460   2     
20699.793   2     
20733.126   2     
20766.459   2     
20799.792   2     
20833.125   2     
20866.458   2     
20899.791   2     
20933.124   2     
20966.457   2     
20999.790   2     
21033.123   2     
21066.456   2     
21099.789   2     
21133.122   2     
21166.455   2     
21199.788   2     
21233.121   2     
21266.454   2     
21299.787   2     
21333.120   2     
21366.453   2     
21399.786   2     
21433.119   2     
21466.452   2     
21499.785   2     
21533.118   2     
21566.451   2     
21599.784   2     
21633.117   2     
21666.450   2     
21699.783   2     
21733.116   2     
21766.449   2     
21799.782   2     
21833.115   2     
21866.448   2     
21899.781   2     
21933.114   2     
21966.447   2     
21999.780   2     
22033.113   2     
22066.446   2     
22099.779   2     
22133.112   2     
22166.445   2     
22199.778   2     
22233.111   2     
22266.444   2     
22299.777   2     
22333.110   2     
22366.443   2     
22399.776   2     
22433.109   2     
22466.442   2     
22499.775   2     
22533.108   2     
22566.441   2     
22599.774   2     
22633.107   2     
22666.440   2     
22699.773   2     
22733.106   2     
22766.439   2     
22799.772   2     
22833.105   2     
22866.438   2     
22899.771   2     
22933.104   2     
22966.437   2     
22999.770   2     
23033.103   2     
23066.436   2     
23099.769   2     
23133.102   2     
23166.435   2     
23199.768   2     
23233.101   2     
23266.434   2     
23299.767   2     
23333.100   2     
23366.433   2     
23399.766   2     
23433.099   2     
23466.432   2     
23499.765   2     
23533.098   2     
23566.431   2     
23599.764   2     
23633.097   2     
23666.430   2     
23699.763   2     
23733.096   2     
23766.429   2     
23799.762   2     
23833.095   2     
23866.428   2     
23899.761   2     
23933.094   2     
23966.427   2     
23999.760   2     
24033.093   2     
24066.426   2     
24099.759   2     
24133.092   2     
24166.425   2     
24199.758   2     
24233.091   2     
24266.424   2     
24299.757   2     
24333.090   2     
24366.423   2     
24399.756   2     
24433.089   2     
24466.422   2     
24499.755   2     
24533.088   2     
24566.421   2     
24599.754   2     
24633.087   2     
24666.420   2     
24699.753   2     
24733.086   2     
24766.419   2     
24799.752   2     
24833.085   2     
24866.418   2     
24899.751   2     
24933.084   2     
24966.417   2     
24999.750   2     
25033.083   2     
25066.416   2     
25099.749   2     
25133.082   2     
25166.415   2     
25199.748   2     
25233.081   2     
25266.414   2     
25299.747   2     
25333.080   2     
25366.413   2     
25399.746   2     
25433.079   2     
25466.412   2     
25499.745   2     
25533.078   2     
25566.411   2     
25599.744   2     
25633.077   2     
25666.410   2     
25699.743   2     
25733.076   2     
25766.409   2     
25799.742   2     
25833.075   2     
25866.408   2     
25899.741   2     
25933.074   2     
25966.407   2     
25999.740   2     
26033.073   2     
26066.406   2     
26099.739   2     
26133.072   2     
26166.405   2     
26199.738   2     
26233.071   2     
26266.404   2     
26299.737   2     
26333.070   2     
26366.403   2     
26399.736   2     
26433.069   2     
26466.402   2     
26499.735   2     
26533.068   2     
26566.401   2     
26599.734   2     
26633.067   2     
26666.400   2     
26699.733   2     
26733.066   2     
26766.399   2     
26799.732   2     
26833.065   2     
26866.398   2     
26899.731   2     
26933.064   2     
26966.397   2     
26999.730   2     
27033.063   2     
27066.396   2     
27099.729   2     
27133.062   2     
27166.395   2     
27199.728   2     
27233.061   2     
27266.394   2     
27299.727   2     
27333.060   2     
27366.393   2     
27399.726   2     
27433.059   2     
27466.392   2     
27499.725   2     
27533.058   2     
27566.391   2     
27599.724   2     
27633.057   2     
27666.390   2     
27699.723   2     
27733.056   2     
27766.389   2     
27799.722   2     
27833.055   2     
27866.388   2     
27899.721   2     
27933.054   2     
27966.387   2     
27999.720   2     
28033.053   2     
28066.386   2     
28099.719   2     
28133.052   2     
28166.385   2     
28199.718   2     
28233.051   2     
28266.384   2     
28299.717   2     
28333.050   2     
28366.383   2     
28399.716   2     
28433.049   2     
28466.382   2     
28499.715   2     
28533.048   2     
28566.381   2     
28599.714   2     
28633.047   2     
28666.380   2     
28699.713   2     
28733.046   2     
28766.379   2     
28799.712   2     
28833.045   2     
28866.378   2     
28899.711   2     
28933.044   2     
28966.377   2     
28999.710   2     
29033.043   2     
29066.376   2     
29099.709   2     
29133.042   2     
29166.375   2     
29199.708   2     
29233.041   2     
29266.374   2     
29299.707   2     
29333.040   2     
29366.373   2     
29399.706   2     
29433.039   2     
29466.372   2     
29499.705   2     
29533.038   2     
29566.371   2     
29599.704   2     
29633.037   2     
29666.370   2     
29699.703   2     
29733.036   2     
29766.369   2     
29799.702   2     
29833.035   2     
29866.368   2     
29899.701   2     
29933.034   2     
29966.367   2     
29999.700   2     
30033.033   2     
30066.366   2     
30099.699   2     
30133.032   2     
30166.365   2     
30199.698   2     
30233.031   2     
30266.364   2     
30299.697   2     
30333.030   2     
30366.363   2     
30399.696   2     
30433.029   2     
30466.362   2     
30499.695   3     
30533.028   3     
30566.361   3     
30599.694   3     
30633.027   3     
30666.360   3     
30699.693   3     
30733.026   3     
30766.359   3     
30799.692   3     
30833.025   3     
30866.358   3     
30899.691   3     
30933.024   3     
30966.357   3     
30999.690   3     
31033.023   3     
31066.356   3     
31099.689   3     
31133.022   3     
31166.355   3     
31199.688   3     
31233.021   3     
31266.354   3     
31299.687   3     
31333.020   3     
31366.353   3     
31399.686   3     
31433.019   3     
31466.352   3     
31499.685   3     
31533.018   3     
31566.351   3     
31599.684   3     
31633.017   3     
31666.350   3     
31699.683   3     
31733.016   3     
31766.349   3     
31799.682   3     
31833.015   3     
31866.348   3     
31899.681   3     
31933.014   3     
31966.347   3     
31999.680   3     
32033.013   3     
32066.346   3     
32099.679   3     
32133.012   3     
32166.345   3     
32199.678   3     
32233.011   3     
32266.344   3     
32299.677   3     
32333.010   3     
32366.343   3     
32399.676   3     
32433.009   3     
32466.342   3     
32499.675   3     
32533.008   3     
32566.341   3     
32599.674   3     
32633.007   3     
32666.340   3     
32699.673   3     
32733.006   3     
32766.339   3     
32799.672   3     
32833.005   3     
32866.338   3     
32899.671   3     
32933.004   3     
32966.337   3     
32999.670   3     
33033.003   3     
33066.336   3     
33099.669   3     
33133.002   3     
33166.335   3     
33199.668   3     
33233.001   3     
33266.334   3     
33299.667   3     
33333.000   3     
33366.333   3     
33399.666   3     
33432.999   3     
33466.332   4     
33499.665   4     
33532.998   4     
33566.331   4     
33599.664   4     
33632.997   4     
33666.330   4     
33699.663   4     
33732.996   4     
33766.329   4     
33799.662   4     
33832.995   4     
33866.328   4     
33899.661   4     
33932.994   4     
33966.327   4     
33999.660   4     
34032.993   4     
34066.326   4     
34099.659   4     
34132.992   4     
34166.325   4     
34199.658   4     
34232.991   4     
34266.324   4     
34299.657   4     
34332.990   4     
34366.323   4     
34399.656   4     
34432.989   4     
34466.322   4     
34499.655   4     
34532.988   4     
34566.321   4     
34599.654   4     
34632.987   4     
34666.320   4     
34699.653   4     
34732.986   4     
34766.319   4     
34799.652   4     
34832.985   4     
34866.318   4     
34899.651   4     
34932.984   4     
34966.317   4     
34999.650   4     
35032.983   4     
35066.316   4     
35099.649   4     
35132.982   4     
35166.315   4     
35199.648   4     
35232.981   4     
35266.314   4     
35299.647   4     
35332.980   4     
35366.313   4     
35399.646   4     
35432.979   4     
35466.312   4     
35499.645   4     
35532.978   4     
35566.311   4     
35599.644   4     
35632.977   4     
35666.310   4     
35699.643   4     
35732.976   4     
35766.309   4     
35799.642   4     
35832.975   4     
35866.308   4     
35899.641   4     
35932.974   4     
35966.307   4     
35999.640   4     
36032.973   4     
36066.306   4     
36099.639   4     
36132.972   4     
36166.305   4     
36199.638   4     
36232.971   4     
36266.304   4     
36299.637   4     
36332.970   4     
36366.303   4     
36399.636   4     
36432.969   4     
36466.302   4     
36499.635   4     
36532.968   4     
36566.301   4     
36599.634   4     
36632.967   4     
36666.300   4     
36699.633   4     
36732.966   4     
36766.299   4     
36799.632   4     
36832.965   4     
36866.298   4     
36899.631   4     
36932.964   4     
36966.297   4     
36999.630   4     
37032.963   4     
37066.296   4     
37099.629   4     
37132.962   4     
37166.295   4     
37199.628   4     
37232.961   4     
37266.294   4     
37299.627   4     
37332.960   4     
37366.293   4     
37399.626   4     
37432.959   4     
37466.292   4     
37499.625   4     
37532.958   4     
37566.291   4     
37599.624   4     
37632.957   4     
37666.290   4     
37699.623   4     
37732.956   4     
37766.289   4     
37799.622   4     
37832.955   4     
37866.288   4     
37899.621   4     
37932.954   4     
37966.287   4     
37999.620   4     
38032.953   4     
38066.286   4     
38099.619   4     
38132.952   4     
38166.285   4     
38199.618   4     
38232.951   4     
38266.284   4     
38299.617   4     
38332.950   4     
38366.283   4     
38399.616   4     
38432.949   4     
38466.282   4     
38499.615   4     
38532.948   4     
38566.281   4     
38599.614   4     
38632.947   4     
38666.280   4     
38699.613   4     
38732.946   4     
38766.279   4     
38799.612   4     
38832.945   4     
38866.278   4     
38899.611   4     
38932.944   4     
38966.277   4     
38999.610   4     
39032.943   4     
39066.276   4     
39099.609   4     
39132.942   4     
39166.275   4     
39199.608   4     
39232.941   4     
39266.274   4     
39299.607   4     
39332.940   4     
39366.273   4     
39399.606   4     
39432.939   4     
39466.272   4     
39499.605   4     
39532.938   4     
39566.271   4     
39599.604   4     
39632.937   4     
39666.270   4     
39699.603   4     
39732.936   4     
39766.269   4     
39799.602   4     
39832.935   4     
39866.268   4     
39899.601   4     
39932.934   4     
39966.267   4     
39999.600   4     
40032.933   7     
40066.266   7     
40099.599   7     
40132.932   7     
40166.265   7     
40199.598   7     
40232.931   7     
40266.264   7     
40299.597   7     
40332.930   7     
40366.263   7     
40399.596   7     
40432.929   7     
40466.262   7     
40499.595   7     
40532.928   7     
40566.261   7     
40599.594   7     
40632.927   7     
40666.260   7     
40699.593   7     
40732.926   7     
40766.259   7     
40799.592   7     
40832.925   7     
40866.258   7     
40899.591   7     
40932.924   7     
40966.257   7     
40999.590   7     
41032.923   7     
41066.256   7     
41099.589   7     
41132.922   7     
41166.255   7     
41199.588   7     
41232.921   7     
41266.254   7     
41299.587   7     
41332.920   7     
41366.253   7     
41399.586   7     
41432.919   7     
41466.252   7     
41499.585   7     
41532.918   7     
41566.251   7     
41599.584   7     
41632.917   7     
41666.250   7     
41699.583   7     
41732.916   7     
41766.249   7     
41799.582   7     
41832.915   7     
41866.248   7     
41899.581   7     
41932.914   7     
41966.247   7     
41999.580   7     
42032.913   7     
42066.246   7     
42099.579   7     
42132.912   7     
42166.245   7     
42199.578   7     
42232.911   7     
42266.244   7     
42299.577   7     
42332.910   7     
42366.243   7     
42399.576   7     
42432.909   7     
42466.242   7     
42499.575   7     
42532.908   7     
42566.241   7     
42599.574   7     
42632.907   7     
42666.240   7     
42699.573   7     
42732.906   7     
42766.239   7     
42799.572   7     
42832.905   7     
42866.238   7     
42899.571   7     
42932.904   7     
42966.237   7     
42999.570   7     
43032.903   7     
43066.236   7     
43099.569   7     
43132.902   7     
43166.235   7     
43199.568   7     
43232.901   7     
43266.234   7     
43299.567   7     
43332.900   7     
43366.233   7     
43399.566   7     
43432.899   7     
43466.232   7     
43499.565   7     
43532.898   7     
43566.231   7     
43599.564   7     
43632.897   7     
43666.230   7     
43699.563   7     
43732.896   7     
43766.229   7     
43799.562   7     
43832.895   7     
43866.228   7     
43899.561   7     
43932.894   7     
43966.227   7     
43999.560   7     
44032.893   8     
44066.226   8     
44099.559   8     
44132.892   8     
44166.225   8     
44199.558   8     
44232.891   8     
44266.224   8     
44299.557   8     
44332.890   8     
44366.223   8     
44399.556   8     
44432.889   8     
44466.222   8     
44499.555   8     
44532.888   8     
44566.221   8     
44599.554   8     
44632.887   8     
44666.220   8     
44699.553   8     
44732.886   8     
44766.219   8     
44799.552   8     
44832.885   8     
44866.218   8     
44899.551   8     
44932.884   8     
44966.217   8     
44999.550   8     
45032.883   8     
45066.216   8     
45099.549   8     
45132.882   8     
45166.215   8     
45199.548   8     
45232.881   8     
45266.214   8     
45299.547   8     
45332.880   8     
45366.213   8     
45399.546   8     
45432.879   8     
45466.212   8     
45499.545   8     
45532.878   8     
45566.211   8     
45599.544   8     
45632.877   8     
45666.210   8     
45699.543   8     
45732.876   8     
45766.209   8     
45799.542   8     
45832.875   8     
45866.208   8     
45899.541   8     
45932.874   8     
45966.207   8     
45999.540   8     
46032.873   8     
46066.206   8     
46099.539   8     
46132.872   8     
46166.205   8     
46199.538   8     
46232.871   8     
46266.204   8     
46299.537   8     
46332.870   8     
46366.203   8     
46399.536   8     
46432.869   8     
46466.202   8     
46499.535   8     
46532.868   8     
46566.201   8     
46599.534   8     
46632.867   8     
46666.200   8     
46699.533   8     
46732.866   8     
46766.199   8     
46799.532   8     
46832.865   8     
46866.198   8     
46899.531   8     
46932.864   8     
46966.197   8     
46999.530   8     
47032.863   8     
47066.196   8     
47099.529   8     
47132.862   8     
47166.195   8     
47199.528   8     
47232.861   8     
47266.194   8     
47299.527   8     
47332.860   8     
47366.193   8     
47399.526   8     
47432.859   8     
47466.192   8     
47499.525   8     
47532.858   8     
47566.191   8     
47599.524   8     
47632.857   8     
47666.190   8     
47699.523   8     
47732.856   8     
47766.189   8     
47799.522   8     
47832.855   8     
47866.188   8     
47899.521   8     
47932.854   8     
47966.187   8     
47999.520   8     
48032.853   8     
48066.186   8     
48099.519   8     
48132.852   8     
48166.185   8     
48199.518   8     
48232.851   8     
48266.184   8     
48299.517   8     
48332.850   8     
48366.183   8     
48399.516   8     
48432.849   8     
48466.182   8     
48499.515   8     
48532.848   8     
48566.181   8     
48599.514   8     
48632.847   8     
48666.180   8     
48699.513   8     
48732.846   8     
48766.179   8     
48799.512   8     
48832.845   8     
48866.178   8     
48899.511   8     
48932.844   8     
48966.177   8     
48999.510   8     
49032.843   8     
49066.176   8     
49099.509   8     
49132.842   8     
49166.175   8     
49199.508   8     
49232.841   8     
49266.174   8     
49299.507   8     
49332.840   8     
49366.173   8     
49399.506   8     
49432.839   8     
49466.172   8     
49499.505   8     
49532.838   8     
49566.171   8     
49599.504   8     
49632.837   8     
49666.170   8     
49699.503   8     
49732.836   8     
49766.169   8     
49799.502   8     
49832.835   8     
49866.168   8     
49899.501   8     
49932.834   8     
49966.167   8     
49999.500   8     
50032.833   8     
50066.166   8     
50099.499   8     
50132.832   8     
50166.165   8     
50199.498   8     
50232.831   8     
50266.164   8     
50299.497   8     
50332.830   8     
50366.163   8     
50399.496   8     
50432.829   8     
50466.162   8     
50499.495   8     
50532.828   8     
50566.161   8     
50599.494   8     
50632.827   8     
50666.160   8     
50699.493   8     
50732.826   8     
50766.159   8     
50799.492   8     
50832.825   8     
50866.158   8     
50899.491   8     
50932.824   8     
50966.157   8     
50999.490   8     
51032.823   8     
51066.156   8     
51099.489   8     
51132.822   8     
51166.155   8     
51199.488   8     
51232.821   8     
51266.154   8     
51299.487   8     
51332.820   8     
51366.153   8     
51399.486   8     
51432.819   8     
51466.152   8     
51499.485   8     
51532.818   8     
51566.151   8     
51599.484   8     
51632.817   8     
51666.150   8     
51699.483   8     
51732.816   8     
51766.149   8     
51799.482   8     
51832.815   8     
51866.148   8     
51899.481   8     
51932.814   8     
51966.147   8     
51999.480   8     
52032.813   8     
52066.146   8     
52099.479   8     
52132.812   8     
52166.145   8     
52199.478   8     
52232.811   8     
52266.144   8     
52299.477   8     
52332.810   8     
52366.143   8     
52399.476   8     
52432.809   8     
52466.142   8     
52499.475   8     
52532.808   8     
52566.141   8     
52599.474   8     
52632.807   8     
52666.140   8     
52699.473   8     
52732.806   8     
52766.139   8     
52799.472   3     
52832.805   3     
52866.138   3     
52899.471   3     
52932.804   3     
52966.137   3     
52999.470   3     
53032.803   3     
53066.136   3     
53099.469   3     
53132.802   3     
53166.135   3     
53199.468   3     
53232.801   3     
53266.134   3     
53299.467   3     
53332.800   3     
53366.133   3     
53399.466   3     
53432.799   3     
53466.132   3     
53499.465   3     
53532.798   3     
53566.131   3     
53599.464   3     
53632.797   3     
53666.130   3     
53699.463   3     
53732.796   3     
53766.129   3     
53799.462   3     
53832.795   3     
53866.128   3     
53899.461   3     
53932.794   3     
53966.127   3     
53999.460   3     
54032.793   3     
54066.126   3     
54099.459   3     
54132.792   3     
54166.125   3     
54199.458   3     
54232.791   3     
54266.124   3     
54299.457   3     
54332.790   3     
54366.123   3     
54399.456   3     
54432.789   3     
54466.122   3     
54499.455   3     
54532.788   3     
54566.121   3     
54599.454   3     
54632.787   3     
54666.120   3     
54699.453   3     
54732.786   3     
54766.119   3     
54799.452   3     
54832.785   3     
54866.118   3     
54899.451   3     
54932.784   3     
54966.117   3     
54999.450   3     
55032.783   3     
55066.116   3     
55099.449   3     
55132.782   3     
55166.115   3     
55199.448   3     
55232.781   3     
55266.114   3     
55299.447   3     
55332.780   3     
55366.113   3     
55399.446   3     
55432.779   3     
55466.112   3     
55499.445   3     
55532.778   3     
55566.111   3     
55599.444   3     
55632.777   3     
55666.110   3     
55699.443   3     
55732.776   3     
55766.109   3     
55799.442   3     
55832.775   3     
55866.108   3     
55899.441   3     
55932.774   3     
55966.107   3     
55999.440   3     
56032.773   5     
56066.106   5     
56099.439   5     
56132.772   5     
56166.105   5     
56199.438   5     
56232.771   5     
56266.104   5     
56299.437   5     
56332.770   5     
56366.103   5     
56399.436   5     
56432.769   5     
56466.102   5     
56499.435   5     
56532.768   5     
56566.101   5     
56599.434   5     
56632.767   5     
56666.100   5     
56699.433   5     
56732.766   5     
56766.099   5     
56799.432   5     
56832.765   5     
56866.098   5     
56899.431   5     
56932.764   5     
56966.097   5     
56999.430   5     
57032.763   5     
57066.096   5     
57099.429   5     
57132.762   5     
57166.095   5     
57199.428   5     
57232.761   5     
57266.094   5     
57299.427   5     
57332.760   5     
57366.093   5     
57399.426   5     
57432.759   5     
57466.092   5     
57499.425   5     
57532.758   5     
57566.091   5     
57599.424   5     
57632.757   5     
57666.090   5     
57699.423   5     
57732.756   5     
57766.089   5     
57799.422   5     
57832.755   5     
57866.088   5     
57899.421   5     
57932.754   5     
57966.087   5     
57999.420   5     
58032.753   5     
58066.086   5     
58099.419   5     
58132.752   5     
58166.085   5     
58199.418   5     
58232.751   5     
58266.084   5     
58299.417   5     
58332.750   5     
58366.083   5     
58399.416   5     
58432.749   5     
58466.082   5     
58499.415   5     
58532.748   5     
58566.081   5     
58599.414   5     
58632.747   5     
58666.080   5     
58699.413   5     
58732.746   5     
58766.079   5     
58799.412   5     
58832.745   5     
58866.078   5     
58899.411   5     
58932.744   5     
58966.077   5     
58999.410   5     
59032.743   5     
59066.076   5     
59099.409   5     
59132.742   5     
59166.075   5     
59199.408   5     
59232.741   5     
59266.074   5     
59299.407   5     
59332.740   5     
59366.073   5     
59399.406   5     
59432.739   5     
59466.072   5     
59499.405   5     
59532.738   5     
59566.071   5     
59599.404   5     
59632.737   5     
59666.070   5     
59699.403   5     
59732.736   5     
59766.069   5     
59799.402   5     
59832.735   5     
59866.068   5     
59899.401   5     
59932.734   5     
59966.067   5     
59999.400   5     
60032.733   5     
60066.066   5     
60099.399   5     
60132.732   5     
60166.065   5     
60199.398   5     
60232.731   5     
60266.064   5     
60299.397   5     
60332.730   5     
60366.063   5     
60399.396   5     
60432.729   5     
60466.062   5     
60499.395   5     
60532.728   5     
60566.061   5     
60599.394   5     
60632.727   5     
60666.060   5     
60699.393   5     
60732.726   5     
60766.059   5     
60799.392   5     
60832.725   5     
60866.058   5     
60899.391   5     
60932.724   5     
60966.057   5     
60999.390   5     
61032.723   5     
61066.056   5     
61099.389   5     
61132.722   5     
61166.055   5     
61199.388   5     
61232.721   5     
61266.054   5     
61299.387   5     
61332.720   5     
61366.053   5     
61399.386   5     
61432.719   5     
61466.052   5     
61499.385   5     
61532.718   5     
61566.051   5     
61599.384   5     
61632.717   5     
61666.050   5     
61699.383   5     
61732.716   5     
61766.049   5     
61799.382   5     
61832.715   5     
61866.048   5     
61899.381   5     
61932.714   5     
61966.047   5     
61999.380   5     
62032.713   5     
62066.046   5     
62099.379   5     
62132.712   5     
62166.045   5     
62199.378   5     
62232.711   5     
62266.044   5     
62299.377   5     
62332.710   5     
62366.043   5     
62399.376   5     
62432.709   5     
62466.042   7     
62499.375   7     
62532.708   7     
62566.041   7     
62599.374   7     
62632.707   7     
62666.040   7     
62699.373   7     
62732.706   7     
62766.039   7     
62799.372   7     
62832.705   7     
62866.038   7     
62899.371   7     
62932.704   7     
62966.037   7     
62999.370   7     
63032.703   7     
63066.036   7     
63099.369   7     
63132.702   7     
63166.035   7     
63199.368   7     
63232.701   7     
63266.034   7     
63299.367   7     
63332.700   7     
63366.033   7     
63399.366   7     
63432.699   7     
63466.032   7     
63499.365   7     
63532.698   7     
63566.031   7     
63599.364   7     
63632.697   7     
63666.030   7     
63699.363   7     
63732.696   7     
63766.029   7     
63799.362   7     
63832.695   7     
63866.028   7     
63899.361   7     
63932.694   7     
63966.027   7     
63999.360   7     
64032.693   7     
64066.026   7     
64099.359   7     
64132.692   7     
64166.025   7     
64199.358   7     
64232.691   7     
64266.024   7     
64299.357   7     
64332.690   7     
64366.023   7     
64399.356   7     
64432.689   7     
64466.022   7     
64499.355   7     
64532.688   7     
64566.021   7     
64599.354   7     
64632.687   7     
64666.020   7     
64699.353   7     
64732.686   7     
64766.019   7     
64799.352   7     
64832.685   7     
64866.018   7     
64899.351   7     
64932.684   7     
64966.017   7     
64999.350   7     
65032.683   7     
65066.016   7     
65099.349   7     
65132.682   7     
65166.015   7     
65199.348   7     
65232.681   7     
65266.014   7     
65299.347   7     
65332.680   7     
65366.013   7     
65399.346   7     
65432.679   7     
65466.012   7     
65499.345   7     
65532.678   7     
65566.011   7     
65599.344   7     
65632.677   7     
65666.010   7     
65699.343   7     
65732.676   7     
65766.009   7     
65799.342   7     
65832.675   7     
65866.008   7     
65899.341   7     
65932.674   7     
65966.007   7     
65999.340   7     
66032.673   7     
66066.006   7     
66099.339   7     
66132.672   7     
66166.005   7     
66199.338   7     
66232.671   7     
66266.004   7     
66299.337   7     
66332.670   7     
66366.003   7     
66399.336   7     
66432.669   7     
66466.002   7     
66499.335   7     
66532.668   7     
66566.001   7     
66599.334   7     
66632.667   7     
66666.000   7     
66699.333   7     
66732.666   7     
66765.999   7     
66799.332   7     
66832.665   7     
66865.998   7     
66899.331   7     
66932.664   7     
66965.997   7     
66999.330   7     
67032.663   7     
67065.996   7     
67099.329   7     
67132.662   7     
67165.995   7     
67199.328   7     
67232.661   7     
67265.994   7     
67299.327   7     
67332.660   7     
67365.993   7     
67399.326   7     
67432.659   7     
67465.992   7     
67499.325   7     
67532.658   7     
67565.991   7     
67599.324   7     
67632.657   7     
67665.990   7     
67699.323   7     
67732.656   7     
67765.989   7     
67799.322   7     
67832.655   7     
67865.988   7     
67899.321   7     
67932.654   7     
67965.987   7     
67999.320   7     
68032.653   7     
68065.986   7     
68099.319   7     
68132.652   7     
68165.985   7     
68199.318   7     
68232.651   7     
68265.984   7     
68299.317   7     
68332.650   7     
68365.983   7     
68399.316   7     
68432.649   7     
68465.982   7     
68499.315   7     
68532.648   7     
68565.981   7     
68599.314   7     
68632.647   7     
68665.980   7     
68699.313   7     
68732.646   7     
68765.979   7     
68799.312   7     
68832.645   7     
68865.978   7     
68899.311   7     
68932.644   7     
68965.977   7     
68999.310   7     
69032.643   7     
69065.976   7     
69099.309   7     
69132.642   7     
69165.975   7     
69199.308   7     
69232.641   7     
69265.974   7     
69299.307   7     
69332.640   7     
69365.973   7     
69399.306   7     
69432.639   7     
69465.972   7     
69499.305   7     
69532.638   7     
69565.971   7     
69599.304   7     
69632.637   7     
69665.970   7     
69699.303   7     
69732.636   7     
69765.969   7     
69799.302   7     
69832.635   7     
69865.968   7     
69899.301   7     
69932.634   7     
69965.967   7     
69999.300   7     
70032.633   7     
70065.966   7     
70099.299   7     
70132.632   7     
70165.965   7     
70199.298   7     
70232.631   7     
70265.964   7     
70299.297   7     
70332.630   7     
70365.963   7     
70399.296   7     
70432.629   7     
70465.962   7     
70499.295   7     
70532.628   7     
70565.961   7     
70599.294   7     
70632.627   7     
70665.960   7     
70699.293   7     
70732.626   7     
70765.959   7     
70799.292   7     
70832.625   7     
70865.958   7     
70899.291   7     
70932.624   7     
70965.957   7     
70999.290   7     
71032.623   7     
71065.956   7     
71099.289   7     
71132.622   7     
71165.955   7     
71199.288   7     
71232.621   7     
71265.954   7     
71299.287   7     
71332.620   7     
71365.953   7     
71399.286   7     
71432.619   7     
71465.952   7     
71499.285   8     
71532.618   8     
71565.951   8     
71599.284   8     
71632.617   8     
71665.950   8     
71699.283   8     
71732.616   8     
71765.949   8     
71799.282   8     
71832.615   8     
71865.948   8     
71899.281   8     
71932.614   8     
71965.947   8     
71999.280   8     
72032.613   8     
72065.946   8     
72099.279   8     
72132.612   8     
72165.945   8     
72199.278   8     
72232.611   8     
72265.944   8     
72299.277   8     
72332.610   8     
72365.943   8     
72399.276   8     
72432.609   8     
72465.942   8     
72499.275   8     
72532.608   8     
72565.941   8     
72599.274   8     
72632.607   8     
72665.940   8     
72699.273   8     
72732.606   8     
72765.939   8     
72799.272   8     
72832.605   8     
72865.938   8     
72899.271   8     
72932.604   8     
72965.937   8     
72999.270   8     
73032.603   8     
73065.936   8     
73099.269   8     
73132.602   8     
73165.935   8     
73199.268   8     
73232.601   8     
73265.934   8     
73299.267   8     
73332.600   8     
73365.933   8     
73399.266   8     
73432.599   8     
73465.932   8     
73499.265   8     
73532.598   8     
73565.931   8     
73599.264   8     
73632.597   8     
73665.930   8     
73699.263   8     
73732.596   8     
73765.929   8     
73799.262   8     
73832.595   8     
73865.928   8     
73899.261   8     
73932.594   8     
73965.927   8     
73999.260   8     
74032.593   8     
74065.926   8     
74099.259   8     
74132.592   8     
74165.925   8     
74199.258   8     
74232.591   8     
74265.924   8     
74299.257   8     
74332.590   8     
74365.923   8     
74399.256   8     
74432.589   8     
74465.922   8     
74499.255   8     
74532.588   8     
74565.921   8     
74599.254   8     
74632.587   8     
74665.920   8     
74699.253   8     
74732.586   8     
74765.919   8     
74799.252   8     
74832.585   8     
74865.918   8     
74899.251   8     
74932.584   8     
74965.917   8     
74999.250   8     
75032.583   8     
75065.916   8     
75099.249   8     
75132.582   8     
75165.915   8     
75199.248   8     
75232.581   8     
75265.914   8     
75299.247   8     
75332.580   8     
75365.913   8     
75399.246   8     
75432.579   8     
75465.912   8     
75499.245   8     
75532.578   8     
75565.911   8     
75599.244   8     
75632.577   8     
75665.910   8     
75699.243   8     
75732.576   8     
75765.909   8     
75799.242   8     
75832.575   8     
75865.908   8     
75899.241   8     
75932.574   8     
75965.907   8     
75999.240   8     
76032.573   8     
76065.906   8     
76099.239   8     
76132.572   8     
76165.905   8     
76199.238   8     
76232.571   8     
76265.904   8     
76299.237   8     
76332.570   8     
76365.903   8     
76399.236   8     
76432.569   8     
76465.902   8     
76499.235   8     
76532.568   8     
76565.901   8     
76599.234   8     
76632.567   8     
76665.900   8     
76699.233   8     
76732.566   8     
76765.899   8     
76799.232   8     
76832.565   8     
76865.898   8     
76899.231   8     
76932.564   8     
76965.897   8     
76999.230   8     
77032.563   8     
77065.896   8     
77099.229   8     
77132.562   8     
77165.895   8     
77199.228   8     
77232.561   8     
77265.894   8     
77299.227   8     
77332.560   8     
77365.893   8     
77399.226   8     
77432.559   8     
77465.892   8     
77499.225   8     
77532.558   8     
77565.891   8     
77599.224   8     
77632.557   8     
77665.890   8     
77699.223   8     
77732.556   8     
77765.889   8     
77799.222   8     
77832.555   8     
77865.888   8     
77899.221   8     
77932.554   8     
77965.887   8     
77999.220   8     
78032.553   8     
78065.886   8     
78099.219   8     
78132.552   8     
78165.885   8     
78199.218   8     
78232.551   8     
78265.884   8     
78299.217   8     
78332.550   8     
78365.883   8     
78399.216   8     
78432.549   8     
78465.882   8     
78499.215   8     
78532.548   8     
78565.881   8     
78599.214   8     
78632.547   8     
78665.880   8     
78699.213   8     
78732.546   8     
78765.879   8     
78799.212   8     
78832.545   8     
78865.878   8     
78899.211   8     
78932.544   8     
78965.877   8     
78999.210   8     
79032.543   8     
79065.876   8     
79099.209   8     
79132.542   8     
79165.875   8     
79199.208   8     
79232.541   8     
79265.874   8     
79299.207   8     
79332.540   8     
79365.873   8     
79399.206   8     
79432.539   8     
79465.872   8     
79499.205   8     
79532.538   8     
79565.871   8     
79599.204   8     
79632.537   8     
79665.870   8     
79699.203   8     
79732.536   8     
79765.869   8     
79799.202   8     
79832.535   8     
79865.868   8     
79899.201   8     
79932.534   8     
79965.867   8     
79999.200   8     
80032.533   8     
80065.866   8     
80099.199   8     
80132.532   8     
80165.865   8     
80199.198   8     
80232.531   8     
80265.864   8     
80299.197   8     
80332.530   8     
80365.863   8     
80399.196   8     
80432.529   8     
80465.862   8     
80499.195   8     
80532.528   8     
80565.861   8     
80599.194   8     
80632.527   8     
80665.860   8     
80699.193   8     
80732.526   8     
80765.859   8     
80799.192   8     
80832.525   8     
80865.858   8     
80899.191   8     
80932.524   8     
80965.857   8     
80999.190   8     
81032.523   8     
81065.856   8     
81099.189   8     
81132.522   8     
81165.855   8     
81199.188   8     
81232.521   8     
81265.854   8     
81299.187   8     
81332.520   8     
81365.853   8     
81399.186   8     
81432.519   8     
81465.852   8     
81499.185   8     
81532.518   8     
81565.851   8     
81599.184   8     
81632.517   8     
81665.850   8     
81699.183   8     
81732.516   8     
81765.849   8     
81799.182   8     
81832.515   8     
81865.848   8     
81899.181   8     
81932.514   8     
81965.847   8     
81999.180   8     
82032.513   8     
82065.846   8     
82099.179   8     
82132.512   8     
82165.845   8     
82199.178   8     
82232.511   8     
82265.844   8     
82299.177   8     
82332.510   8     
82365.843   8     
82399.176   8     
82432.509   8     
82465.842   8     
82499.175   8     
82532.508   8     
82565.841   8     
82599.174   8     
82632.507   8     
82665.840   8     
82699.173   8     
82732.506   8     
82765.839   8     
82799.172   8     
82832.505   8     
82865.838   8     
82899.171   8     
82932.504   8     
82965.837   8     
82999.170   8     
83032.503   8     
83065.836   8     
83099.169   8     
83132.502   8     
83165.835   8     
83199.168   8     
83232.501   8     
83265.834   8     
83299.167   8     
83332.500   8     
83365.833   8     
83399.166   8     
83432.499   8     
83465.832   8     
83499.165   8     
83532.498   8     
83565.831   8     
83599.164   8     
83632.497   8     
83665.830   8     
83699.163   8     
83732.496   8     
83765.829   8     
83799.162   8     
83832.495   8     
83865.828   8     
83899.161   8     
83932.494   8     
83965.827   8     
83999.160   8     
84032.493   8     
84065.826   8     
84099.159   8     
84132.492   8     
84165.825   8     
84199.158   7     
84232.491   7     
84265.824   7     
84299.157   7     
84332.490   7     
84365.823   7     
84399.156   7     
84432.489   7     
84465.822   7     
84499.155   7     
84532.488   7     
84565.821   7     
84599.154   7     
84632.487   7     
84665.820   7     
84699.153   7     
84732.486   7     
84765.819   7     
84799.152   7     
84832.485   7     
84865.818   7     
84899.151   7     
84932.484   7     
84965.817   7     
84999.150   7     
85032.483   7     
85065.816   7     
85099.149   7     
85132.482   7     
85165.815   7     
85199.148   7     
85232.481   7     
85265.814   7     
85299.147   7     
85332.480   7     
85365.813   7     
85399.146   7     
85432.479   7     
85465.812   7     
85499.145   7     
85532.478   7     
85565.811   7     
85599.144   7     
85632.477   7     
85665.810   7     
85699.143   7     
85732.476   7     
85765.809   7     
85799.142   7     
85832.475   7     
85865.808   7     
85899.141   7     
85932.474   7     
85965.807   7     
85999.140   7     
86032.473   7     
86065.806   7     
86099.139   7     
86132.472   7     
86165.805   7     
86199.138   7     
86232.471   7     
86265.804   7     
86299.137   7     
86332.470   7     
86365.803   7     
86399.136   7     
86432.469   8     
86465.802   8     
86499.135   8     
86532.468   8     
86565.801   8     
86599.134   8     
86632.467   8     
86665.800   8     
86699.133   8     
86732.466   8     
86765.799   8     
86799.132   8     
86832.465   8     
86865.798   8     
86899.131   8     
86932.464   8     
86965.797   8     
86999.130   8     
87032.463   8     
87065.796   8     
87099.129   8     
87132.462   8     
87165.795   8     
87199.128   8     
87232.461   8     
87265.794   8     
87299.127   8     
87332.460   8     
87365.793   8     
87399.126   8     
87432.459   8     
87465.792   8     
87499.125   8     
87532.458   8     
87565.791   8     
87599.124   8     
87632.457   8     
87665.790   8     
87699.123   8     
87732.456   8     
87765.789   8     
87799.122   8     
87832.455   8     
87865.788   8     
87899.121   8     
87932.454   8     
87965.787   8     
87999.120   8     
88032.453   8     
88065.786   8     
88099.119   8     
88132.452   8     
88165.785   8     
88199.118   8     
88232.451   8     
88265.784   8     
88299.117   8     
88332.450   8     
88365.783   8     
88399.116   8     
88432.449   8     
88465.782   8     
88499.115   8     
88532.448   8     
88565.781   8     
88599.114   8     
88632.447   8     
88665.780   8     
88699.113   8     
88732.446   8     
88765.779   8     
88799.112   8     
88832.445   8     
88865.778   8     
88899.111   8     
88932.444   8     
88965.777   8     
88999.110   8     
89032.443   8     
89065.776   8     
89099.109   8     
89132.442   8     
89165.775   8     
89199.108   8     
89232.441   8     
89265.774   8     
89299.107   8     
89332.440   8     
89365.773   8     
89399.106   8     
89432.439   8     
89465.772   8     
89499.105   8     
89532.438   8     
89565.771   8     
89599.104   8     
89632.437   8     
89665.770   8     
89699.103   8     
89732.436   8     
89765.769   8     
89799.102   8     
89832.435   8     
89865.768   8     
89899.101   8     
89932.434   8     
89965.767   8     
89999.100   8     
90032.433   8     
90065.766   8     
90099.099   8     
90132.432   8     
90165.765   8     
90199.098   8     
90232.431   8     
90265.764   8     
90299.097   8     
90332.430   8     
90365.763   8     
90399.096   8     
90432.429   8     
90465.762   8     
90499.095   8     
90532.428   8     
90565.761   8     
90599.094   8     
90632.427   8     
90665.760   8     
90699.093   8     
90732.426   8     
90765.759   8     
90799.092   8     
90832.425   8     
90865.758   8     
90899.091   8     
90932.424   8     
90965.757   8     
90999.090   8     
91032.423   8     
91065.756   8     
91099.089   8     
91132.422   8     
91165.755   8     
91199.088   8     
91232.421   8     
91265.754   8     
91299.087   8     
91332.420   8     
91365.753   8     
91399.086   8     
91432.419   8     
91465.752   8     
91499.085   8     
91532.418   8     
91565.751   8     
91599.084   8     
91632.417   8     
91665.750   8     
91699.083   8     
91732.416   8     
91765.749   8     
91799.082   8     
91832.415   8     
91865.748   8     
91899.081   8     
91932.414   8     
91965.747   8     
91999.080   8     
92032.413   8     
92065.746   8     
92099.079   8     
92132.412   8     
92165.745   8     
92199.078   8     
92232.411   8     
92265.744   8     
92299.077   8     
92332.410   8     
92365.743   8     
92399.076   8     
92432.409   8     
92465.742   8     
92499.075   8     
92532.408   8     
92565.741   8     
92599.074   8     
92632.407   8     
92665.740   8     
92699.073   8     
92732.406   8     
92765.739   8     
92799.072   8     
92832.405   8     
92865.738   8     
92899.071   8     
92932.404   8     
92965.737   8     
92999.070   8     
93032.403   8     
93065.736   8     
93099.069   8     
93132.402   8     
93165.735   8     
93199.068   8     
93232.401   8     
93265.734   8     
93299.067   8     
93332.400   8     
93365.733   8     
93399.066   8     
93432.399   8     
93465.732   8     
93499.065   8     
93532.398   8     
93565.731   8     
93599.064   8     
93632.397   8     
93665.730   8     
93699.063   8     
93732.396   8     
93765.729   8     
93799.062   8     
93832.395   8     
93865.728   8     
93899.061   8     
93932.394   8     
93965.727   8     
93999.060   8     
94032.393   8     
94065.726   8     
94099.059   8     
94132.392   8     
94165.725   8     
94199.058   8     
94232.391   8     
94265.724   8     
94299.057   8     
94332.390   8     
94365.723   8     
94399.056   8     
94432.389   8     
94465.722   8     
94499.055   8     
94532.388   8     
94565.721   8     
94599.054   8     
94632.387   8     
94665.720   8     
94699.053   8     
94732.386   8     
94765.719   3     
94799.052   3     
94832.385   3     
94865.718   3     
94899.051   3     
94932.384   3     
94965.717   3     
94999.050   3     
95032.383   3     
95065.716   3     
95099.049   3     
95132.382   3     
95165.715   3     
95199.048   3     
95232.381   3     
95265.714   3     
95299.047   3     
95332.380   3     
95365.713   3     
95399.046   3     
95432.379   3     
95465.712   3     
95499.045   3     
95532.378   3     
95565.711   3     
95599.044   3     
95632.377   3     
95665.710   3     
95699.043   3     
95732.376   3     
95765.709   3     
95799.042   3     
95832.375   3     
95865.708   3     
95899.041   3     
95932.374   3     
95965.707   3     
95999.040   3     
96032.373   3     
96065.706   3     
96099.039   3     
96132.372   3     
96165.705   3     
96199.038   3     
96232.371   3     
96265.704   3     
96299.037   3     
96332.370   3     
96365.703   3     
96399.036   3     
96432.369   3     
96465.702   3     
96499.035   3     
96532.368   3     
96565.701   3     
96599.034   3     
96632.367   3     
96665.700   3     
96699.033   3     
96732.366   3     
96765.699   3     
96799.032   3     
96832.365   3     
96865.698   3     
96899.031   3     
96932.364   3     
96965.697   3     
96999.030   3     
97032.363   3     
97065.696   3     
97099.029   3     
97132.362   3     
97165.695   3     
97199.028   3     
97232.361   3     
97265.694   3     
97299.027   3     
97332.360   3     
97365.693   3     
97399.026   3     
97432.359   3     
97465.692   3     
97499.025   3     
97532.358   3     
97565.691   3     
97599.024   3     
97632.357   3     
97665.690   3     
97699.023   3     
97732.356   3     
97765.689   3     
97799.022   3     
97832.355   3     
97865.688   3     
97899.021   3     
97932.354   3     
97965.687   3     
97999.020   3     
98032.353   3     
98065.686   3     
98099.019   3     
98132.352   3     
98165.685   3     
98199.018   3     
98232.351   3     
98265.684   3     
98299.017   3     
98332.350   3     
98365.683   3     
98399.016   3     
98432.349   3     
98465.682   3     
98499.015   3     
98532.348   3     
98565.681   3     
98599.014   3     
98632.347   3     
98665.680   3     
98699.013   3     
98732.346   3     
98765.679   3     
98799.012   3     
98832.345   3     
98865.678   3     
98899.011   3     
98932.344   3     
98965.677   3     
98999.010   3     
99032.343   3     
99065.676   3     
99099.009   3     
99132.342   3     
99165.675   3     
99199.008   3     
99232.341   3     
99265.674   3     
99299.007   3     
99332.340   3     
99365.673   3     
99399.006   3     
99432.339   3     
99465.672   3     
99499.005   3     
99532.338   3     
99565.671   3     
99599.004   3     
99632.337   3     
99665.670   3     
99699.003   3     
99732.336   3     
99765.669   3     
99799.002   3     
99832.335   3     
99865.668   3     
99899.001   3     
99932.334   3     
99965.667   3     
99999.000   3     
100032.333  3     
100065.666  3     
100098.999  3     
100132.332  3     
100165.665  3     
100198.998  3     
100232.331  3     
100265.664  3     
100298.997  3     
100332.330  3     
100365.663  3     
100398.996  3     
100432.329  3     
100465.662  3     
100498.995  3     
100532.328  3     
100565.661  3     
100598.994  3     
100632.327  3     
100665.660  3     
100698.993  3     
100732.326  3     
100765.659  3     
100798.992  3     
100832.325  3     
100865.658  3     
100898.991  3     
100932.324  3     
100965.657  3     
100998.990  3     
101032.323  3     
101065.656  3     
101098.989  3     
101132.322  3     
101165.655  3     
101198.988  3     
101232.321  3     
101265.654  3     
101298.987  3     
101332.320  3     
101365.653  3     
101398.986  3     
101432.319  3     
101465.652  3     
101498.985  3     
101532.318  5     
101565.651  5     
101598.984  5     
101632.317  5     
101665.650  5     
101698.983  5     
101732.316  5     
101765.649  5     
101798.982  5     
101832.315  5     
101865.648  5     
101898.981  5     
101932.314  5     
101965.647  5     
101998.980  5     
102032.313  5     
102065.646  5     
102098.979  5     
102132.312  5     
102165.645  5     
102198.978  5     
102232.311  5     
102265.644  5     
102298.977  5     
102332.310  5     
102365.643  5     
102398.976  5     
102432.309  5     
102465.642  5     
102498.975  5     
102532.308  5     
102565.641  5     
102598.974  5     
102632.307  5     
102665.640  5     
102698.973  5     
102732.306  5     
102765.639  5     
102798.972  5     
102832.305  5     
102865.638  5     
102898.971  5     
102932.304  5     
102965.637  5     
102998.970  5     
103032.303  5     
103065.636  5     
103098.969  5     
103132.302  5     
103165.635  5     
103198.968  5     
103232.301  5     
103265.634  5     
103298.967  5     
103332.300  5     
103365.633  5     
103398.966  5     
103432.299  5     
103465.632  5     
103498.965  5     
103532.298  5     
103565.631  5     
103598.964  5     
103632.297  5     
103665.630  5     
103698.963  5     
103732.296  5     
103765.629  5     
103798.962  5     
103832.295  5     
103865.628  5     
103898.961  5     
103932.294  5     
103965.627  5     
103998.960  5     
104032.293  5     
104065.626  5     
104098.959  5     
104132.292  5     
104165.625  5     
104198.958  5     
104232.291  5     
104265.624  5     
104298.957  5     
104332.290  5     
104365.623  5     
104398.956  5     
104432.289  5     
104465.622  5     
104498.955  5     
104532.288  5     
104565.621  5     
104598.954  5     
104632.287  5     
104665.620  5     
104698.953  5     
104732.286  5     
104765.619  5     
104798.952  5     
104832.285  5     
104865.618  5     
104898.951  5     
104932.284  5     
104965.617  5     
104998.950  5     
105032.283  5     
105065.616  5     
105098.949  5     
105132.282  5     
105165.615  5     
105198.948  5     
105232.281  5     
105265.614  5     
105298.947  5     
105332.280  5     
105365.613  5     
105398.946  5     
105432.279  5     
105465.612  5     
105498.945  5     
105532.278  5     
105565.611  5     
105598.944  5     
105632.277  5     
105665.610  5     
105698.943  5     
105732.276  5     
105765.609  5     
105798.942  5     
105832.275  5     
105865.608  5     
105898.941  5     
105932.274  5     
105965.607  5     
105998.940  5     
106032.273  5     
106065.606  5     
106098.939  5     
106132.272  5     
106165.605  5     
106198.938  7     
106232.271  7     
106265.604  7     
106298.937  7     
106332.270  7     
106365.603  7     
106398.936  7     
106432.269  7     
106465.602  7     
106498.935  7     
106532.268  7     
106565.601  7     
106598.934  7     
106632.267  7     
106665.600  7     
106698.933  7     
106732.266  7     
106765.599  7     
106798.932  7     
106832.265  7     
106865.598  7     
106898.931  7     
106932.264  7     
106965.597  7     
106998.930  7     
107032.263  7     
107065.596  7     
107098.929  7     
107132.262  7     
107165.595  7     
107198.928  7     
107232.261  7     
107265.594  7     
107298.927  7     
107332.260  7     
107365.593  7     
107398.926  7     
107432.259  7     
107465.592  7     
107498.925  7     
107532.258  7     
107565.591  7     
107598.924  7     
107632.257  7     
107665.590  7     
107698.923  7     
107732.256  7     
107765.589  7     
107798.922  7     
107832.255  7     
107865.588  7     
107898.921  7     
107932.254  7     
107965.587  7     
107998.920  7     
108032.253  7     
108065.586  7     
108098.919  7     
108132.252  7     
108165.585  7     
108198.918  7     
108232.251  7     
108265.584  7     
108298.917  7     
108332.250  7     
108365.583  7     
108398.916  7     
108432.249  7     
108465.582  7     
108498.915  7     
108532.248  7     
108565.581  7     
108598.914  7     
108632.247  7     
108665.580  7     
108698.913  7     
108732.246  7     
108765.579  7     
108798.912  7     
108832.245  7     
108865.578  7     
108898.911  7     
108932.244  7     
108965.577  7     
108998.910  7     
109032.243  7     
109065.576  7     
109098.909  7     
109132.242  7     
109165.575  7     
109198.908  7     
109232.241  7     
109265.574  7     
109298.907  7     
109332.240  7     
109365.573  7     
109398.906  7     
109432.239  7     
109465.572  7     
109498.905  7     
109532.238  7     
109565.571  7     
109598.904  7     
109632.237  7     
109665.570  7     
109698.903  7     
109732.236  7     
109765.569  7     
109798.902  7     
109832.235  7     
109865.568  7     
109898.901  7     
109932.234  7     
109965.567  7     
109998.900  7     
110032.233  7     
110065.566  7     
110098.899  7     
110132.232  7     
110165.565  7     
110198.898  7     
110232.231  7     
110265.564  7     
110298.897  7     
110332.230  7     
110365.563  7     
110398.896  7     
110432.229  7     
110465.562  7     
110498.895  7     
110532.228  7     
110565.561  7     
110598.894  7     
110632.227  7     
110665.560  7     
110698.893  7     
110732.226  7     
110765.559  7     
110798.892  7     
110832.225  7     
110865.558  7     
110898.891  7     
110932.224  7     
110965.557  7     
110998.890  7     
111032.223  7     
111065.556  7     
111098.889  7     
111132.222  7     
111165.555  7     
111198.888  7     
111232.221  7     
111265.554  7     
111298.887  7     
111332.220  7     
111365.553  7     
111398.886  7     
111432.219  7     
111465.552  7     
111498.885  7     
111532.218  7     
111565.551  7     
111598.884  7     
111632.217  7     
111665.550  7     
111698.883  7     
111732.216  7     
111765.549  7     
111798.882  7     
111832.215  7     
111865.548  7     
111898.881  7     
111932.214  7     
111965.547  7     
111998.880  7     
112032.213  7     
112065.546  7     
112098.879  7     
112132.212  7     
112165.545  7     
112198.878  7     
112232.211  7     
112265.544  7     
112298.877  7     
112332.210  7     
112365.543  7     
112398.876  7     
112432.209  7     
112465.542  7     
112498.875  7     
112532.208  7     
112565.541  7     
112598.874  7     
112632.207  7     
112665.540  7     
112698.873  7     
112732.206  7     
112765.539  7     
112798.872  7     
112832.205  7     
112865.538  7     
112898.871  7     
112932.204  7     
112965.537  7     
112998.870  7     
113032.203  7     
113065.536  7     
113098.869  7     
113132.202  7     
113165.535  7     
113198.868  7     
113232.201  7     
113265.534  7     
113298.867  7     
113332.200  7     
113365.533  7     
113398.866  7     
113432.199  7     
113465.532  7     
113498.865  7     
113532.198  7     
113565.531  7     
113598.864  7     
113632.197  7     
113665.530  7     
113698.863  7     
113732.196  7     
113765.529  7     
113798.862  7     
113832.195  7     
113865.528  7     
113898.861  7     
113932.194  7     
113965.527  7     
113998.860  7     
114032.193  7     
114065.526  7     
114098.859  7     
114132.192  7     
114165.525  7     
114198.858  7     
114232.191  7     
114265.524  7     
114298.857  7     
114332.190  7     
114365.523  7     
114398.856  7     
114432.189  7     
114465.522  7     
114498.855  7     
114532.188  7     
114565.521  7     
114598.854  7     
114632.187  7     
114665.520  7     
114698.853  7     
114732.186  7     
114765.519  7     
114798.852  7     
114832.185  7     
114865.518  7     
114898.851  7     
114932.184  7     
114965.517  7     
114998.850  7     
115032.183  7     
115065.516  7     
115098.849  7     
115132.182  7     
115165.515  7     
115198.848  7     
115232.181  8     
115265.514  8     
115298.847  8     
115332.180  8     
115365.513  8     
115398.846  8     
115432.179  8     
115465.512  8     
115498.845  8     
115532.178  8     
115565.511  8     
115598.844  8     
115632.177  8     
115665.510  8     
115698.843  8     
115732.176  8     
115765.509  8     
115798.842  8     
115832.175  8     
115865.508  8     
115898.841  8     
115932.174  8     
115965.507  8     
115998.840  8     
116032.173  8     
116065.506  8     
116098.839  8     
116132.172  8     
116165.505  8     
116198.838  8     
116232.171  8     
116265.504  8     
116298.837  8     
116332.170  8     
116365.503  8     
116398.836  8     
116432.169  8     
116465.502  8     
116498.835  8     
116532.168  8     
116565.501  8     
116598.834  8     
116632.167  8     
116665.500  8     
116698.833  8     
116732.166  8     
116765.499  8     
116798.832  8     
116832.165  8     
116865.498  8     
116898.831  8     
116932.164  8     
116965.497  8     
116998.830  8     
117032.163  8     
117065.496  8     
117098.829  8     
117132.162  8     
117165.495  8     
117198.828  8     
117232.161  8     
117265.494  8     
117298.827  8     
117332.160  8     
117365.493  8     
117398.826  8     
117432.159  8     
117465.492  8     
117498.825  8     
117532.158  8     
117565.491  8     
117598.824  8     
117632.157  8     
117665.490  8     
117698.823  8     
117732.156  8     
117765.489  8     
117798.822  8     
117832.155  8     
117865.488  8     
117898.821  8     
117932.154  8     
117965.487  8     
117998.820  8     
118032.153  8     
118065.486  8     
118098.819  8     
118132.152  8     
118165.485  8     
118198.818  8     
118232.151  8     
118265.484  8     
118298.817  8     
118332.150  8     
118365.483  8     
118398.816  8     
118432.149  8     
118465.482  8     
118498.815  8     
118532.148  8     
118565.481  8     
118598.814  8     
118632.147  8     
118665.480  8     
118698.813  8     
118732.146  8     
118765.479  8     
118798.812  8     
118832.145  8     
118865.478  8     
118898.811  8     
118932.144  8     
118965.477  8     
118998.810  8     
119032.143  8     
119065.476  8     
119098.809  8     
119132.142  8     
119165.475  8     
119198.808  8     
119232.141  8     
119265.474  8     
119298.807  8     
119332.140  8     
119365.473  8     
119398.806  8     
119432.139  8     
119465.472  8     
119498.805  8     
119532.138  8     
119565.471  8     
119598.804  8     
119632.137  8     
119665.470  8     
119698.803  8     
119732.136  8     
119765.469  8     
119798.802  8     
119832.135  8     
119865.468  8     
119898.801  8     
119932.134  8     
119965.467  8     
119998.800  8     
120032.133  8     
120065.466  8     
120098.799  8     
120132.132  8     
120165.465  8     
120198.798  8     
120232.131  8     
120265.464  8     
120298.797  8     
120332.130  8     
120365.463  8     
120398.796  8     
120432.129  8     
120465.462  8     
120498.795  8     
120532.128  8     
120565.461  8     
120598.794  8     
120632.127  8     
120665.460  8     
120698.793  8     
120732.126  8     
120765.459  8     
120798.792  8     
120832.125  8     
120865.458  8     
120898.791  8     
120932.124  8     
120965.457  8     
120998.790  8     
121032.123  8     
121065.456  8     
121098.789  8     
121132.122  8     
121165.455  8     
121198.788  8     
121232.121  8     
121265.454  8     
121298.787  8     
121332.120  8     
121365.453  8     
121398.786  8     
121432.119  8     
121465.452  8     
121498.785  8     
121532.118  8     
121565.451  8     
121598.784  8     
121632.117  3     
121665.450  3     
121698.783  3     
121732.116  3     
121765.449  3     
121798.782  3     
121832.115  3     
121865.448  3     
121898.781  3     
121932.114  3     
121965.447  3     
121998.780  3     
122032.113  3     
122065.446  3     
122098.779  3     
122132.112  3     
122165.445  3     
122198.778  3     
122232.111  3     
122265.444  3     
122298.777  3     
122332.110  3     
122365.443  3     
122398.776  3     
122432.109  3     
122465.442  3     
122498.775  3     
122532.108  3     
122565.441  3     
122598.774  3     
122632.107  3     
122665.440  3     
122698.773  3     
122732.106  3     
122765.439  3     
122798.772  3     
122832.105  3     
122865.438  3     
122898.771  3     
122932.104  3     
122965.437  3     
122998.770  3     
123032.103  3     
123065.436  3     
123098.769  3     
123132.102  3     
123165.435  3     
123198.768  3     
123232.101  3     
123265.434  3     
123298.767  3     
123332.100  3     
123365.433  3     
123398.766  3     
123432.099  3     
123465.432  3     
123498.765  3     
123532.098  3     
123565.431  3     
123598.764  3     
123632.097  3     
123665.430  3     
123698.763  3     
123732.096  3     
123765.429  3     
123798.762  3     
123832.095  3     
123865.428  3     
123898.761  3     
123932.094  3     
123965.427  3     
123998.760  3     
124032.093  3     
124065.426  3     
124098.759  3     
124132.092  3     
124165.425  3     
124198.758  3     
124232.091  3     
124265.424  3     
124298.757  3     
124332.090  3     
124365.423  3     
124398.756  3     
124432.089  3     
124465.422  3     
124498.755  3     
124532.088  3     
124565.421  3     
124598.754  3     
124632.087  3     
124665.420  3     
124698.753  3     
124732.086  3     
124765.419  3     
124798.752  3     
124832.085  3     
124865.418  3     
124898.751  3     
124932.084  3     
124965.417  3     
124998.750  3     
125032.083  3     
125065.416  3     
125098.749  3     
125132.082  3     
125165.415  3     
125198.748  3     
125232.081  3     
125265.414  3     
125298.747  3     
125332.080  3     
125365.413  3     
125398.746  3     
125432.079  3     
125465.412  3     
125498.745  3     
125532.078  3     
125565.411  3     
125598.744  3     
125632.077  3     
125665.410  3     
125698.743  3     
125732.076  3     
125765.409  3     
125798.742  3     
125832.075  3     
125865.408  3     
125898.741  3     
125932.074  3     
125965.407  3     
125998.740  3     
126032.073  3     
126065.406  3     
126098.739  3     
126132.072  3     
126165.405  3     
126198.738  3     
126232.071  3     
126265.404  3     
126298.737  3     
126332.070  3     
126365.403  3     
126398.736  3     
126432.069  3     
126465.402  3     
126498.735  3     
126532.068  3     
126565.401  3     
126598.734  3     
126632.067  3     
126665.400  3     
126698.733  3     
126732.066  3     
126765.399  3     
126798.732  3     
126832.065  3     
126865.398  3     
126898.731  3     
126932.064  3     
126965.397  3     
126998.730  3     
127032.063  3     
127065.396  3     
127098.729  6     
127132.062  6     
127165.395  6     
127198.728  6     
127232.061  6     
127265.394  6     
127298.727  6     
127332.060  6     
127365.393  6     
127398.726  6     
127432.059  6     
127465.392  6     
127498.725  6     
127532.058  6     
127565.391  6     
127598.724  6     
127632.057  6     
127665.390  6     
127698.723  6     
127732.056  6     
127765.389  6     
127798.722  6     
127832.055  6     
127865.388  6     
127898.721  6     
127932.054  6     
127965.387  6     
127998.720  6     
128032.053  6     
128065.386  6     
128098.719  6     
128132.052  6     
128165.385  6     
128198.718  6     
128232.051  6     
128265.384  6     
128298.717  6     
128332.050  6     
128365.383  6     
128398.716  6     
128432.049  6     
128465.382  6     
128498.715  6     
128532.048  6     
128565.381  6     
128598.714  6     
128632.047  6     
128665.380  6     
128698.713  6     
128732.046  6     
128765.379  6     
128798.712  6     
128832.045  6     
128865.378  6     
128898.711  6     
128932.044  6     
128965.377  6     
128998.710  6     
129032.043  6     
129065.376  6     
129098.709  6     
129132.042  6     
129165.375  6     
129198.708  6     
129232.041  6     
129265.374  6     
129298.707  6     
129332.040  6     
129365.373  6     
129398.706  6     
129432.039  6     
129465.372  6     
129498.705  7     
129532.038  7     
129565.371  7     
129598.704  7     
129632.037  7     
129665.370  7     
129698.703  7     
129732.036  7     
129765.369  7     
129798.702  7     
129832.035  7     
129865.368  7     
129898.701  7     
129932.034  7     
129965.367  7     
129998.700  7     
130032.033  7     
130065.366  7     
130098.699  7     
130132.032  7     
130165.365  7     
130198.698  7     
130232.031  7     
130265.364  7     
130298.697  7     
130332.030  7     
130365.363  7     
130398.696  7     
130432.029  7     
130465.362  7     
130498.695  7     
130532.028  7     
130565.361  7     
130598.694  7     
130632.027  7     
130665.360  7     
130698.693  7     
130732.026  7     
130765.359  7     
130798.692  7     
130832.025  7     
130865.358  7     
130898.691  7     
130932.024  7     
130965.357  7     
130998.690  7     
131032.023  7     
131065.356  7     
131098.689  7     
131132.022  7     
131165.355  7     
131198.688  7     
131232.021  7     
131265.354  7     
131298.687  7     
131332.020  7     
131365.353  7     
131398.686  7     
131432.019  7     
131465.352  7     
131498.685  7     
131532.018  7     
131565.351  7     
131598.684  7     
131632.017  7     
131665.350  7     
131698.683  7     
131732.016  7     
131765.349  7     
131798.682  7     
131832.015  7     
131865.348  7     
131898.681  7     
131932.014  7     
131965.347  7     
131998.680  7     
132032.013  7     
132065.346  7     
132098.679  7     
132132.012  7     
132165.345  7     
132198.678  7     
132232.011  7     
132265.344  7     
132298.677  7     
132332.010  7     
132365.343  7     
132398.676  7     
132432.009  7     
132465.342  7     
132498.675  7     
132532.008  7     
132565.341  7     
132598.674  7     
132632.007  7     
132665.340  7     
132698.673  7     
132732.006  7     
132765.339  7     
132798.672  7     
132832.005  7     
132865.338  7     
132898.671  7     
132932.004  7     
132965.337  7     
132998.670  7     
133032.003  7     
133065.336  7     
133098.669  7     
133132.002  7     
133165.335  7     
133198.668  7     
133232.001  7     
133265.334  7     
133298.667  7     
133332.000  7     
133365.333  7     
133398.666  7     
133431.999  7     
133465.332  7     
133498.665  7     
133531.998  7     
133565.331  7     
133598.664  7     
133631.997  7     
133665.330  7     
133698.663  7     
133731.996  7     
133765.329  7     
133798.662  7     
133831.995  7     
133865.328  7     
133898.661  7     
133931.994  7     
133965.327  7     
133998.660  7     
134031.993  7     
134065.326  7     
134098.659  7     
134131.992  7     
134165.325  7     
134198.658  7     
134231.991  7     
134265.324  7     
134298.657  7     
134331.990  7     
134365.323  7     
134398.656  7     
134431.989  7     
134465.322  7     
134498.655  7     
134531.988  7     
134565.321  7     
134598.654  7     
134631.987  7     
134665.320  7     
134698.653  7     
134731.986  7     
134765.319  7     
134798.652  7     
134831.985  7     
134865.318  7     
134898.651  7     
134931.984  7     
134965.317  7     
134998.650  7     
135031.983  7     
135065.316  7     
135098.649  7     
135131.982  7     
135165.315  7     
135198.648  7     
135231.981  7     
135265.314  7     
135298.647  7     
135331.980  7     
135365.313  7     
135398.646  7     
135431.979  7     
135465.312  7     
135498.645  7     
135531.978  7     
135565.311  7     
135598.644  7     
135631.977  7     
135665.310  7     
135698.643  7     
135731.976  7     
135765.309  7     
135798.642  7     
135831.975  7     
135865.308  7     
135898.641  7     
135931.974  7     
135965.307  7     
135998.640  7     
136031.973  7     
136065.306  7     
136098.639  7     
136131.972  7     
136165.305  7     
136198.638  7     
136231.971  7     
136265.304  7     
136298.637  7     
136331.970  7     
136365.303  7     
136398.636  8     
136431.969  8     
136465.302  8     
136498.635  8     
136531.968  8     
136565.301  8     
136598.634  8     
136631.967  8     
136665.300  8     
136698.633  8     
136731.966  8     
136765.299  8     
136798.632  8     
136831.965  8     
136865.298  8     
136898.631  8     
136931.964  8     
136965.297  8     
136998.630  8     
137031.963  8     
137065.296  8     
137098.629  8     
137131.962  8     
137165.295  8     
137198.628  8     
137231.961  8     
137265.294  8     
137298.627  8     
137331.960  8     
137365.293  8     
137398.626  8     
137431.959  8     
137465.292  8     
137498.625  8     
137531.958  8     
137565.291  8     
137598.624  8     
137631.957  8     
137665.290  8     
137698.623  8     
137731.956  8     
137765.289  8     
137798.622  8     
137831.955  8     
137865.288  8     
137898.621  8     
137931.954  8     
137965.287  8     
137998.620  8     
138031.953  8     
138065.286  8     
138098.619  8     
138131.952  8     
138165.285  8     
138198.618  8     
138231.951  8     
138265.284  8     
138298.617  8     
138331.950  8     
138365.283  8     
138398.616  8     
138431.949  8     
138465.282  8     
138498.615  8     
138531.948  8     
138565.281  8     
138598.614  8     
138631.947  8     
138665.280  8     
138698.613  8     
138731.946  8     
138765.279  8     
138798.612  8     
138831.945  8     
138865.278  8     
138898.611  8     
138931.944  8     
138965.277  8     
138998.610  8     
139031.943  8     
139065.276  8     
139098.609  8     
139131.942  8     
139165.275  8     
139198.608  8     
139231.941  8     
139265.274  8     
139298.607  8     
139331.940  8     
139365.273  8     
139398.606  8     
139431.939  8     
139465.272  8     
139498.605  8     
139531.938  8     
139565.271  8     
139598.604  8     
139631.937  8     
139665.270  8     
139698.603  8     
139731.936  8     
139765.269  8     
139798.602  8     
139831.935  8     
139865.268  8     
139898.601  8     
139931.934  8     
139965.267  8     
139998.600  8     
140031.933  8     
140065.266  8     
140098.599  8     
140131.932  8     
140165.265  8     
140198.598  8     
140231.931  8     
140265.264  8     
140298.597  8     
140331.930  8     
140365.263  8     
140398.596  8     
140431.929  8     
140465.262  8     
140498.595  8     
140531.928  8     
140565.261  8     
140598.594  8     
140631.927  8     
140665.260  8     
140698.593  8     
140731.926  8     
140765.259  8     
140798.592  8     
140831.925  8     
140865.258  8     
140898.591  8     
140931.924  8     
140965.257  8     
140998.590  8     
141031.923  8     
141065.256  8     
141098.589  8     
141131.922  8     
141165.255  8     
141198.588  8     
141231.921  8     
141265.254  8     
141298.587  8     
141331.920  8     
141365.253  8     
141398.586  8     
141431.919  8     
141465.252  8     
141498.585  8     
141531.918  8     
141565.251  9     
141598.584  9     
141631.917  9     
141665.250  9     
141698.583  9     
141731.916  9     
141765.249  9     
141798.582  9     
141831.915  9     
141865.248  9     
141898.581  9     
141931.914  9     
141965.247  9     
141998.580  9     
142031.913  9     
142065.246  9     
142098.579  9     
142131.912  9     
142165.245  9     
142198.578  9     
142231.911  9     
142265.244  9     
142298.577  9     
142331.910  9     
142365.243  9     
142398.576  9     
142431.909  9     
142465.242  9     
142498.575  9     
142531.908  9     
142565.241  9     
142598.574  9     
142631.907  9     
142665.240  9     
142698.573  9     
142731.906  9     
142765.239  9     
142798.572  9     
142831.905  9     
142865.238  9     
142898.571  9     
142931.904  9     
142965.237  9     
142998.570  9     
143031.903  9     
143065.236  9     
143098.569  9     
143131.902  9     
143165.235  9     
143198.568  9     
143231.901  9     
143265.234  9     
143298.567  9     
143331.900  9     
