Time (ms)   Label 
0.000       9     
33.333      9     
66.666      9     
99.999      9     
133.332     9     
166.665     9     
199.998     9     
233.331     9     
266.664     9     
299.997     9     
333.330     9     
366.663     9     
399.996     9     
433.329     9     
466.662     9     
499.995     9     
533.328     9     
566.661     9     
599.994     9     
633.327     9     
666.660     9     
699.993     9     
733.326     9     
766.659     9     
799.992     9     
833.325     9     
866.658     9     
899.991     9     
933.324     9     
966.657     9     
999.990     9     
1033.323    9     
1066.656    9     
1099.989    9     
1133.322    9     
1166.655    9     
1199.988    9     
1233.321    9     
1266.654    9     
1299.987    9     
1333.320    9     
1366.653    9     
1399.986    9     
1433.319    9     
1466.652    9     
1499.985    1     
1533.318    1     
1566.651    1     
1599.984    1     
1633.317    1     
1666.650    1     
1699.983    1     
1733.316    1     
1766.649    1     
1799.982    1     
1833.315    1     
1866.648    1     
1899.981    1     
1933.314    1     
1966.647    1     
1999.980    1     
2033.313    1     
2066.646    1     
2099.979    1     
2133.312    1     
2166.645    1     
2199.978    1     
2233.311    1     
2266.644    1     
2299.977    1     
2333.310    1     
2366.643    1     
2399.976    1     
2433.309    1     
2466.642    1     
2499.975    1     
2533.308    1     
2566.641    1     
2599.974    1     
2633.307    1     
2666.640    1     
2699.973    1     
2733.306    1     
2766.639    1     
2799.972    1     
2833.305    1     
2866.638    1     
2899.971    1     
2933.304    1     
2966.637    1     
2999.970    1     
3033.303    1     
3066.636    1     
3099.969    1     
3133.302    1     
3166.635    1     
3199.968    1     
3233.301    1     
3266.634    1     
3299.967    1     
3333.300    1     
3366.633    1     
3399.966    1     
3433.299    1     
3466.632    1     
3499.965    1     
3533.298    1     
3566.631    1     
3599.964    1     
3633.297    1     
3666.630    1     
3699.963    1     
3733.296    1     
3766.629    1     
3799.962    1     
3833.295    1     
3866.628    1     
3899.961    1     
3933.294    1     
3966.627    1     
3999.960    1     
4033.293    1     
4066.626    1     
4099.959    1     
4133.292    1     
4166.625    1     
4199.958    1     
4233.291    1     
4266.624    1     
4299.957    1     
4333.290    1     
4366.623    1     
4399.956    1     
4433.289    1     
4466.622    1     
4499.955    1     
4533.288    1     
4566.621    1     
4599.954    1     
4633.287    1     
4666.620    1     
4699.953    1     
4733.286    1     
4766.619    1     
4799.952    1     
4833.285    1     
4866.618    1     
4899.951    1     
4933.284    1     
4966.617    1     
4999.950    1     
5033.283    1     
5066.616    1     
5099.949    1     
5133.282    1     
5166.615    1     
5199.948    1     
5233.281    1     
5266.614    1     
5299.947    1     
5333.280    1     
5366.613    1     
5399.946    1     
5433.279    1     
5466.612    1     
5499.945    1     
5533.278    1     
5566.611    1     
5599.944    1     
5633.277    1     
5666.610    1     
5699.943    1     
5733.276    1     
5766.609    1     
5799.942    1     
5833.275    1     
5866.608    1     
5899.941    1     
5933.274    1     
5966.607    1     
5999.940    1     
6033.273    1     
6066.606    1     
6099.939    1     
6133.272    1     
6166.605    1     
6199.938    1     
6233.271    1     
6266.604    1     
6299.937    1     
6333.270    1     
6366.603    1     
6399.936    1     
6433.269    1     
6466.602    1     
6499.935    1     
6533.268    1     
6566.601    1     
6599.934    1     
6633.267    1     
6666.600    1     
6699.933    1     
6733.266    1     
6766.599    1     
6799.932    1     
6833.265    1     
6866.598    1     
6899.931    1     
6933.264    1     
6966.597    1     
6999.930    1     
7033.263    1     
7066.596    1     
7099.929    1     
7133.262    1     
7166.595    1     
7199.928    1     
7233.261    1     
7266.594    1     
7299.927    1     
7333.260    1     
7366.593    1     
7399.926    1     
7433.259    1     
7466.592    1     
7499.925    1     
7533.258    1     
7566.591    1     
7599.924    1     
7633.257    1     
7666.590    1     
7699.923    1     
7733.256    1     
7766.589    1     
7799.922    1     
7833.255    1     
7866.588    1     
7899.921    1     
7933.254    1     
7966.587    1     
7999.920    1     
8033.253    1     
8066.586    1     
8099.919    1     
8133.252    1     
8166.585    1     
8199.918    1     
8233.251    1     
8266.584    1     
8299.917    1     
8333.250    1     
8366.583    1     
8399.916    1     
8433.249    1     
8466.582    1     
8499.915    1     
8533.248    1     
8566.581    1     
8599.914    1     
8633.247    1     
8666.580    1     
8699.913    1     
8733.246    1     
8766.579    1     
8799.912    2     
8833.245    2     
8866.578    2     
8899.911    2     
8933.244    2     
8966.577    2     
8999.910    2     
9033.243    2     
9066.576    2     
9099.909    2     
9133.242    2     
9166.575    2     
9199.908    2     
9233.241    2     
9266.574    2     
9299.907    2     
9333.240    2     
9366.573    2     
9399.906    2     
9433.239    2     
9466.572    2     
9499.905    2     
9533.238    2     
9566.571    2     
9599.904    2     
9633.237    2     
9666.570    2     
9699.903    2     
9733.236    2     
9766.569    2     
9799.902    2     
9833.235    2     
9866.568    2     
9899.901    2     
9933.234    2     
9966.567    2     
9999.900    2     
10033.233   2     
10066.566   2     
10099.899   2     
10133.232   2     
10166.565   2     
10199.898   2     
10233.231   2     
10266.564   2     
10299.897   2     
10333.230   2     
10366.563   2     
10399.896   2     
10433.229   2     
10466.562   2     
10499.895   2     
10533.228   2     
10566.561   2     
10599.894   2     
10633.227   2     
10666.560   2     
10699.893   2     
10733.226   2     
10766.559   2     
10799.892   2     
10833.225   2     
10866.558   2     
10899.891   2     
10933.224   2     
10966.557   2     
10999.890   2     
11033.223   2     
11066.556   2     
11099.889   2     
11133.222   2     
11166.555   2     
11199.888   2     
11233.221   2     
11266.554   2     
11299.887   2     
11333.220   2     
11366.553   2     
11399.886   2     
11433.219   2     
11466.552   2     
11499.885   2     
11533.218   2     
11566.551   2     
11599.884   2     
11633.217   2     
11666.550   2     
11699.883   2     
11733.216   2     
11766.549   2     
11799.882   2     
11833.215   2     
11866.548   2     
11899.881   2     
11933.214   2     
11966.547   2     
11999.880   2     
12033.213   2     
12066.546   2     
12099.879   2     
12133.212   2     
12166.545   2     
12199.878   2     
12233.211   2     
12266.544   2     
12299.877   2     
12333.210   2     
12366.543   2     
12399.876   2     
12433.209   2     
12466.542   2     
12499.875   2     
12533.208   2     
12566.541   2     
12599.874   2     
12633.207   2     
12666.540   2     
12699.873   2     
12733.206   2     
12766.539   2     
12799.872   2     
12833.205   2     
12866.538   2     
12899.871   2     
12933.204   2     
12966.537   2     
12999.870   2     
13033.203   2     
13066.536   2     
13099.869   2     
13133.202   2     
13166.535   2     
13199.868   2     
13233.201   2     
13266.534   2     
13299.867   2     
13333.200   2     
13366.533   2     
13399.866   2     
13433.199   2     
13466.532   2     
13499.865   2     
13533.198   2     
13566.531   2     
13599.864   2     
13633.197   2     
13666.530   2     
13699.863   2     
13733.196   2     
13766.529   2     
13799.862   2     
13833.195   2     
13866.528   2     
13899.861   2     
13933.194   2     
13966.527   2     
13999.860   2     
14033.193   2     
14066.526   2     
14099.859   2     
14133.192   2     
14166.525   2     
14199.858   2     
14233.191   2     
14266.524   2     
14299.857   2     
14333.190   2     
14366.523   2     
14399.856   2     
14433.189   2     
14466.522   2     
14499.855   2     
14533.188   2     
14566.521   2     
14599.854   2     
14633.187   2     
14666.520   2     
14699.853   2     
14733.186   2     
14766.519   2     
14799.852   2     
14833.185   2     
14866.518   2     
14899.851   2     
14933.184   2     
14966.517   2     
14999.850   2     
15033.183   2     
15066.516   2     
15099.849   2     
15133.182   2     
15166.515   2     
15199.848   2     
15233.181   2     
15266.514   2     
15299.847   2     
15333.180   2     
15366.513   2     
15399.846   2     
15433.179   2     
15466.512   2     
15499.845   2     
15533.178   2     
15566.511   2     
15599.844   2     
15633.177   2     
15666.510   2     
15699.843   2     
15733.176   2     
15766.509   2     
15799.842   2     
15833.175   2     
15866.508   2     
15899.841   2     
15933.174   2     
15966.507   2     
15999.840   2     
16033.173   2     
16066.506   2     
16099.839   2     
16133.172   2     
16166.505   2     
16199.838   2     
16233.171   2     
16266.504   2     
16299.837   2     
16333.170   2     
16366.503   2     
16399.836   2     
16433.169   2     
16466.502   2     
16499.835   2     
16533.168   2     
16566.501   2     
16599.834   2     
16633.167   2     
16666.500   2     
16699.833   2     
16733.166   2     
16766.499   2     
16799.832   2     
16833.165   2     
16866.498   2     
16899.831   2     
16933.164   2     
16966.497   2     
16999.830   2     
17033.163   2     
17066.496   2     
17099.829   2     
17133.162   2     
17166.495   2     
17199.828   2     
17233.161   2     
17266.494   2     
17299.827   2     
17333.160   2     
17366.493   2     
17399.826   2     
17433.159   2     
17466.492   2     
17499.825   2     
17533.158   2     
17566.491   2     
17599.824   2     
17633.157   2     
17666.490   2     
17699.823   2     
17733.156   2     
17766.489   2     
17799.822   2     
17833.155   2     
17866.488   2     
17899.821   2     
17933.154   2     
17966.487   2     
17999.820   2     
18033.153   2     
18066.486   2     
18099.819   2     
18133.152   2     
18166.485   2     
18199.818   2     
18233.151   2     
18266.484   2     
18299.817   2     
18333.150   2     
18366.483   2     
18399.816   2     
18433.149   2     
18466.482   2     
18499.815   2     
18533.148   2     
18566.481   2     
18599.814   2     
18633.147   2     
18666.480   2     
18699.813   2     
18733.146   2     
18766.479   2     
18799.812   2     
18833.145   2     
18866.478   2     
18899.811   2     
18933.144   2     
18966.477   2     
18999.810   2     
19033.143   2     
19066.476   2     
19099.809   2     
19133.142   2     
19166.475   2     
19199.808   2     
19233.141   2     
19266.474   2     
19299.807   2     
19333.140   2     
19366.473   2     
19399.806   2     
19433.139   2     
19466.472   2     
19499.805   2     
19533.138   2     
19566.471   2     
19599.804   2     
19633.137   2     
19666.470   2     
19699.803   2     
19733.136   2     
19766.469   2     
19799.802   2     
19833.135   2     
19866.468   2     
19899.801   2     
19933.134   2     
19966.467   2     
19999.800   2     
20033.133   2     
20066.466   2     
20099.799   2     
20133.132   2     
20166.465   2     
20199.798   2     
20233.131   2     
20266.464   2     
20299.797   2     
20333.130   2     
20366.463   2     
20399.796   2     
20433.129   2     
20466.462   2     
20499.795   2     
20533.128   2     
20566.461   2     
20599.794   2     
20633.127   2     
20666.460   2     
20699.793   2     
20733.126   2     
20766.459   2     
20799.792   2     
20833.125   2     
20866.458   2     
20899.791   2     
20933.124   2     
20966.457   2     
20999.790   2     
21033.123   2     
21066.456   2     
21099.789   2     
21133.122   2     
21166.455   2     
21199.788   2     
21233.121   2     
21266.454   2     
21299.787   2     
21333.120   2     
21366.453   2     
21399.786   2     
21433.119   2     
21466.452   2     
21499.785   2     
21533.118   2     
21566.451   2     
21599.784   2     
21633.117   2     
21666.450   2     
21699.783   2     
21733.116   2     
21766.449   2     
21799.782   2     
21833.115   2     
21866.448   2     
21899.781   2     
21933.114   2     
21966.447   2     
21999.780   2     
22033.113   2     
22066.446   2     
22099.779   2     
22133.112   2     
22166.445   2     
22199.778   2     
22233.111   2     
22266.444   2     
22299.777   2     
22333.110   2     
22366.443   2     
22399.776   2     
22433.109   2     
22466.442   2     
22499.775   2     
22533.108   2     
22566.441   2     
22599.774   2     
22633.107   2     
22666.440   2     
22699.773   2     
22733.106   2     
22766.439   2     
22799.772   2     
22833.105   2     
22866.438   2     
22899.771   2     
22933.104   2     
22966.437   2     
22999.770   2     
23033.103   2     
23066.436   2     
23099.769   2     
23133.102   2     
23166.435   2     
23199.768   2     
23233.101   2     
23266.434   2     
23299.767   2     
23333.100   2     
23366.433   2     
23399.766   2     
23433.099   2     
23466.432   2     
23499.765   2     
23533.098   2     
23566.431   2     
23599.764   2     
23633.097   2     
23666.430   2     
23699.763   2     
23733.096   2     
23766.429   2     
23799.762   2     
23833.095   2     
23866.428   2     
23899.761   2     
23933.094   2     
23966.427   2     
23999.760   2     
24033.093   2     
24066.426   2     
24099.759   2     
24133.092   2     
24166.425   2     
24199.758   2     
24233.091   2     
24266.424   2     
24299.757   2     
24333.090   2     
24366.423   2     
24399.756   2     
24433.089   2     
24466.422   2     
24499.755   2     
24533.088   2     
24566.421   2     
24599.754   2     
24633.087   2     
24666.420   2     
24699.753   3     
24733.086   3     
24766.419   3     
24799.752   3     
24833.085   3     
24866.418   3     
24899.751   3     
24933.084   3     
24966.417   3     
24999.750   3     
25033.083   3     
25066.416   3     
25099.749   3     
25133.082   3     
25166.415   3     
25199.748   3     
25233.081   3     
25266.414   3     
25299.747   3     
25333.080   3     
25366.413   3     
25399.746   3     
25433.079   3     
25466.412   3     
25499.745   3     
25533.078   3     
25566.411   3     
25599.744   3     
25633.077   3     
25666.410   3     
25699.743   3     
25733.076   3     
25766.409   3     
25799.742   3     
25833.075   3     
25866.408   3     
25899.741   3     
25933.074   3     
25966.407   3     
25999.740   3     
26033.073   3     
26066.406   3     
26099.739   3     
26133.072   3     
26166.405   3     
26199.738   3     
26233.071   3     
26266.404   3     
26299.737   3     
26333.070   3     
26366.403   3     
26399.736   3     
26433.069   3     
26466.402   3     
26499.735   3     
26533.068   3     
26566.401   3     
26599.734   3     
26633.067   3     
26666.400   3     
26699.733   3     
26733.066   3     
26766.399   3     
26799.732   3     
26833.065   3     
26866.398   3     
26899.731   3     
26933.064   3     
26966.397   3     
26999.730   3     
27033.063   3     
27066.396   3     
27099.729   3     
27133.062   3     
27166.395   3     
27199.728   3     
27233.061   3     
27266.394   3     
27299.727   3     
27333.060   3     
27366.393   3     
27399.726   3     
27433.059   3     
27466.392   3     
27499.725   3     
27533.058   3     
27566.391   3     
27599.724   3     
27633.057   3     
27666.390   3     
27699.723   3     
27733.056   3     
27766.389   3     
27799.722   3     
27833.055   3     
27866.388   3     
27899.721   3     
27933.054   3     
27966.387   3     
27999.720   3     
28033.053   3     
28066.386   3     
28099.719   3     
28133.052   3     
28166.385   3     
28199.718   3     
28233.051   3     
28266.384   3     
28299.717   3     
28333.050   3     
28366.383   3     
28399.716   3     
28433.049   3     
28466.382   3     
28499.715   3     
28533.048   3     
28566.381   3     
28599.714   3     
28633.047   3     
28666.380   3     
28699.713   3     
28733.046   3     
28766.379   3     
28799.712   3     
28833.045   3     
28866.378   3     
28899.711   3     
28933.044   3     
28966.377   3     
28999.710   3     
29033.043   3     
29066.376   3     
29099.709   3     
29133.042   3     
29166.375   3     
29199.708   3     
29233.041   3     
29266.374   3     
29299.707   3     
29333.040   3     
29366.373   3     
29399.706   3     
29433.039   3     
29466.372   3     
29499.705   3     
29533.038   3     
29566.371   3     
29599.704   4     
29633.037   4     
29666.370   4     
29699.703   4     
29733.036   4     
29766.369   4     
29799.702   4     
29833.035   4     
29866.368   4     
29899.701   4     
29933.034   4     
29966.367   4     
29999.700   4     
30033.033   4     
30066.366   4     
30099.699   4     
30133.032   4     
30166.365   4     
30199.698   4     
30233.031   4     
30266.364   4     
30299.697   4     
30333.030   4     
30366.363   4     
30399.696   4     
30433.029   4     
30466.362   4     
30499.695   4     
30533.028   4     
30566.361   4     
30599.694   4     
30633.027   4     
30666.360   4     
30699.693   4     
30733.026   4     
30766.359   4     
30799.692   4     
30833.025   4     
30866.358   4     
30899.691   4     
30933.024   4     
30966.357   4     
30999.690   4     
31033.023   4     
31066.356   4     
31099.689   4     
31133.022   4     
31166.355   4     
31199.688   4     
31233.021   4     
31266.354   4     
31299.687   4     
31333.020   4     
31366.353   4     
31399.686   4     
31433.019   4     
31466.352   4     
31499.685   4     
31533.018   4     
31566.351   4     
31599.684   4     
31633.017   4     
31666.350   4     
31699.683   4     
31733.016   4     
31766.349   4     
31799.682   4     
31833.015   4     
31866.348   4     
31899.681   4     
31933.014   4     
31966.347   4     
31999.680   4     
32033.013   4     
32066.346   4     
32099.679   4     
32133.012   4     
32166.345   4     
32199.678   4     
32233.011   4     
32266.344   4     
32299.677   4     
32333.010   4     
32366.343   4     
32399.676   4     
32433.009   4     
32466.342   4     
32499.675   4     
32533.008   4     
32566.341   4     
32599.674   4     
32633.007   4     
32666.340   4     
32699.673   4     
32733.006   4     
32766.339   4     
32799.672   4     
32833.005   4     
32866.338   4     
32899.671   4     
32933.004   4     
32966.337   4     
32999.670   4     
33033.003   4     
33066.336   4     
33099.669   4     
33133.002   4     
33166.335   4     
33199.668   4     
33233.001   4     
33266.334   4     
33299.667   4     
33333.000   4     
33366.333   4     
33399.666   4     
33432.999   4     
33466.332   4     
33499.665   4     
33532.998   4     
33566.331   4     
33599.664   4     
33632.997   4     
33666.330   4     
33699.663   4     
33732.996   4     
33766.329   4     
33799.662   4     
33832.995   4     
33866.328   4     
33899.661   4     
33932.994   7     
33966.327   7     
33999.660   7     
34032.993   7     
34066.326   7     
34099.659   7     
34132.992   7     
34166.325   7     
34199.658   7     
34232.991   7     
34266.324   7     
34299.657   7     
34332.990   7     
34366.323   7     
34399.656   7     
34432.989   7     
34466.322   7     
34499.655   7     
34532.988   7     
34566.321   7     
34599.654   7     
34632.987   7     
34666.320   7     
34699.653   7     
34732.986   7     
34766.319   7     
34799.652   7     
34832.985   7     
34866.318   7     
34899.651   7     
34932.984   7     
34966.317   7     
34999.650   7     
35032.983   7     
35066.316   7     
35099.649   7     
35132.982   7     
35166.315   7     
35199.648   7     
35232.981   7     
35266.314   7     
35299.647   7     
35332.980   7     
35366.313   7     
35399.646   7     
35432.979   7     
35466.312   7     
35499.645   7     
35532.978   7     
35566.311   7     
35599.644   7     
35632.977   7     
35666.310   7     
35699.643   7     
35732.976   7     
35766.309   7     
35799.642   7     
35832.975   7     
35866.308   7     
35899.641   7     
35932.974   7     
35966.307   7     
35999.640   7     
36032.973   7     
36066.306   7     
36099.639   7     
36132.972   7     
36166.305   7     
36199.638   7     
36232.971   7     
36266.304   7     
36299.637   7     
36332.970   7     
36366.303   7     
36399.636   7     
36432.969   7     
36466.302   7     
36499.635   7     
36532.968   7     
36566.301   8     
36599.634   8     
36632.967   8     
36666.300   8     
36699.633   8     
36732.966   8     
36766.299   8     
36799.632   8     
36832.965   8     
36866.298   8     
36899.631   8     
36932.964   8     
36966.297   8     
36999.630   8     
37032.963   8     
37066.296   8     
37099.629   8     
37132.962   8     
37166.295   8     
37199.628   8     
37232.961   8     
37266.294   8     
37299.627   8     
37332.960   8     
37366.293   8     
37399.626   8     
37432.959   8     
37466.292   8     
37499.625   8     
37532.958   8     
37566.291   8     
37599.624   8     
37632.957   8     
37666.290   8     
37699.623   8     
37732.956   8     
37766.289   8     
37799.622   8     
37832.955   8     
37866.288   8     
37899.621   8     
37932.954   8     
37966.287   8     
37999.620   8     
38032.953   8     
38066.286   8     
38099.619   8     
38132.952   8     
38166.285   8     
38199.618   8     
38232.951   8     
38266.284   8     
38299.617   8     
38332.950   8     
38366.283   8     
38399.616   8     
38432.949   8     
38466.282   8     
38499.615   8     
38532.948   8     
38566.281   8     
38599.614   8     
38632.947   8     
38666.280   8     
38699.613   8     
38732.946   8     
38766.279   8     
38799.612   8     
38832.945   8     
38866.278   8     
38899.611   8     
38932.944   8     
38966.277   8     
38999.610   8     
39032.943   8     
39066.276   8     
39099.609   8     
39132.942   8     
39166.275   8     
39199.608   8     
39232.941   8     
39266.274   8     
39299.607   8     
39332.940   8     
39366.273   8     
39399.606   8     
39432.939   8     
39466.272   8     
39499.605   8     
39532.938   8     
39566.271   8     
39599.604   8     
39632.937   8     
39666.270   8     
39699.603   8     
39732.936   8     
39766.269   8     
39799.602   8     
39832.935   8     
39866.268   8     
39899.601   8     
39932.934   8     
39966.267   8     
39999.600   8     
40032.933   8     
40066.266   8     
40099.599   8     
40132.932   8     
40166.265   8     
40199.598   8     
40232.931   8     
40266.264   8     
40299.597   8     
40332.930   8     
40366.263   8     
40399.596   8     
40432.929   8     
40466.262   8     
40499.595   8     
40532.928   8     
40566.261   8     
40599.594   8     
40632.927   8     
40666.260   8     
40699.593   8     
40732.926   8     
40766.259   8     
40799.592   8     
40832.925   8     
40866.258   8     
40899.591   8     
40932.924   8     
40966.257   8     
40999.590   8     
41032.923   8     
41066.256   8     
41099.589   8     
41132.922   8     
41166.255   8     
41199.588   8     
41232.921   8     
41266.254   8     
41299.587   8     
41332.920   8     
41366.253   8     
41399.586   8     
41432.919   8     
41466.252   8     
41499.585   8     
41532.918   8     
41566.251   8     
41599.584   8     
41632.917   8     
41666.250   8     
41699.583   8     
41732.916   8     
41766.249   8     
41799.582   8     
41832.915   8     
41866.248   8     
41899.581   8     
41932.914   8     
41966.247   8     
41999.580   8     
42032.913   8     
42066.246   8     
42099.579   8     
42132.912   8     
42166.245   8     
42199.578   8     
42232.911   8     
42266.244   8     
42299.577   8     
42332.910   8     
42366.243   8     
42399.576   8     
42432.909   8     
42466.242   8     
42499.575   8     
42532.908   8     
42566.241   8     
42599.574   8     
42632.907   8     
42666.240   8     
42699.573   8     
42732.906   8     
42766.239   8     
42799.572   8     
42832.905   8     
42866.238   8     
42899.571   8     
42932.904   8     
42966.237   8     
42999.570   8     
43032.903   8     
43066.236   8     
43099.569   8     
43132.902   8     
43166.235   8     
43199.568   8     
43232.901   8     
43266.234   8     
43299.567   8     
43332.900   8     
43366.233   8     
43399.566   8     
43432.899   8     
43466.232   8     
43499.565   8     
43532.898   8     
43566.231   8     
43599.564   8     
43632.897   8     
43666.230   8     
43699.563   8     
43732.896   8     
43766.229   8     
43799.562   8     
43832.895   8     
43866.228   8     
43899.561   8     
43932.894   8     
43966.227   8     
43999.560   8     
44032.893   8     
44066.226   8     
44099.559   8     
44132.892   8     
44166.225   8     
44199.558   8     
44232.891   8     
44266.224   8     
44299.557   8     
44332.890   8     
44366.223   8     
44399.556   8     
44432.889   8     
44466.222   8     
44499.555   8     
44532.888   3     
44566.221   3     
44599.554   3     
44632.887   3     
44666.220   3     
44699.553   3     
44732.886   3     
44766.219   3     
44799.552   3     
44832.885   3     
44866.218   3     
44899.551   3     
44932.884   3     
44966.217   3     
44999.550   3     
45032.883   3     
45066.216   3     
45099.549   3     
45132.882   3     
45166.215   3     
45199.548   3     
45232.881   3     
45266.214   3     
45299.547   3     
45332.880   3     
45366.213   3     
45399.546   3     
45432.879   3     
45466.212   3     
45499.545   3     
45532.878   3     
45566.211   3     
45599.544   3     
45632.877   3     
45666.210   3     
45699.543   3     
45732.876   3     
45766.209   3     
45799.542   3     
45832.875   3     
45866.208   3     
45899.541   3     
45932.874   3     
45966.207   3     
45999.540   3     
46032.873   3     
46066.206   3     
46099.539   3     
46132.872   3     
46166.205   3     
46199.538   3     
46232.871   3     
46266.204   3     
46299.537   3     
46332.870   3     
46366.203   3     
46399.536   3     
46432.869   3     
46466.202   3     
46499.535   3     
46532.868   3     
46566.201   3     
46599.534   3     
46632.867   3     
46666.200   3     
46699.533   5     
46732.866   5     
46766.199   5     
46799.532   5     
46832.865   5     
46866.198   5     
46899.531   5     
46932.864   5     
46966.197   5     
46999.530   5     
47032.863   5     
47066.196   5     
47099.529   5     
47132.862   5     
47166.195   5     
47199.528   5     
47232.861   5     
47266.194   5     
47299.527   5     
47332.860   5     
47366.193   5     
47399.526   5     
47432.859   5     
47466.192   5     
47499.525   5     
47532.858   5     
47566.191   5     
47599.524   5     
47632.857   5     
47666.190   5     
47699.523   5     
47732.856   5     
47766.189   5     
47799.522   5     
47832.855   5     
47866.188   5     
47899.521   5     
47932.854   5     
47966.187   5     
47999.520   5     
48032.853   5     
48066.186   5     
48099.519   5     
48132.852   5     
48166.185   5     
48199.518   5     
48232.851   5     
48266.184   5     
48299.517   5     
48332.850   5     
48366.183   5     
48399.516   5     
48432.849   5     
48466.182   5     
48499.515   5     
48532.848   5     
48566.181   5     
48599.514   5     
48632.847   5     
48666.180   5     
48699.513   5     
48732.846   5     
48766.179   5     
48799.512   5     
48832.845   5     
48866.178   5     
48899.511   5     
48932.844   5     
48966.177   5     
48999.510   5     
49032.843   5     
49066.176   5     
49099.509   5     
49132.842   5     
49166.175   5     
49199.508   5     
49232.841   5     
49266.174   5     
49299.507   5     
49332.840   5     
49366.173   5     
49399.506   5     
49432.839   5     
49466.172   5     
49499.505   5     
49532.838   5     
49566.171   5     
49599.504   5     
49632.837   5     
49666.170   5     
49699.503   5     
49732.836   5     
49766.169   5     
49799.502   5     
49832.835   7     
49866.168   7     
49899.501   7     
49932.834   7     
49966.167   7     
49999.500   7     
50032.833   7     
50066.166   7     
50099.499   7     
50132.832   7     
50166.165   7     
50199.498   7     
50232.831   7     
50266.164   7     
50299.497   7     
50332.830   7     
50366.163   7     
50399.496   7     
50432.829   7     
50466.162   7     
50499.495   7     
50532.828   7     
50566.161   7     
50599.494   7     
50632.827   7     
50666.160   7     
50699.493   7     
50732.826   7     
50766.159   7     
50799.492   7     
50832.825   7     
50866.158   7     
50899.491   7     
50932.824   7     
50966.157   7     
50999.490   7     
51032.823   7     
51066.156   7     
51099.489   7     
51132.822   7     
51166.155   7     
51199.488   7     
51232.821   7     
51266.154   7     
51299.487   7     
51332.820   7     
51366.153   7     
51399.486   7     
51432.819   7     
51466.152   7     
51499.485   7     
51532.818   7     
51566.151   7     
51599.484   7     
51632.817   7     
51666.150   7     
51699.483   7     
51732.816   7     
51766.149   7     
51799.482   7     
51832.815   7     
51866.148   7     
51899.481   7     
51932.814   7     
51966.147   7     
51999.480   7     
52032.813   7     
52066.146   7     
52099.479   7     
52132.812   7     
52166.145   7     
52199.478   7     
52232.811   7     
52266.144   7     
52299.477   7     
52332.810   7     
52366.143   7     
52399.476   7     
52432.809   7     
52466.142   7     
52499.475   7     
52532.808   7     
52566.141   7     
52599.474   7     
52632.807   7     
52666.140   7     
52699.473   7     
52732.806   7     
52766.139   7     
52799.472   7     
52832.805   7     
52866.138   7     
52899.471   7     
52932.804   7     
52966.137   7     
52999.470   7     
53032.803   7     
53066.136   7     
53099.469   7     
53132.802   7     
53166.135   7     
53199.468   7     
53232.801   7     
53266.134   7     
53299.467   7     
53332.800   7     
53366.133   7     
53399.466   7     
53432.799   7     
53466.132   7     
53499.465   7     
53532.798   7     
53566.131   7     
53599.464   7     
53632.797   7     
53666.130   7     
53699.463   7     
53732.796   7     
53766.129   7     
53799.462   7     
53832.795   7     
53866.128   7     
53899.461   7     
53932.794   7     
53966.127   7     
53999.460   7     
54032.793   7     
54066.126   7     
54099.459   7     
54132.792   7     
54166.125   7     
54199.458   7     
54232.791   7     
54266.124   7     
54299.457   7     
54332.790   7     
54366.123   7     
54399.456   7     
54432.789   7     
54466.122   7     
54499.455   7     
54532.788   7     
54566.121   7     
54599.454   7     
54632.787   7     
54666.120   7     
54699.453   7     
54732.786   7     
54766.119   7     
54799.452   7     
54832.785   7     
54866.118   7     
54899.451   7     
54932.784   7     
54966.117   7     
54999.450   7     
55032.783   7     
55066.116   7     
55099.449   7     
55132.782   7     
55166.115   7     
55199.448   7     
55232.781   7     
55266.114   7     
55299.447   7     
55332.780   7     
55366.113   7     
55399.446   7     
55432.779   7     
55466.112   7     
55499.445   7     
55532.778   7     
55566.111   7     
55599.444   7     
55632.777   7     
55666.110   7     
55699.443   7     
55732.776   7     
55766.109   7     
55799.442   7     
55832.775   7     
55866.108   7     
55899.441   7     
55932.774   7     
55966.107   7     
55999.440   7     
56032.773   7     
56066.106   7     
56099.439   7     
56132.772   7     
56166.105   7     
56199.438   7     
56232.771   7     
56266.104   7     
56299.437   7     
56332.770   7     
56366.103   7     
56399.436   7     
56432.769   7     
56466.102   7     
56499.435   7     
56532.768   7     
56566.101   7     
56599.434   7     
56632.767   7     
56666.100   7     
56699.433   7     
56732.766   7     
56766.099   7     
56799.432   7     
56832.765   7     
56866.098   7     
56899.431   7     
56932.764   7     
56966.097   7     
56999.430   7     
57032.763   7     
57066.096   7     
57099.429   7     
57132.762   7     
57166.095   7     
57199.428   7     
57232.761   7     
57266.094   7     
57299.427   7     
57332.760   7     
57366.093   7     
57399.426   7     
57432.759   7     
57466.092   7     
57499.425   7     
57532.758   7     
57566.091   7     
57599.424   7     
57632.757   7     
57666.090   7     
57699.423   7     
57732.756   7     
57766.089   7     
57799.422   7     
57832.755   7     
57866.088   7     
57899.421   7     
57932.754   7     
57966.087   7     
57999.420   7     
58032.753   7     
58066.086   7     
58099.419   7     
58132.752   7     
58166.085   7     
58199.418   7     
58232.751   7     
58266.084   7     
58299.417   7     
58332.750   7     
58366.083   7     
58399.416   7     
58432.749   7     
58466.082   7     
58499.415   7     
58532.748   7     
58566.081   7     
58599.414   7     
58632.747   7     
58666.080   7     
58699.413   7     
58732.746   7     
58766.079   7     
58799.412   7     
58832.745   7     
58866.078   7     
58899.411   7     
58932.744   7     
58966.077   7     
58999.410   7     
59032.743   7     
59066.076   7     
59099.409   7     
59132.742   7     
59166.075   7     
59199.408   7     
59232.741   7     
59266.074   7     
59299.407   7     
59332.740   7     
59366.073   7     
59399.406   7     
59432.739   7     
59466.072   7     
59499.405   7     
59532.738   7     
59566.071   7     
59599.404   7     
59632.737   7     
59666.070   7     
59699.403   7     
59732.736   7     
59766.069   7     
59799.402   7     
59832.735   7     
59866.068   7     
59899.401   7     
59932.734   7     
59966.067   7     
59999.400   7     
60032.733   7     
60066.066   7     
60099.399   7     
60132.732   7     
60166.065   7     
60199.398   7     
60232.731   7     
60266.064   7     
60299.397   7     
60332.730   7     
60366.063   7     
60399.396   7     
60432.729   7     
60466.062   7     
60499.395   7     
60532.728   7     
60566.061   7     
60599.394   7     
60632.727   7     
60666.060   7     
60699.393   7     
60732.726   7     
60766.059   7     
60799.392   7     
60832.725   7     
60866.058   7     
60899.391   7     
60932.724   7     
60966.057   7     
60999.390   7     
61032.723   7     
61066.056   7     
61099.389   7     
61132.722   7     
61166.055   7     
61199.388   7     
61232.721   7     
61266.054   7     
61299.387   7     
61332.720   7     
61366.053   7     
61399.386   7     
61432.719   7     
61466.052   7     
61499.385   7     
61532.718   7     
61566.051   7     
61599.384   7     
61632.717   7     
61666.050   7     
61699.383   7     
61732.716   7     
61766.049   7     
61799.382   7     
61832.715   7     
61866.048   7     
61899.381   7     
61932.714   7     
61966.047   7     
61999.380   7     
62032.713   7     
62066.046   7     
62099.379   7     
62132.712   7     
62166.045   7     
62199.378   7     
62232.711   7     
62266.044   7     
62299.377   7     
62332.710   7     
62366.043   7     
62399.376   7     
62432.709   7     
62466.042   7     
62499.375   7     
62532.708   7     
62566.041   7     
62599.374   7     
62632.707   7     
62666.040   7     
62699.373   7     
62732.706   7     
62766.039   7     
62799.372   7     
62832.705   7     
62866.038   7     
62899.371   7     
62932.704   7     
62966.037   7     
62999.370   7     
63032.703   7     
63066.036   7     
63099.369   7     
63132.702   7     
63166.035   7     
63199.368   7     
63232.701   7     
63266.034   7     
63299.367   7     
63332.700   7     
63366.033   7     
63399.366   7     
63432.699   7     
63466.032   7     
63499.365   7     
63532.698   7     
63566.031   7     
63599.364   7     
63632.697   7     
63666.030   7     
63699.363   7     
63732.696   7     
63766.029   7     
63799.362   7     
63832.695   7     
63866.028   7     
63899.361   7     
63932.694   7     
63966.027   7     
63999.360   7     
64032.693   7     
64066.026   7     
64099.359   7     
64132.692   7     
64166.025   7     
64199.358   7     
64232.691   7     
64266.024   7     
64299.357   8     
64332.690   8     
64366.023   8     
64399.356   8     
64432.689   8     
64466.022   8     
64499.355   8     
64532.688   8     
64566.021   8     
64599.354   8     
64632.687   8     
64666.020   8     
64699.353   8     
64732.686   8     
64766.019   8     
64799.352   8     
64832.685   8     
64866.018   8     
64899.351   8     
64932.684   8     
64966.017   8     
64999.350   8     
65032.683   8     
65066.016   8     
65099.349   8     
65132.682   8     
65166.015   8     
65199.348   8     
65232.681   8     
65266.014   8     
65299.347   8     
65332.680   8     
65366.013   8     
65399.346   8     
65432.679   8     
65466.012   8     
65499.345   8     
65532.678   8     
65566.011   8     
65599.344   8     
65632.677   8     
65666.010   8     
65699.343   8     
65732.676   8     
65766.009   8     
65799.342   8     
65832.675   8     
65866.008   8     
65899.341   8     
65932.674   8     
65966.007   8     
65999.340   8     
66032.673   8     
66066.006   8     
66099.339   8     
66132.672   8     
66166.005   8     
66199.338   8     
66232.671   8     
66266.004   8     
66299.337   8     
66332.670   8     
66366.003   8     
66399.336   8     
66432.669   8     
66466.002   8     
66499.335   8     
66532.668   8     
66566.001   8     
66599.334   8     
66632.667   8     
66666.000   8     
66699.333   8     
66732.666   8     
66765.999   8     
66799.332   8     
66832.665   8     
66865.998   8     
66899.331   8     
66932.664   8     
66965.997   8     
66999.330   8     
67032.663   8     
67065.996   8     
67099.329   8     
67132.662   8     
67165.995   8     
67199.328   8     
67232.661   8     
67265.994   8     
67299.327   8     
67332.660   8     
67365.993   8     
67399.326   8     
67432.659   8     
67465.992   8     
67499.325   8     
67532.658   8     
67565.991   8     
67599.324   8     
67632.657   8     
67665.990   8     
67699.323   8     
67732.656   8     
67765.989   8     
67799.322   8     
67832.655   8     
67865.988   8     
67899.321   8     
67932.654   8     
67965.987   8     
67999.320   8     
68032.653   8     
68065.986   8     
68099.319   8     
68132.652   8     
68165.985   8     
68199.318   8     
68232.651   8     
68265.984   8     
68299.317   8     
68332.650   8     
68365.983   8     
68399.316   8     
68432.649   8     
68465.982   8     
68499.315   8     
68532.648   8     
68565.981   8     
68599.314   8     
68632.647   8     
68665.980   8     
68699.313   8     
68732.646   8     
68765.979   8     
68799.312   8     
68832.645   8     
68865.978   8     
68899.311   8     
68932.644   8     
68965.977   8     
68999.310   8     
69032.643   8     
69065.976   8     
69099.309   8     
69132.642   8     
69165.975   8     
69199.308   8     
69232.641   8     
69265.974   8     
69299.307   8     
69332.640   8     
69365.973   8     
69399.306   8     
69432.639   8     
69465.972   8     
69499.305   8     
69532.638   8     
69565.971   8     
69599.304   8     
69632.637   8     
69665.970   8     
69699.303   8     
69732.636   8     
69765.969   8     
69799.302   8     
69832.635   8     
69865.968   8     
69899.301   8     
69932.634   8     
69965.967   8     
69999.300   8     
70032.633   8     
70065.966   8     
70099.299   8     
70132.632   8     
70165.965   8     
70199.298   8     
70232.631   8     
70265.964   8     
70299.297   8     
70332.630   8     
70365.963   8     
70399.296   8     
70432.629   8     
70465.962   8     
70499.295   8     
70532.628   8     
70565.961   8     
70599.294   8     
70632.627   8     
70665.960   8     
70699.293   8     
70732.626   8     
70765.959   8     
70799.292   8     
70832.625   8     
70865.958   8     
70899.291   8     
70932.624   8     
70965.957   8     
70999.290   3     
71032.623   3     
71065.956   3     
71099.289   3     
71132.622   3     
71165.955   3     
71199.288   3     
71232.621   3     
71265.954   3     
71299.287   3     
71332.620   3     
71365.953   3     
71399.286   3     
71432.619   3     
71465.952   3     
71499.285   3     
71532.618   3     
71565.951   3     
71599.284   3     
71632.617   3     
71665.950   3     
71699.283   3     
71732.616   3     
71765.949   3     
71799.282   3     
71832.615   3     
71865.948   3     
71899.281   3     
71932.614   3     
71965.947   3     
71999.280   3     
72032.613   3     
72065.946   3     
72099.279   3     
72132.612   3     
72165.945   3     
72199.278   3     
72232.611   3     
72265.944   3     
72299.277   3     
72332.610   3     
72365.943   3     
72399.276   3     
72432.609   3     
72465.942   3     
72499.275   3     
72532.608   3     
72565.941   3     
72599.274   3     
72632.607   3     
72665.940   3     
72699.273   3     
72732.606   3     
72765.939   3     
72799.272   3     
72832.605   3     
72865.938   3     
72899.271   3     
72932.604   3     
72965.937   3     
72999.270   3     
73032.603   3     
73065.936   3     
73099.269   3     
73132.602   3     
73165.935   3     
73199.268   3     
73232.601   3     
73265.934   3     
73299.267   3     
73332.600   3     
73365.933   3     
73399.266   3     
73432.599   3     
73465.932   3     
73499.265   3     
73532.598   3     
73565.931   3     
73599.264   3     
73632.597   3     
73665.930   3     
73699.263   3     
73732.596   3     
73765.929   3     
73799.262   3     
73832.595   3     
73865.928   3     
73899.261   3     
73932.594   3     
73965.927   3     
73999.260   3     
74032.593   3     
74065.926   3     
74099.259   3     
74132.592   3     
74165.925   3     
74199.258   3     
74232.591   3     
74265.924   3     
74299.257   3     
74332.590   3     
74365.923   3     
74399.256   3     
74432.589   3     
74465.922   3     
74499.255   3     
74532.588   3     
74565.921   3     
74599.254   3     
74632.587   3     
74665.920   3     
74699.253   3     
74732.586   3     
74765.919   3     
74799.252   3     
74832.585   3     
74865.918   3     
74899.251   3     
74932.584   3     
74965.917   3     
74999.250   3     
75032.583   3     
75065.916   3     
75099.249   3     
75132.582   3     
75165.915   3     
75199.248   3     
75232.581   3     
75265.914   3     
75299.247   3     
75332.580   3     
75365.913   3     
75399.246   3     
75432.579   3     
75465.912   3     
75499.245   3     
75532.578   3     
75565.911   3     
75599.244   3     
75632.577   3     
75665.910   5     
75699.243   5     
75732.576   5     
75765.909   5     
75799.242   5     
75832.575   5     
75865.908   5     
75899.241   5     
75932.574   5     
75965.907   5     
75999.240   5     
76032.573   5     
76065.906   5     
76099.239   5     
76132.572   5     
76165.905   5     
76199.238   5     
76232.571   5     
76265.904   5     
76299.237   5     
76332.570   5     
76365.903   5     
76399.236   5     
76432.569   5     
76465.902   5     
76499.235   5     
76532.568   5     
76565.901   5     
76599.234   5     
76632.567   5     
76665.900   5     
76699.233   5     
76732.566   5     
76765.899   5     
76799.232   5     
76832.565   5     
76865.898   5     
76899.231   5     
76932.564   5     
76965.897   5     
76999.230   5     
77032.563   5     
77065.896   5     
77099.229   5     
77132.562   5     
77165.895   5     
77199.228   5     
77232.561   5     
77265.894   5     
77299.227   5     
77332.560   5     
77365.893   5     
77399.226   5     
77432.559   5     
77465.892   5     
77499.225   5     
77532.558   5     
77565.891   5     
77599.224   5     
77632.557   5     
77665.890   5     
77699.223   5     
77732.556   5     
77765.889   5     
77799.222   5     
77832.555   5     
77865.888   5     
77899.221   5     
77932.554   5     
77965.887   5     
77999.220   5     
78032.553   5     
78065.886   5     
78099.219   5     
78132.552   5     
78165.885   5     
78199.218   5     
78232.551   5     
78265.884   5     
78299.217   5     
78332.550   5     
78365.883   5     
78399.216   5     
78432.549   5     
78465.882   5     
78499.215   5     
78532.548   5     
78565.881   5     
78599.214   5     
78632.547   5     
78665.880   5     
78699.213   5     
78732.546   5     
78765.879   5     
78799.212   5     
78832.545   5     
78865.878   5     
78899.211   5     
78932.544   5     
78965.877   5     
78999.210   5     
79032.543   5     
79065.876   5     
79099.209   5     
79132.542   5     
79165.875   5     
79199.208   5     
79232.541   5     
79265.874   5     
79299.207   5     
79332.540   5     
79365.873   5     
79399.206   5     
79432.539   5     
79465.872   5     
79499.205   5     
79532.538   5     
79565.871   5     
79599.204   5     
79632.537   5     
79665.870   5     
79699.203   5     
79732.536   5     
79765.869   5     
79799.202   5     
79832.535   5     
79865.868   5     
79899.201   5     
79932.534   5     
79965.867   5     
79999.200   5     
80032.533   5     
80065.866   5     
80099.199   5     
80132.532   5     
80165.865   5     
80199.198   5     
80232.531   5     
80265.864   5     
80299.197   5     
80332.530   5     
80365.863   5     
80399.196   5     
80432.529   5     
80465.862   5     
80499.195   5     
80532.528   5     
80565.861   5     
80599.194   5     
80632.527   5     
80665.860   5     
80699.193   5     
80732.526   5     
80765.859   5     
80799.192   5     
80832.525   5     
80865.858   5     
80899.191   5     
80932.524   5     
80965.857   5     
80999.190   5     
81032.523   5     
81065.856   7     
81099.189   7     
81132.522   7     
81165.855   7     
81199.188   7     
81232.521   7     
81265.854   7     
81299.187   7     
81332.520   7     
81365.853   7     
81399.186   7     
81432.519   7     
81465.852   7     
81499.185   7     
81532.518   7     
81565.851   7     
81599.184   7     
81632.517   7     
81665.850   7     
81699.183   7     
81732.516   7     
81765.849   7     
81799.182   7     
81832.515   7     
81865.848   7     
81899.181   7     
81932.514   7     
81965.847   7     
81999.180   7     
82032.513   7     
82065.846   7     
82099.179   7     
82132.512   7     
82165.845   7     
82199.178   7     
82232.511   7     
82265.844   7     
82299.177   7     
82332.510   7     
82365.843   7     
82399.176   7     
82432.509   7     
82465.842   7     
82499.175   7     
82532.508   7     
82565.841   7     
82599.174   7     
82632.507   7     
82665.840   7     
82699.173   7     
82732.506   7     
82765.839   7     
82799.172   7     
82832.505   7     
82865.838   7     
82899.171   7     
82932.504   7     
82965.837   7     
82999.170   7     
83032.503   7     
83065.836   7     
83099.169   7     
83132.502   7     
83165.835   7     
83199.168   7     
83232.501   7     
83265.834   7     
83299.167   7     
83332.500   7     
83365.833   7     
83399.166   7     
83432.499   7     
83465.832   7     
83499.165   7     
83532.498   7     
83565.831   7     
83599.164   7     
83632.497   7     
83665.830   7     
83699.163   7     
83732.496   7     
83765.829   7     
83799.162   7     
83832.495   7     
83865.828   7     
83899.161   7     
83932.494   7     
83965.827   7     
83999.160   7     
84032.493   7     
84065.826   7     
84099.159   7     
84132.492   7     
84165.825   7     
84199.158   7     
84232.491   7     
84265.824   7     
84299.157   7     
84332.490   7     
84365.823   7     
84399.156   7     
84432.489   7     
84465.822   7     
84499.155   7     
84532.488   7     
84565.821   7     
84599.154   7     
84632.487   7     
84665.820   7     
84699.153   7     
84732.486   7     
84765.819   7     
84799.152   7     
84832.485   7     
84865.818   7     
84899.151   7     
84932.484   7     
84965.817   7     
84999.150   7     
85032.483   7     
85065.816   7     
85099.149   7     
85132.482   7     
85165.815   7     
85199.148   7     
85232.481   7     
85265.814   7     
85299.147   7     
85332.480   7     
85365.813   7     
85399.146   7     
85432.479   8     
85465.812   8     
85499.145   8     
85532.478   8     
85565.811   8     
85599.144   8     
85632.477   8     
85665.810   8     
85699.143   8     
85732.476   8     
85765.809   8     
85799.142   8     
85832.475   8     
85865.808   8     
85899.141   8     
85932.474   8     
85965.807   8     
85999.140   8     
86032.473   8     
86065.806   8     
86099.139   8     
86132.472   8     
86165.805   8     
86199.138   8     
86232.471   8     
86265.804   8     
86299.137   8     
86332.470   8     
86365.803   8     
86399.136   8     
86432.469   8     
86465.802   8     
86499.135   8     
86532.468   8     
86565.801   8     
86599.134   8     
86632.467   8     
86665.800   8     
86699.133   8     
86732.466   8     
86765.799   8     
86799.132   8     
86832.465   8     
86865.798   8     
86899.131   8     
86932.464   8     
86965.797   8     
86999.130   8     
87032.463   8     
87065.796   8     
87099.129   8     
87132.462   8     
87165.795   8     
87199.128   8     
87232.461   8     
87265.794   8     
87299.127   8     
87332.460   8     
87365.793   8     
87399.126   8     
87432.459   8     
87465.792   8     
87499.125   8     
87532.458   8     
87565.791   8     
87599.124   8     
87632.457   8     
87665.790   8     
87699.123   8     
87732.456   8     
87765.789   8     
87799.122   8     
87832.455   8     
87865.788   8     
87899.121   8     
87932.454   8     
87965.787   8     
87999.120   8     
88032.453   8     
88065.786   8     
88099.119   8     
88132.452   8     
88165.785   8     
88199.118   8     
88232.451   8     
88265.784   8     
88299.117   8     
88332.450   8     
88365.783   8     
88399.116   8     
88432.449   8     
88465.782   8     
88499.115   8     
88532.448   8     
88565.781   8     
88599.114   8     
88632.447   8     
88665.780   8     
88699.113   8     
88732.446   8     
88765.779   8     
88799.112   8     
88832.445   8     
88865.778   8     
88899.111   8     
88932.444   8     
88965.777   8     
88999.110   8     
89032.443   8     
89065.776   8     
89099.109   8     
89132.442   8     
89165.775   3     
89199.108   3     
89232.441   3     
89265.774   3     
89299.107   3     
89332.440   3     
89365.773   3     
89399.106   3     
89432.439   3     
89465.772   3     
89499.105   3     
89532.438   3     
89565.771   3     
89599.104   3     
89632.437   3     
89665.770   3     
89699.103   3     
89732.436   3     
89765.769   3     
89799.102   3     
89832.435   3     
89865.768   3     
89899.101   3     
89932.434   3     
89965.767   3     
89999.100   3     
90032.433   3     
90065.766   3     
90099.099   3     
90132.432   3     
90165.765   3     
90199.098   3     
90232.431   3     
90265.764   3     
90299.097   3     
90332.430   3     
90365.763   3     
90399.096   3     
90432.429   3     
90465.762   3     
90499.095   3     
90532.428   3     
90565.761   3     
90599.094   3     
90632.427   3     
90665.760   3     
90699.093   3     
90732.426   3     
90765.759   3     
90799.092   3     
90832.425   3     
90865.758   3     
90899.091   3     
90932.424   3     
90965.757   3     
90999.090   3     
91032.423   3     
91065.756   3     
91099.089   3     
91132.422   3     
91165.755   3     
91199.088   3     
91232.421   6     
91265.754   6     
91299.087   6     
91332.420   6     
91365.753   6     
91399.086   6     
91432.419   6     
91465.752   6     
91499.085   6     
91532.418   6     
91565.751   6     
91599.084   6     
91632.417   6     
91665.750   6     
91699.083   6     
91732.416   6     
91765.749   6     
91799.082   6     
91832.415   6     
91865.748   6     
91899.081   6     
91932.414   6     
91965.747   6     
91999.080   6     
92032.413   6     
92065.746   6     
92099.079   6     
92132.412   6     
92165.745   6     
92199.078   6     
92232.411   6     
92265.744   6     
92299.077   6     
92332.410   6     
92365.743   6     
92399.076   6     
92432.409   6     
92465.742   6     
92499.075   6     
92532.408   6     
92565.741   6     
92599.074   6     
92632.407   6     
92665.740   6     
92699.073   6     
92732.406   6     
92765.739   6     
92799.072   6     
92832.405   6     
92865.738   6     
92899.071   6     
92932.404   6     
92965.737   6     
92999.070   6     
93032.403   6     
93065.736   6     
93099.069   6     
93132.402   6     
93165.735   6     
93199.068   6     
93232.401   6     
93265.734   6     
93299.067   6     
93332.400   6     
93365.733   6     
93399.066   6     
93432.399   6     
93465.732   6     
93499.065   6     
93532.398   6     
93565.731   6     
93599.064   6     
93632.397   6     
93665.730   6     
93699.063   7     
93732.396   7     
93765.729   7     
93799.062   7     
93832.395   7     
93865.728   7     
93899.061   7     
93932.394   7     
93965.727   7     
93999.060   7     
94032.393   7     
94065.726   7     
94099.059   7     
94132.392   7     
94165.725   7     
94199.058   7     
94232.391   7     
94265.724   7     
94299.057   7     
94332.390   7     
94365.723   7     
94399.056   7     
94432.389   7     
94465.722   7     
94499.055   7     
94532.388   7     
94565.721   7     
94599.054   7     
94632.387   7     
94665.720   7     
94699.053   7     
94732.386   7     
94765.719   7     
94799.052   7     
94832.385   7     
94865.718   7     
94899.051   7     
94932.384   7     
94965.717   7     
94999.050   7     
95032.383   7     
95065.716   7     
95099.049   7     
95132.382   7     
95165.715   7     
95199.048   7     
95232.381   7     
95265.714   7     
95299.047   7     
95332.380   7     
95365.713   7     
95399.046   7     
95432.379   7     
95465.712   7     
95499.045   7     
95532.378   7     
95565.711   7     
95599.044   7     
95632.377   7     
95665.710   7     
95699.043   7     
95732.376   7     
95765.709   7     
95799.042   7     
95832.375   7     
95865.708   7     
95899.041   7     
95932.374   7     
95965.707   7     
95999.040   7     
96032.373   7     
96065.706   7     
96099.039   7     
96132.372   7     
96165.705   7     
96199.038   7     
96232.371   7     
96265.704   7     
96299.037   7     
96332.370   7     
96365.703   7     
96399.036   7     
96432.369   7     
96465.702   7     
96499.035   7     
96532.368   7     
96565.701   7     
96599.034   7     
96632.367   7     
96665.700   7     
96699.033   7     
96732.366   7     
96765.699   7     
96799.032   7     
96832.365   7     
96865.698   7     
96899.031   7     
96932.364   7     
96965.697   7     
96999.030   7     
97032.363   7     
97065.696   7     
97099.029   7     
97132.362   7     
97165.695   7     
97199.028   7     
97232.361   7     
97265.694   7     
97299.027   7     
97332.360   7     
97365.693   7     
97399.026   7     
97432.359   7     
97465.692   7     
97499.025   7     
97532.358   7     
97565.691   7     
97599.024   7     
97632.357   7     
97665.690   7     
97699.023   7     
97732.356   7     
97765.689   7     
97799.022   7     
97832.355   7     
97865.688   7     
97899.021   7     
97932.354   7     
97965.687   7     
97999.020   7     
98032.353   7     
98065.686   7     
98099.019   7     
98132.352   7     
98165.685   7     
98199.018   7     
98232.351   7     
98265.684   7     
98299.017   7     
98332.350   7     
98365.683   7     
98399.016   7     
98432.349   7     
98465.682   7     
98499.015   7     
98532.348   7     
98565.681   7     
98599.014   7     
98632.347   7     
98665.680   7     
98699.013   7     
98732.346   7     
98765.679   7     
98799.012   7     
98832.345   7     
98865.678   7     
98899.011   7     
98932.344   7     
98965.677   7     
98999.010   7     
99032.343   7     
99065.676   7     
99099.009   7     
99132.342   7     
99165.675   7     
99199.008   7     
99232.341   7     
99265.674   7     
99299.007   7     
99332.340   7     
99365.673   7     
99399.006   7     
99432.339   7     
99465.672   7     
99499.005   7     
99532.338   7     
99565.671   7     
99599.004   7     
99632.337   7     
99665.670   7     
99699.003   7     
99732.336   7     
99765.669   7     
99799.002   7     
99832.335   7     
99865.668   7     
99899.001   7     
99932.334   7     
99965.667   7     
99999.000   7     
100032.333  7     
100065.666  7     
100098.999  7     
100132.332  7     
100165.665  7     
100198.998  7     
100232.331  7     
100265.664  7     
100298.997  7     
100332.330  7     
100365.663  7     
100398.996  7     
100432.329  7     
100465.662  7     
100498.995  7     
100532.328  7     
100565.661  7     
100598.994  7     
100632.327  7     
100665.660  7     
100698.993  7     
100732.326  7     
100765.659  7     
100798.992  7     
100832.325  7     
100865.658  7     
100898.991  7     
100932.324  7     
100965.657  7     
100998.990  7     
101032.323  7     
101065.656  7     
101098.989  7     
101132.322  7     
101165.655  7     
101198.988  7     
101232.321  7     
101265.654  7     
101298.987  7     
101332.320  7     
101365.653  7     
101398.986  7     
101432.319  7     
101465.652  7     
101498.985  7     
101532.318  7     
101565.651  7     
101598.984  7     
101632.317  7     
101665.650  7     
101698.983  7     
101732.316  7     
101765.649  7     
101798.982  7     
101832.315  7     
101865.648  7     
101898.981  7     
101932.314  7     
101965.647  7     
101998.980  7     
102032.313  7     
102065.646  7     
102098.979  7     
102132.312  7     
102165.645  7     
102198.978  7     
102232.311  7     
102265.644  7     
102298.977  7     
102332.310  7     
102365.643  7     
102398.976  7     
102432.309  7     
102465.642  7     
102498.975  7     
102532.308  7     
102565.641  7     
102598.974  7     
102632.307  7     
102665.640  7     
102698.973  7     
102732.306  7     
102765.639  7     
102798.972  7     
102832.305  7     
102865.638  7     
102898.971  7     
102932.304  7     
102965.637  7     
102998.970  7     
103032.303  7     
103065.636  7     
103098.969  7     
103132.302  7     
103165.635  7     
103198.968  7     
103232.301  7     
103265.634  7     
103298.967  7     
103332.300  7     
103365.633  7     
103398.966  7     
103432.299  7     
103465.632  7     
103498.965  7     
103532.298  7     
103565.631  7     
103598.964  7     
103632.297  7     
103665.630  7     
103698.963  8     
103732.296  8     
103765.629  8     
103798.962  8     
103832.295  8     
103865.628  8     
103898.961  8     
103932.294  8     
103965.627  8     
103998.960  8     
104032.293  8     
104065.626  8     
104098.959  8     
104132.292  8     
104165.625  8     
104198.958  8     
104232.291  8     
104265.624  8     
104298.957  8     
104332.290  8     
104365.623  8     
104398.956  8     
104432.289  8     
104465.622  8     
104498.955  8     
104532.288  8     
104565.621  8     
104598.954  8     
104632.287  8     
104665.620  8     
104698.953  8     
104732.286  8     
104765.619  8     
104798.952  8     
104832.285  8     
104865.618  8     
104898.951  8     
104932.284  8     
104965.617  8     
104998.950  8     
105032.283  8     
105065.616  8     
105098.949  8     
105132.282  8     
105165.615  8     
105198.948  8     
105232.281  8     
105265.614  9     
105298.947  9     
105332.280  9     
105365.613  9     
105398.946  9     
105432.279  9     
105465.612  9     
105498.945  9     
105532.278  9     
105565.611  9     
105598.944  9     
105632.277  9     
105665.610  9     
105698.943  9     
105732.276  9     
105765.609  9     
105798.942  9     
105832.275  9     
105865.608  9     
105898.941  9     
105932.274  9     
105965.607  9     
105998.940  9     
106032.273  9     
106065.606  9     
106098.939  9     
106132.272  9     
106165.605  9     
106198.938  9     
106232.271  9     
106265.604  9     
106298.937  9     
106332.270  9     
106365.603  9     
106398.936  9     
106432.269  9     
106465.602  9     
106498.935  9     
106532.268  9     
106565.601  9     
106598.934  9     
106632.267  9     
106665.600  9     
106698.933  9     
106732.266  9     
106765.599  9     
106798.932  9     
106832.265  9     
106865.598  9     
106898.931  9     
106932.264  9     
106965.597  9     
106998.930  9     
107032.263  9     
107065.596  9     
107098.929  9     
107132.262  9     
107165.595  9     
107198.928  9     
107232.261  9     
107265.594  9     
107298.927  9     
107332.260  9     
107365.593  9     
107398.926  9     
107432.259  9     
107465.592  9     
107498.925  9     
107532.258  9     
107565.591  9     
107598.924  9     
107632.257  9     
107665.590  9     
107698.923  9     
107732.256  9     
107765.589  9     
107798.922  9     
