Time (ms)   Label 
0.000       9     
33.333      9     
66.666      9     
99.999      9     
133.332     9     
166.665     9     
199.998     9     
233.331     9     
266.664     9     
299.997     9     
333.330     9     
366.663     9     
399.996     9     
433.329     9     
466.662     9     
499.995     9     
533.328     9     
566.661     9     
599.994     9     
633.327     9     
666.660     9     
699.993     9     
733.326     9     
766.659     9     
799.992     9     
833.325     9     
866.658     9     
899.991     9     
933.324     9     
966.657     9     
999.990     9     
1033.323    9     
1066.656    9     
1099.989    1     
1133.322    1     
1166.655    1     
1199.988    1     
1233.321    1     
1266.654    1     
1299.987    1     
1333.320    1     
1366.653    1     
1399.986    1     
1433.319    1     
1466.652    1     
1499.985    1     
1533.318    1     
1566.651    1     
1599.984    1     
1633.317    1     
1666.650    1     
1699.983    1     
1733.316    1     
1766.649    1     
1799.982    1     
1833.315    1     
1866.648    1     
1899.981    1     
1933.314    1     
1966.647    1     
1999.980    1     
2033.313    1     
2066.646    1     
2099.979    1     
2133.312    1     
2166.645    1     
2199.978    1     
2233.311    1     
2266.644    1     
2299.977    1     
2333.310    1     
2366.643    1     
2399.976    1     
2433.309    1     
2466.642    1     
2499.975    1     
2533.308    1     
2566.641    1     
2599.974    1     
2633.307    1     
2666.640    1     
2699.973    1     
2733.306    1     
2766.639    1     
2799.972    1     
2833.305    1     
2866.638    1     
2899.971    1     
2933.304    1     
2966.637    1     
2999.970    1     
3033.303    1     
3066.636    1     
3099.969    1     
3133.302    1     
3166.635    1     
3199.968    1     
3233.301    1     
3266.634    1     
3299.967    1     
3333.300    1     
3366.633    1     
3399.966    1     
3433.299    1     
3466.632    1     
3499.965    1     
3533.298    1     
3566.631    1     
3599.964    1     
3633.297    1     
3666.630    1     
3699.963    1     
3733.296    1     
3766.629    1     
3799.962    1     
3833.295    1     
3866.628    1     
3899.961    1     
3933.294    1     
3966.627    1     
3999.960    1     
4033.293    1     
4066.626    1     
4099.959    1     
4133.292    1     
4166.625    1     
4199.958    1     
4233.291    1     
4266.624    1     
4299.957    1     
4333.290    1     
4366.623    1     
4399.956    1     
4433.289    1     
4466.622    1     
4499.955    1     
4533.288    1     
4566.621    1     
4599.954    1     
4633.287    1     
4666.620    1     
4699.953    1     
4733.286    1     
4766.619    1     
4799.952    1     
4833.285    1     
4866.618    1     
4899.951    1     
4933.284    1     
4966.617    1     
4999.950    1     
5033.283    1     
5066.616    1     
5099.949    1     
5133.282    1     
5166.615    1     
5199.948    1     
5233.281    1     
5266.614    1     
5299.947    1     
5333.280    1     
5366.613    1     
5399.946    1     
5433.279    1     
5466.612    1     
5499.945    1     
5533.278    1     
5566.611    1     
5599.944    1     
5633.277    1     
5666.610    1     
5699.943    1     
5733.276    1     
5766.609    1     
5799.942    1     
5833.275    1     
5866.608    1     
5899.941    1     
5933.274    1     
5966.607    1     
5999.940    1     
6033.273    1     
6066.606    1     
6099.939    1     
6133.272    1     
6166.605    1     
6199.938    1     
6233.271    1     
6266.604    1     
6299.937    1     
6333.270    1     
6366.603    1     
6399.936    1     
6433.269    1     
6466.602    1     
6499.935    1     
6533.268    1     
6566.601    1     
6599.934    1     
6633.267    1     
6666.600    1     
6699.933    1     
6733.266    1     
6766.599    1     
6799.932    1     
6833.265    1     
6866.598    1     
6899.931    1     
6933.264    1     
6966.597    1     
6999.930    1     
7033.263    1     
7066.596    1     
7099.929    1     
7133.262    1     
7166.595    1     
7199.928    1     
7233.261    1     
7266.594    1     
7299.927    1     
7333.260    1     
7366.593    1     
7399.926    1     
7433.259    1     
7466.592    1     
7499.925    1     
7533.258    1     
7566.591    1     
7599.924    1     
7633.257    1     
7666.590    1     
7699.923    1     
7733.256    1     
7766.589    1     
7799.922    1     
7833.255    1     
7866.588    1     
7899.921    1     
7933.254    1     
7966.587    1     
7999.920    1     
8033.253    1     
8066.586    1     
8099.919    1     
8133.252    1     
8166.585    1     
8199.918    1     
8233.251    1     
8266.584    1     
8299.917    1     
8333.250    1     
8366.583    1     
8399.916    1     
8433.249    1     
8466.582    1     
8499.915    1     
8533.248    1     
8566.581    1     
8599.914    1     
8633.247    1     
8666.580    1     
8699.913    1     
8733.246    1     
8766.579    1     
8799.912    1     
8833.245    1     
8866.578    1     
8899.911    1     
8933.244    1     
8966.577    1     
8999.910    1     
9033.243    1     
9066.576    1     
9099.909    1     
9133.242    1     
9166.575    1     
9199.908    1     
9233.241    1     
9266.574    1     
9299.907    1     
9333.240    1     
9366.573    1     
9399.906    1     
9433.239    1     
9466.572    1     
9499.905    1     
9533.238    1     
9566.571    1     
9599.904    1     
9633.237    1     
9666.570    2     
9699.903    2     
9733.236    2     
9766.569    2     
9799.902    2     
9833.235    2     
9866.568    2     
9899.901    2     
9933.234    2     
9966.567    2     
9999.900    2     
10033.233   2     
10066.566   2     
10099.899   2     
10133.232   2     
10166.565   2     
10199.898   2     
10233.231   2     
10266.564   2     
10299.897   2     
10333.230   2     
10366.563   2     
10399.896   2     
10433.229   2     
10466.562   2     
10499.895   2     
10533.228   2     
10566.561   2     
10599.894   2     
10633.227   2     
10666.560   2     
10699.893   2     
10733.226   2     
10766.559   2     
10799.892   2     
10833.225   2     
10866.558   2     
10899.891   2     
10933.224   2     
10966.557   2     
10999.890   2     
11033.223   2     
11066.556   2     
11099.889   2     
11133.222   2     
11166.555   2     
11199.888   2     
11233.221   2     
11266.554   2     
11299.887   2     
11333.220   2     
11366.553   2     
11399.886   2     
11433.219   2     
11466.552   2     
11499.885   2     
11533.218   2     
11566.551   2     
11599.884   2     
11633.217   2     
11666.550   2     
11699.883   2     
11733.216   2     
11766.549   2     
11799.882   2     
11833.215   2     
11866.548   2     
11899.881   2     
11933.214   2     
11966.547   2     
11999.880   2     
12033.213   2     
12066.546   2     
12099.879   2     
12133.212   2     
12166.545   2     
12199.878   2     
12233.211   2     
12266.544   2     
12299.877   2     
12333.210   2     
12366.543   2     
12399.876   2     
12433.209   2     
12466.542   2     
12499.875   2     
12533.208   2     
12566.541   2     
12599.874   2     
12633.207   2     
12666.540   2     
12699.873   2     
12733.206   2     
12766.539   2     
12799.872   2     
12833.205   2     
12866.538   2     
12899.871   2     
12933.204   2     
12966.537   2     
12999.870   2     
13033.203   2     
13066.536   2     
13099.869   2     
13133.202   2     
13166.535   2     
13199.868   2     
13233.201   2     
13266.534   2     
13299.867   2     
13333.200   2     
13366.533   2     
13399.866   2     
13433.199   2     
13466.532   2     
13499.865   2     
13533.198   2     
13566.531   2     
13599.864   2     
13633.197   2     
13666.530   2     
13699.863   2     
13733.196   2     
13766.529   2     
13799.862   2     
13833.195   2     
13866.528   2     
13899.861   2     
13933.194   2     
13966.527   2     
13999.860   2     
14033.193   2     
14066.526   2     
14099.859   2     
14133.192   2     
14166.525   2     
14199.858   2     
14233.191   2     
14266.524   2     
14299.857   2     
14333.190   2     
14366.523   2     
14399.856   2     
14433.189   2     
14466.522   2     
14499.855   2     
14533.188   2     
14566.521   2     
14599.854   2     
14633.187   2     
14666.520   2     
14699.853   2     
14733.186   2     
14766.519   2     
14799.852   2     
14833.185   2     
14866.518   2     
14899.851   2     
14933.184   2     
14966.517   2     
14999.850   2     
15033.183   2     
15066.516   2     
15099.849   2     
15133.182   2     
15166.515   2     
15199.848   2     
15233.181   2     
15266.514   2     
15299.847   2     
15333.180   2     
15366.513   2     
15399.846   2     
15433.179   2     
15466.512   2     
15499.845   2     
15533.178   2     
15566.511   2     
15599.844   2     
15633.177   2     
15666.510   2     
15699.843   2     
15733.176   2     
15766.509   2     
15799.842   2     
15833.175   2     
15866.508   2     
15899.841   2     
15933.174   2     
15966.507   2     
15999.840   2     
16033.173   2     
16066.506   2     
16099.839   2     
16133.172   2     
16166.505   2     
16199.838   2     
16233.171   2     
16266.504   2     
16299.837   2     
16333.170   2     
16366.503   2     
16399.836   2     
16433.169   2     
16466.502   2     
16499.835   2     
16533.168   2     
16566.501   2     
16599.834   2     
16633.167   2     
16666.500   2     
16699.833   2     
16733.166   2     
16766.499   2     
16799.832   2     
16833.165   2     
16866.498   2     
16899.831   2     
16933.164   2     
16966.497   2     
16999.830   2     
17033.163   2     
17066.496   2     
17099.829   2     
17133.162   2     
17166.495   2     
17199.828   2     
17233.161   2     
17266.494   2     
17299.827   2     
17333.160   2     
17366.493   2     
17399.826   2     
17433.159   2     
17466.492   2     
17499.825   2     
17533.158   2     
17566.491   2     
17599.824   2     
17633.157   2     
17666.490   2     
17699.823   2     
17733.156   2     
17766.489   2     
17799.822   2     
17833.155   2     
17866.488   2     
17899.821   2     
17933.154   2     
17966.487   2     
17999.820   2     
18033.153   2     
18066.486   2     
18099.819   2     
18133.152   2     
18166.485   2     
18199.818   2     
18233.151   2     
18266.484   2     
18299.817   2     
18333.150   2     
18366.483   2     
18399.816   2     
18433.149   2     
18466.482   2     
18499.815   2     
18533.148   2     
18566.481   2     
18599.814   2     
18633.147   2     
18666.480   2     
18699.813   2     
18733.146   2     
18766.479   2     
18799.812   2     
18833.145   2     
18866.478   2     
18899.811   2     
18933.144   2     
18966.477   2     
18999.810   2     
19033.143   2     
19066.476   2     
19099.809   2     
19133.142   2     
19166.475   2     
19199.808   2     
19233.141   2     
19266.474   2     
19299.807   2     
19333.140   2     
19366.473   2     
19399.806   2     
19433.139   2     
19466.472   2     
19499.805   2     
19533.138   2     
19566.471   2     
19599.804   2     
19633.137   2     
19666.470   2     
19699.803   2     
19733.136   2     
19766.469   2     
19799.802   2     
19833.135   2     
19866.468   2     
19899.801   2     
19933.134   2     
19966.467   2     
19999.800   2     
20033.133   2     
20066.466   2     
20099.799   2     
20133.132   2     
20166.465   2     
20199.798   2     
20233.131   2     
20266.464   2     
20299.797   2     
20333.130   2     
20366.463   2     
20399.796   2     
20433.129   2     
20466.462   2     
20499.795   2     
20533.128   2     
20566.461   2     
20599.794   2     
20633.127   2     
20666.460   2     
20699.793   2     
20733.126   2     
20766.459   2     
20799.792   2     
20833.125   2     
20866.458   2     
20899.791   2     
20933.124   2     
20966.457   2     
20999.790   2     
21033.123   2     
21066.456   2     
21099.789   2     
21133.122   2     
21166.455   2     
21199.788   2     
21233.121   2     
21266.454   2     
21299.787   2     
21333.120   2     
21366.453   2     
21399.786   2     
21433.119   2     
21466.452   2     
21499.785   2     
21533.118   2     
21566.451   2     
21599.784   2     
21633.117   2     
21666.450   2     
21699.783   2     
21733.116   2     
21766.449   2     
21799.782   2     
21833.115   2     
21866.448   2     
21899.781   2     
21933.114   2     
21966.447   2     
21999.780   3     
22033.113   3     
22066.446   3     
22099.779   3     
22133.112   3     
22166.445   3     
22199.778   3     
22233.111   3     
22266.444   3     
22299.777   3     
22333.110   3     
22366.443   3     
22399.776   3     
22433.109   3     
22466.442   3     
22499.775   3     
22533.108   3     
22566.441   3     
22599.774   3     
22633.107   3     
22666.440   3     
22699.773   3     
22733.106   3     
22766.439   3     
22799.772   3     
22833.105   3     
22866.438   3     
22899.771   3     
22933.104   3     
22966.437   3     
22999.770   3     
23033.103   3     
23066.436   3     
23099.769   3     
23133.102   3     
23166.435   3     
23199.768   3     
23233.101   3     
23266.434   3     
23299.767   4     
23333.100   4     
23366.433   4     
23399.766   4     
23433.099   4     
23466.432   4     
23499.765   4     
23533.098   4     
23566.431   4     
23599.764   4     
23633.097   4     
23666.430   4     
23699.763   4     
23733.096   4     
23766.429   4     
23799.762   4     
23833.095   4     
23866.428   4     
23899.761   4     
23933.094   4     
23966.427   4     
23999.760   4     
24033.093   4     
24066.426   4     
24099.759   4     
24133.092   4     
24166.425   4     
24199.758   4     
24233.091   4     
24266.424   4     
24299.757   4     
24333.090   4     
24366.423   4     
24399.756   4     
24433.089   4     
24466.422   4     
24499.755   4     
24533.088   4     
24566.421   4     
24599.754   4     
24633.087   4     
24666.420   4     
24699.753   4     
24733.086   4     
24766.419   4     
24799.752   4     
24833.085   4     
24866.418   4     
24899.751   4     
24933.084   4     
24966.417   4     
24999.750   4     
25033.083   4     
25066.416   4     
25099.749   4     
25133.082   4     
25166.415   4     
25199.748   4     
25233.081   4     
25266.414   4     
25299.747   4     
25333.080   4     
25366.413   4     
25399.746   4     
25433.079   4     
25466.412   4     
25499.745   4     
25533.078   4     
25566.411   4     
25599.744   4     
25633.077   4     
25666.410   4     
25699.743   4     
25733.076   4     
25766.409   4     
25799.742   4     
25833.075   4     
25866.408   4     
25899.741   4     
25933.074   4     
25966.407   4     
25999.740   4     
26033.073   4     
26066.406   4     
26099.739   4     
26133.072   4     
26166.405   4     
26199.738   4     
26233.071   4     
26266.404   4     
26299.737   4     
26333.070   4     
26366.403   4     
26399.736   4     
26433.069   4     
26466.402   4     
26499.735   4     
26533.068   4     
26566.401   4     
26599.734   4     
26633.067   4     
26666.400   4     
26699.733   4     
26733.066   4     
26766.399   4     
26799.732   4     
26833.065   4     
26866.398   4     
26899.731   4     
26933.064   4     
26966.397   4     
26999.730   4     
27033.063   4     
27066.396   4     
27099.729   4     
27133.062   4     
27166.395   4     
27199.728   4     
27233.061   4     
27266.394   4     
27299.727   4     
27333.060   4     
27366.393   4     
27399.726   4     
27433.059   4     
27466.392   4     
27499.725   4     
27533.058   4     
27566.391   4     
27599.724   7     
27633.057   7     
27666.390   7     
27699.723   7     
27733.056   7     
27766.389   7     
27799.722   7     
27833.055   7     
27866.388   7     
27899.721   7     
27933.054   7     
27966.387   7     
27999.720   7     
28033.053   7     
28066.386   7     
28099.719   7     
28133.052   7     
28166.385   7     
28199.718   7     
28233.051   7     
28266.384   7     
28299.717   7     
28333.050   7     
28366.383   7     
28399.716   7     
28433.049   7     
28466.382   7     
28499.715   7     
28533.048   7     
28566.381   7     
28599.714   7     
28633.047   7     
28666.380   7     
28699.713   7     
28733.046   7     
28766.379   7     
28799.712   7     
28833.045   7     
28866.378   7     
28899.711   7     
28933.044   7     
28966.377   7     
28999.710   7     
29033.043   7     
29066.376   7     
29099.709   7     
29133.042   7     
29166.375   7     
29199.708   7     
29233.041   7     
29266.374   7     
29299.707   7     
29333.040   7     
29366.373   7     
29399.706   7     
29433.039   7     
29466.372   7     
29499.705   7     
29533.038   7     
29566.371   7     
29599.704   7     
29633.037   7     
29666.370   7     
29699.703   7     
29733.036   7     
29766.369   7     
29799.702   7     
29833.035   7     
29866.368   7     
29899.701   7     
29933.034   7     
29966.367   7     
29999.700   7     
30033.033   7     
30066.366   7     
30099.699   7     
30133.032   7     
30166.365   7     
30199.698   7     
30233.031   7     
30266.364   7     
30299.697   7     
30333.030   7     
30366.363   7     
30399.696   7     
30433.029   7     
30466.362   7     
30499.695   7     
30533.028   7     
30566.361   7     
30599.694   7     
30633.027   7     
30666.360   7     
30699.693   7     
30733.026   7     
30766.359   7     
30799.692   7     
30833.025   7     
30866.358   7     
30899.691   8     
30933.024   8     
30966.357   8     
30999.690   8     
31033.023   8     
31066.356   8     
31099.689   8     
31133.022   8     
31166.355   8     
31199.688   8     
31233.021   8     
31266.354   8     
31299.687   8     
31333.020   8     
31366.353   8     
31399.686   8     
31433.019   8     
31466.352   8     
31499.685   8     
31533.018   8     
31566.351   8     
31599.684   8     
31633.017   8     
31666.350   8     
31699.683   8     
31733.016   8     
31766.349   8     
31799.682   8     
31833.015   8     
31866.348   8     
31899.681   8     
31933.014   8     
31966.347   8     
31999.680   8     
32033.013   8     
32066.346   8     
32099.679   8     
32133.012   8     
32166.345   8     
32199.678   8     
32233.011   8     
32266.344   8     
32299.677   8     
32333.010   8     
32366.343   8     
32399.676   8     
32433.009   8     
32466.342   8     
32499.675   8     
32533.008   8     
32566.341   8     
32599.674   8     
32633.007   8     
32666.340   8     
32699.673   8     
32733.006   8     
32766.339   8     
32799.672   8     
32833.005   8     
32866.338   8     
32899.671   8     
32933.004   8     
32966.337   8     
32999.670   8     
33033.003   8     
33066.336   8     
33099.669   8     
33133.002   8     
33166.335   8     
33199.668   8     
33233.001   8     
33266.334   8     
33299.667   8     
33333.000   8     
33366.333   8     
33399.666   8     
33432.999   8     
33466.332   8     
33499.665   8     
33532.998   8     
33566.331   8     
33599.664   8     
33632.997   8     
33666.330   8     
33699.663   8     
33732.996   8     
33766.329   8     
33799.662   8     
33832.995   8     
33866.328   8     
33899.661   8     
33932.994   8     
33966.327   8     
33999.660   8     
34032.993   8     
34066.326   8     
34099.659   8     
34132.992   8     
34166.325   8     
34199.658   8     
34232.991   8     
34266.324   8     
34299.657   8     
34332.990   8     
34366.323   8     
34399.656   8     
34432.989   8     
34466.322   8     
34499.655   8     
34532.988   8     
34566.321   8     
34599.654   8     
34632.987   8     
34666.320   8     
34699.653   8     
34732.986   8     
34766.319   8     
34799.652   8     
34832.985   8     
34866.318   8     
34899.651   8     
34932.984   8     
34966.317   8     
34999.650   8     
35032.983   8     
35066.316   8     
35099.649   8     
35132.982   8     
35166.315   8     
35199.648   8     
35232.981   8     
35266.314   8     
35299.647   3     
35332.980   3     
35366.313   3     
35399.646   3     
35432.979   3     
35466.312   3     
35499.645   3     
35532.978   3     
35566.311   3     
35599.644   3     
35632.977   3     
35666.310   3     
35699.643   3     
35732.976   3     
35766.309   3     
35799.642   3     
35832.975   3     
35866.308   3     
35899.641   3     
35932.974   3     
35966.307   3     
35999.640   3     
36032.973   3     
36066.306   3     
36099.639   3     
36132.972   3     
36166.305   3     
36199.638   3     
36232.971   3     
36266.304   3     
36299.637   3     
36332.970   3     
36366.303   3     
36399.636   3     
36432.969   3     
36466.302   3     
36499.635   3     
36532.968   3     
36566.301   3     
36599.634   3     
36632.967   3     
36666.300   3     
36699.633   3     
36732.966   3     
36766.299   3     
36799.632   3     
36832.965   3     
36866.298   3     
36899.631   3     
36932.964   3     
36966.297   3     
36999.630   3     
37032.963   3     
37066.296   3     
37099.629   3     
37132.962   5     
37166.295   5     
37199.628   5     
37232.961   5     
37266.294   5     
37299.627   5     
37332.960   5     
37366.293   5     
37399.626   5     
37432.959   5     
37466.292   5     
37499.625   5     
37532.958   5     
37566.291   5     
37599.624   5     
37632.957   5     
37666.290   5     
37699.623   5     
37732.956   5     
37766.289   5     
37799.622   5     
37832.955   5     
37866.288   5     
37899.621   5     
37932.954   5     
37966.287   5     
37999.620   5     
38032.953   5     
38066.286   5     
38099.619   5     
38132.952   5     
38166.285   5     
38199.618   5     
38232.951   5     
38266.284   5     
38299.617   5     
38332.950   5     
38366.283   5     
38399.616   5     
38432.949   5     
38466.282   5     
38499.615   5     
38532.948   5     
38566.281   5     
38599.614   5     
38632.947   5     
38666.280   5     
38699.613   5     
38732.946   5     
38766.279   5     
38799.612   5     
38832.945   5     
38866.278   5     
38899.611   5     
38932.944   5     
38966.277   5     
38999.610   5     
39032.943   5     
39066.276   5     
39099.609   5     
39132.942   5     
39166.275   5     
39199.608   5     
39232.941   5     
39266.274   5     
39299.607   5     
39332.940   5     
39366.273   5     
39399.606   5     
39432.939   5     
39466.272   5     
39499.605   5     
39532.938   5     
39566.271   5     
39599.604   5     
39632.937   5     
39666.270   5     
39699.603   5     
39732.936   5     
39766.269   5     
39799.602   5     
39832.935   5     
39866.268   5     
39899.601   5     
39932.934   5     
39966.267   5     
39999.600   5     
40032.933   5     
40066.266   5     
40099.599   5     
40132.932   5     
40166.265   5     
40199.598   5     
40232.931   5     
40266.264   5     
40299.597   5     
40332.930   5     
40366.263   5     
40399.596   5     
40432.929   5     
40466.262   5     
40499.595   5     
40532.928   5     
40566.261   5     
40599.594   5     
40632.927   5     
40666.260   5     
40699.593   5     
40732.926   5     
40766.259   5     
40799.592   5     
40832.925   5     
40866.258   5     
40899.591   5     
40932.924   5     
40966.257   5     
40999.590   5     
41032.923   5     
41066.256   5     
41099.589   5     
41132.922   5     
41166.255   5     
41199.588   5     
41232.921   5     
41266.254   5     
41299.587   5     
41332.920   5     
41366.253   5     
41399.586   5     
41432.919   5     
41466.252   5     
41499.585   5     
41532.918   5     
41566.251   5     
41599.584   5     
41632.917   5     
41666.250   5     
41699.583   5     
41732.916   5     
41766.249   5     
41799.582   5     
41832.915   5     
41866.248   5     
41899.581   5     
41932.914   5     
41966.247   5     
41999.580   5     
42032.913   5     
42066.246   5     
42099.579   5     
42132.912   5     
42166.245   5     
42199.578   5     
42232.911   5     
42266.244   5     
42299.577   5     
42332.910   5     
42366.243   5     
42399.576   5     
42432.909   5     
42466.242   5     
42499.575   5     
42532.908   5     
42566.241   5     
42599.574   5     
42632.907   5     
42666.240   5     
42699.573   5     
42732.906   5     
42766.239   5     
42799.572   5     
42832.905   5     
42866.238   5     
42899.571   5     
42932.904   5     
42966.237   5     
42999.570   5     
43032.903   5     
43066.236   5     
43099.569   5     
43132.902   5     
43166.235   5     
43199.568   5     
43232.901   5     
43266.234   5     
43299.567   5     
43332.900   5     
43366.233   5     
43399.566   5     
43432.899   5     
43466.232   5     
43499.565   5     
43532.898   5     
43566.231   5     
43599.564   5     
43632.897   5     
43666.230   5     
43699.563   5     
43732.896   7     
43766.229   7     
43799.562   7     
43832.895   7     
43866.228   7     
43899.561   7     
43932.894   7     
43966.227   7     
43999.560   7     
44032.893   7     
44066.226   7     
44099.559   7     
44132.892   7     
44166.225   7     
44199.558   7     
44232.891   7     
44266.224   7     
44299.557   7     
44332.890   7     
44366.223   7     
44399.556   7     
44432.889   7     
44466.222   7     
44499.555   7     
44532.888   7     
44566.221   7     
44599.554   7     
44632.887   7     
44666.220   7     
44699.553   7     
44732.886   7     
44766.219   7     
44799.552   7     
44832.885   7     
44866.218   7     
44899.551   7     
44932.884   7     
44966.217   7     
44999.550   7     
45032.883   7     
45066.216   7     
45099.549   7     
45132.882   7     
45166.215   7     
45199.548   7     
45232.881   7     
45266.214   7     
45299.547   7     
45332.880   7     
45366.213   7     
45399.546   7     
45432.879   7     
45466.212   7     
45499.545   7     
45532.878   7     
45566.211   7     
45599.544   7     
45632.877   7     
45666.210   7     
45699.543   7     
45732.876   7     
45766.209   7     
45799.542   7     
45832.875   7     
45866.208   7     
45899.541   7     
45932.874   7     
45966.207   7     
45999.540   7     
46032.873   7     
46066.206   7     
46099.539   7     
46132.872   7     
46166.205   7     
46199.538   7     
46232.871   7     
46266.204   7     
46299.537   7     
46332.870   7     
46366.203   7     
46399.536   7     
46432.869   7     
46466.202   7     
46499.535   7     
46532.868   7     
46566.201   7     
46599.534   7     
46632.867   7     
46666.200   7     
46699.533   7     
46732.866   7     
46766.199   7     
46799.532   7     
46832.865   7     
46866.198   7     
46899.531   7     
46932.864   7     
46966.197   7     
46999.530   7     
47032.863   7     
47066.196   7     
47099.529   7     
47132.862   7     
47166.195   7     
47199.528   7     
47232.861   7     
47266.194   7     
47299.527   7     
47332.860   7     
47366.193   7     
47399.526   7     
47432.859   7     
47466.192   7     
47499.525   7     
47532.858   7     
47566.191   7     
47599.524   7     
47632.857   7     
47666.190   7     
47699.523   7     
47732.856   7     
47766.189   7     
47799.522   7     
47832.855   7     
47866.188   7     
47899.521   7     
47932.854   7     
47966.187   7     
47999.520   7     
48032.853   7     
48066.186   7     
48099.519   7     
48132.852   7     
48166.185   7     
48199.518   7     
48232.851   7     
48266.184   7     
48299.517   7     
48332.850   7     
48366.183   7     
48399.516   7     
48432.849   7     
48466.182   7     
48499.515   7     
48532.848   7     
48566.181   7     
48599.514   7     
48632.847   7     
48666.180   7     
48699.513   7     
48732.846   7     
48766.179   7     
48799.512   7     
48832.845   7     
48866.178   7     
48899.511   7     
48932.844   7     
48966.177   7     
48999.510   7     
49032.843   7     
49066.176   7     
49099.509   7     
49132.842   7     
49166.175   7     
49199.508   7     
49232.841   7     
49266.174   7     
49299.507   7     
49332.840   7     
49366.173   7     
49399.506   7     
49432.839   7     
49466.172   7     
49499.505   7     
49532.838   7     
49566.171   7     
49599.504   7     
49632.837   7     
49666.170   7     
49699.503   7     
49732.836   7     
49766.169   7     
49799.502   7     
49832.835   7     
49866.168   7     
49899.501   7     
49932.834   7     
49966.167   7     
49999.500   7     
50032.833   7     
50066.166   7     
50099.499   7     
50132.832   7     
50166.165   7     
50199.498   7     
50232.831   7     
50266.164   7     
50299.497   7     
50332.830   7     
50366.163   7     
50399.496   7     
50432.829   7     
50466.162   7     
50499.495   7     
50532.828   7     
50566.161   7     
50599.494   7     
50632.827   7     
50666.160   7     
50699.493   7     
50732.826   7     
50766.159   7     
50799.492   7     
50832.825   7     
50866.158   7     
50899.491   7     
50932.824   7     
50966.157   7     
50999.490   7     
51032.823   7     
51066.156   7     
51099.489   7     
51132.822   7     
51166.155   7     
51199.488   7     
51232.821   7     
51266.154   7     
51299.487   7     
51332.820   7     
51366.153   7     
51399.486   7     
51432.819   7     
51466.152   8     
51499.485   8     
51532.818   8     
51566.151   8     
51599.484   8     
51632.817   8     
51666.150   8     
51699.483   8     
51732.816   8     
51766.149   8     
51799.482   8     
51832.815   8     
51866.148   8     
51899.481   8     
51932.814   8     
51966.147   8     
51999.480   8     
52032.813   8     
52066.146   8     
52099.479   8     
52132.812   8     
52166.145   8     
52199.478   8     
52232.811   8     
52266.144   8     
52299.477   8     
52332.810   8     
52366.143   8     
52399.476   8     
52432.809   8     
52466.142   8     
52499.475   8     
52532.808   8     
52566.141   8     
52599.474   8     
52632.807   8     
52666.140   8     
52699.473   8     
52732.806   8     
52766.139   8     
52799.472   8     
52832.805   8     
52866.138   8     
52899.471   8     
52932.804   8     
52966.137   8     
52999.470   8     
53032.803   8     
53066.136   8     
53099.469   8     
53132.802   8     
53166.135   8     
53199.468   8     
53232.801   8     
53266.134   8     
53299.467   8     
53332.800   8     
53366.133   8     
53399.466   8     
53432.799   8     
53466.132   8     
53499.465   8     
53532.798   8     
53566.131   8     
53599.464   8     
53632.797   8     
53666.130   8     
53699.463   8     
53732.796   8     
53766.129   8     
53799.462   8     
53832.795   8     
53866.128   8     
53899.461   8     
53932.794   8     
53966.127   8     
53999.460   8     
54032.793   8     
54066.126   8     
54099.459   8     
54132.792   8     
54166.125   8     
54199.458   8     
54232.791   8     
54266.124   8     
54299.457   8     
54332.790   8     
54366.123   8     
54399.456   3     
54432.789   3     
54466.122   3     
54499.455   3     
54532.788   3     
54566.121   3     
54599.454   3     
54632.787   3     
54666.120   3     
54699.453   3     
54732.786   3     
54766.119   3     
54799.452   3     
54832.785   3     
54866.118   3     
54899.451   3     
54932.784   3     
54966.117   3     
54999.450   3     
55032.783   3     
55066.116   3     
55099.449   3     
55132.782   3     
55166.115   3     
55199.448   3     
55232.781   3     
55266.114   3     
55299.447   3     
55332.780   3     
55366.113   3     
55399.446   3     
55432.779   3     
55466.112   3     
55499.445   3     
55532.778   3     
55566.111   3     
55599.444   3     
55632.777   3     
55666.110   3     
55699.443   3     
55732.776   3     
55766.109   3     
55799.442   3     
55832.775   3     
55866.108   5     
55899.441   5     
55932.774   5     
55966.107   5     
55999.440   5     
56032.773   5     
56066.106   5     
56099.439   5     
56132.772   5     
56166.105   5     
56199.438   5     
56232.771   5     
56266.104   5     
56299.437   5     
56332.770   5     
56366.103   5     
56399.436   5     
56432.769   5     
56466.102   5     
56499.435   5     
56532.768   5     
56566.101   5     
56599.434   5     
56632.767   5     
56666.100   5     
56699.433   5     
56732.766   5     
56766.099   5     
56799.432   5     
56832.765   5     
56866.098   5     
56899.431   5     
56932.764   5     
56966.097   5     
56999.430   5     
57032.763   5     
57066.096   5     
57099.429   5     
57132.762   5     
57166.095   5     
57199.428   5     
57232.761   5     
57266.094   5     
57299.427   5     
57332.760   5     
57366.093   5     
57399.426   5     
57432.759   5     
57466.092   5     
57499.425   5     
57532.758   5     
57566.091   5     
57599.424   5     
57632.757   5     
57666.090   5     
57699.423   5     
57732.756   5     
57766.089   5     
57799.422   5     
57832.755   5     
57866.088   5     
57899.421   5     
57932.754   5     
57966.087   5     
57999.420   5     
58032.753   5     
58066.086   5     
58099.419   5     
58132.752   5     
58166.085   5     
58199.418   5     
58232.751   5     
58266.084   5     
58299.417   5     
58332.750   5     
58366.083   5     
58399.416   7     
58432.749   7     
58466.082   7     
58499.415   7     
58532.748   7     
58566.081   7     
58599.414   7     
58632.747   7     
58666.080   7     
58699.413   7     
58732.746   7     
58766.079   7     
58799.412   7     
58832.745   7     
58866.078   7     
58899.411   7     
58932.744   7     
58966.077   7     
58999.410   7     
59032.743   7     
59066.076   7     
59099.409   7     
59132.742   7     
59166.075   7     
59199.408   7     
59232.741   7     
59266.074   7     
59299.407   7     
59332.740   7     
59366.073   7     
59399.406   7     
59432.739   7     
59466.072   7     
59499.405   7     
59532.738   7     
59566.071   7     
59599.404   7     
59632.737   7     
59666.070   7     
59699.403   7     
59732.736   7     
59766.069   7     
59799.402   7     
59832.735   7     
59866.068   7     
59899.401   7     
59932.734   7     
59966.067   7     
59999.400   7     
60032.733   7     
60066.066   7     
60099.399   7     
60132.732   7     
60166.065   7     
60199.398   7     
60232.731   7     
60266.064   7     
60299.397   7     
60332.730   7     
60366.063   7     
60399.396   7     
60432.729   7     
60466.062   7     
60499.395   7     
60532.728   7     
60566.061   7     
60599.394   7     
60632.727   7     
60666.060   7     
60699.393   7     
60732.726   7     
60766.059   7     
60799.392   7     
60832.725   7     
60866.058   7     
60899.391   7     
60932.724   7     
60966.057   7     
60999.390   7     
61032.723   7     
61066.056   7     
61099.389   7     
61132.722   7     
61166.055   7     
61199.388   7     
61232.721   7     
61266.054   7     
61299.387   7     
61332.720   7     
61366.053   7     
61399.386   7     
61432.719   7     
61466.052   7     
61499.385   7     
61532.718   7     
61566.051   7     
61599.384   7     
61632.717   7     
61666.050   7     
61699.383   7     
61732.716   7     
61766.049   7     
61799.382   7     
61832.715   7     
61866.048   7     
61899.381   7     
61932.714   7     
61966.047   7     
61999.380   7     
62032.713   7     
62066.046   7     
62099.379   7     
62132.712   8     
62166.045   8     
62199.378   8     
62232.711   8     
62266.044   8     
62299.377   8     
62332.710   8     
62366.043   8     
62399.376   8     
62432.709   8     
62466.042   8     
62499.375   8     
62532.708   8     
62566.041   8     
62599.374   8     
62632.707   8     
62666.040   8     
62699.373   8     
62732.706   8     
62766.039   8     
62799.372   8     
62832.705   8     
62866.038   8     
62899.371   8     
62932.704   8     
62966.037   8     
62999.370   8     
63032.703   8     
63066.036   8     
63099.369   8     
63132.702   8     
63166.035   8     
63199.368   8     
63232.701   8     
63266.034   8     
63299.367   8     
63332.700   8     
63366.033   8     
63399.366   8     
63432.699   8     
63466.032   8     
63499.365   8     
63532.698   8     
63566.031   8     
63599.364   8     
63632.697   8     
63666.030   8     
63699.363   8     
63732.696   8     
63766.029   8     
63799.362   8     
63832.695   8     
63866.028   8     
63899.361   8     
63932.694   8     
63966.027   8     
63999.360   8     
64032.693   8     
64066.026   8     
64099.359   8     
64132.692   8     
64166.025   8     
64199.358   8     
64232.691   8     
64266.024   8     
64299.357   8     
64332.690   8     
64366.023   8     
64399.356   8     
64432.689   8     
64466.022   8     
64499.355   8     
64532.688   8     
64566.021   8     
64599.354   8     
64632.687   8     
64666.020   8     
64699.353   8     
64732.686   8     
64766.019   8     
64799.352   8     
64832.685   8     
64866.018   8     
64899.351   8     
64932.684   8     
64966.017   8     
64999.350   8     
65032.683   8     
65066.016   8     
65099.349   8     
65132.682   8     
65166.015   8     
65199.348   8     
65232.681   8     
65266.014   8     
65299.347   8     
65332.680   8     
65366.013   8     
65399.346   8     
65432.679   8     
65466.012   8     
65499.345   8     
65532.678   8     
65566.011   8     
65599.344   8     
65632.677   8     
65666.010   8     
65699.343   8     
65732.676   8     
65766.009   8     
65799.342   8     
65832.675   8     
65866.008   8     
65899.341   8     
65932.674   3     
65966.007   3     
65999.340   3     
66032.673   3     
66066.006   3     
66099.339   3     
66132.672   3     
66166.005   3     
66199.338   3     
66232.671   3     
66266.004   3     
66299.337   3     
66332.670   3     
66366.003   3     
66399.336   3     
66432.669   3     
66466.002   3     
66499.335   3     
66532.668   3     
66566.001   3     
66599.334   3     
66632.667   3     
66666.000   3     
66699.333   3     
66732.666   3     
66765.999   3     
66799.332   3     
66832.665   3     
66865.998   3     
66899.331   3     
66932.664   3     
66965.997   3     
66999.330   3     
67032.663   3     
67065.996   3     
67099.329   6     
67132.662   6     
67165.995   6     
67199.328   6     
67232.661   6     
67265.994   6     
67299.327   6     
67332.660   6     
67365.993   6     
67399.326   6     
67432.659   6     
67465.992   6     
67499.325   6     
67532.658   6     
67565.991   6     
67599.324   6     
67632.657   6     
67665.990   6     
67699.323   6     
67732.656   6     
67765.989   6     
67799.322   6     
67832.655   6     
67865.988   6     
67899.321   6     
67932.654   6     
67965.987   6     
67999.320   6     
68032.653   6     
68065.986   6     
68099.319   6     
68132.652   6     
68165.985   6     
68199.318   6     
68232.651   6     
68265.984   6     
68299.317   6     
68332.650   6     
68365.983   6     
68399.316   6     
68432.649   6     
68465.982   6     
68499.315   6     
68532.648   6     
68565.981   6     
68599.314   6     
68632.647   6     
68665.980   6     
68699.313   6     
68732.646   6     
68765.979   6     
68799.312   6     
68832.645   6     
68865.978   6     
68899.311   6     
68932.644   6     
68965.977   6     
68999.310   7     
69032.643   7     
69065.976   7     
69099.309   7     
69132.642   7     
69165.975   7     
69199.308   7     
69232.641   7     
69265.974   7     
69299.307   7     
69332.640   7     
69365.973   7     
69399.306   7     
69432.639   7     
69465.972   7     
69499.305   7     
69532.638   7     
69565.971   7     
69599.304   7     
69632.637   7     
69665.970   7     
69699.303   7     
69732.636   7     
69765.969   7     
69799.302   7     
69832.635   7     
69865.968   7     
69899.301   7     
69932.634   7     
69965.967   7     
69999.300   7     
70032.633   7     
70065.966   7     
70099.299   7     
70132.632   7     
70165.965   7     
70199.298   7     
70232.631   7     
70265.964   7     
70299.297   7     
70332.630   7     
70365.963   7     
70399.296   7     
70432.629   7     
70465.962   7     
70499.295   7     
70532.628   7     
70565.961   7     
70599.294   7     
70632.627   7     
70665.960   7     
70699.293   7     
70732.626   7     
70765.959   7     
70799.292   7     
70832.625   7     
70865.958   7     
70899.291   7     
70932.624   7     
70965.957   7     
70999.290   7     
71032.623   7     
71065.956   7     
71099.289   7     
71132.622   7     
71165.955   7     
71199.288   7     
71232.621   7     
71265.954   7     
71299.287   7     
71332.620   7     
71365.953   7     
71399.286   7     
71432.619   7     
71465.952   7     
71499.285   7     
71532.618   7     
71565.951   7     
71599.284   7     
71632.617   7     
71665.950   7     
71699.283   7     
71732.616   7     
71765.949   7     
71799.282   7     
71832.615   7     
71865.948   7     
71899.281   7     
71932.614   7     
71965.947   7     
71999.280   7     
72032.613   7     
72065.946   7     
72099.279   7     
72132.612   7     
72165.945   7     
72199.278   7     
72232.611   7     
72265.944   7     
72299.277   7     
72332.610   7     
72365.943   7     
72399.276   7     
72432.609   7     
72465.942   7     
72499.275   7     
72532.608   7     
72565.941   7     
72599.274   7     
72632.607   7     
72665.940   7     
72699.273   7     
72732.606   7     
72765.939   7     
72799.272   7     
72832.605   7     
72865.938   7     
72899.271   7     
72932.604   7     
72965.937   7     
72999.270   7     
73032.603   7     
73065.936   7     
73099.269   7     
73132.602   7     
73165.935   7     
73199.268   7     
73232.601   7     
73265.934   7     
73299.267   7     
73332.600   7     
73365.933   7     
73399.266   7     
73432.599   7     
73465.932   7     
73499.265   7     
73532.598   7     
73565.931   7     
73599.264   7     
73632.597   7     
73665.930   7     
73699.263   7     
73732.596   7     
73765.929   7     
73799.262   7     
73832.595   7     
73865.928   7     
73899.261   7     
73932.594   7     
73965.927   7     
73999.260   7     
74032.593   7     
74065.926   7     
74099.259   7     
74132.592   7     
74165.925   7     
74199.258   7     
74232.591   7     
74265.924   7     
74299.257   7     
74332.590   7     
74365.923   7     
74399.256   7     
74432.589   7     
74465.922   7     
74499.255   7     
74532.588   7     
74565.921   7     
74599.254   7     
74632.587   7     
74665.920   7     
74699.253   7     
74732.586   7     
74765.919   7     
74799.252   7     
74832.585   7     
74865.918   7     
74899.251   7     
74932.584   7     
74965.917   7     
74999.250   7     
75032.583   7     
75065.916   7     
75099.249   7     
75132.582   7     
75165.915   7     
75199.248   7     
75232.581   8     
75265.914   8     
75299.247   8     
75332.580   8     
75365.913   8     
75399.246   8     
75432.579   8     
75465.912   8     
75499.245   8     
75532.578   8     
75565.911   8     
75599.244   8     
75632.577   8     
75665.910   8     
75699.243   8     
75732.576   8     
75765.909   8     
75799.242   8     
75832.575   8     
75865.908   8     
75899.241   8     
75932.574   8     
75965.907   8     
75999.240   8     
76032.573   8     
76065.906   8     
76099.239   8     
76132.572   8     
76165.905   8     
76199.238   8     
76232.571   8     
76265.904   8     
76299.237   8     
76332.570   8     
76365.903   8     
76399.236   8     
76432.569   8     
76465.902   8     
76499.235   8     
76532.568   8     
76565.901   8     
76599.234   8     
76632.567   8     
76665.900   8     
76699.233   8     
76732.566   8     
76765.899   8     
76799.232   8     
76832.565   8     
76865.898   8     
76899.231   8     
76932.564   8     
76965.897   8     
76999.230   8     
77032.563   8     
77065.896   8     
77099.229   8     
77132.562   8     
77165.895   8     
77199.228   8     
77232.561   8     
77265.894   8     
77299.227   8     
77332.560   8     
77365.893   8     
77399.226   8     
77432.559   8     
77465.892   8     
77499.225   8     
77532.558   8     
77565.891   8     
77599.224   8     
77632.557   8     
77665.890   8     
77699.223   8     
77732.556   8     
77765.889   8     
77799.222   8     
77832.555   8     
77865.888   8     
77899.221   8     
77932.554   8     
77965.887   8     
77999.220   8     
78032.553   8     
78065.886   8     
78099.219   8     
78132.552   8     
78165.885   8     
78199.218   8     
78232.551   8     
78265.884   8     
78299.217   8     
78332.550   8     
78365.883   8     
78399.216   8     
78432.549   8     
78465.882   8     
78499.215   8     
78532.548   9     
78565.881   9     
78599.214   9     
78632.547   9     
78665.880   9     
78699.213   9     
78732.546   9     
78765.879   9     
78799.212   9     
78832.545   9     
78865.878   9     
78899.211   9     
78932.544   9     
78965.877   9     
78999.210   9     
79032.543   9     
79065.876   9     
79099.209   9     
79132.542   9     
79165.875   9     
79199.208   9     
79232.541   9     
79265.874   9     
79299.207   9     
79332.540   9     
79365.873   9     
79399.206   9     
79432.539   9     
79465.872   9     
79499.205   9     
79532.538   9     
79565.871   9     
79599.204   9     
79632.537   9     
79665.870   9     
79699.203   9     
79732.536   9     
