Time (ms)   Label 
0.000       9     
33.333      9     
66.666      9     
99.999      9     
133.332     9     
166.665     9     
199.998     9     
233.331     9     
266.664     9     
299.997     9     
333.330     9     
366.663     9     
399.996     9     
433.329     9     
466.662     9     
499.995     9     
533.328     9     
566.661     9     
599.994     9     
633.327     9     
666.660     9     
699.993     9     
733.326     9     
766.659     9     
799.992     9     
833.325     9     
866.658     9     
899.991     9     
933.324     9     
966.657     9     
999.990     9     
1033.323    9     
1066.656    9     
1099.989    9     
1133.322    9     
1166.655    9     
1199.988    9     
1233.321    9     
1266.654    9     
1299.987    9     
1333.320    9     
1366.653    9     
1399.986    9     
1433.319    9     
1466.652    9     
1499.985    9     
1533.318    9     
1566.651    9     
1599.984    9     
1633.317    9     
1666.650    9     
1699.983    9     
1733.316    9     
1766.649    9     
1799.982    9     
1833.315    9     
1866.648    9     
1899.981    9     
1933.314    9     
1966.647    9     
1999.980    9     
2033.313    9     
2066.646    9     
2099.979    9     
2133.312    9     
2166.645    9     
2199.978    9     
2233.311    9     
2266.644    9     
2299.977    9     
2333.310    9     
2366.643    9     
2399.976    9     
2433.309    9     
2466.642    9     
2499.975    9     
2533.308    9     
2566.641    9     
2599.974    9     
2633.307    9     
2666.640    9     
2699.973    9     
2733.306    9     
2766.639    9     
2799.972    9     
2833.305    9     
2866.638    9     
2899.971    9     
2933.304    9     
2966.637    9     
2999.970    9     
3033.303    9     
3066.636    9     
3099.969    9     
3133.302    9     
3166.635    9     
3199.968    9     
3233.301    9     
3266.634    9     
3299.967    9     
3333.300    9     
3366.633    9     
3399.966    9     
3433.299    9     
3466.632    9     
3499.965    9     
3533.298    9     
3566.631    9     
3599.964    9     
3633.297    9     
3666.630    9     
3699.963    9     
3733.296    9     
3766.629    9     
3799.962    9     
3833.295    9     
3866.628    9     
3899.961    9     
3933.294    9     
3966.627    9     
3999.960    9     
4033.293    9     
4066.626    9     
4099.959    9     
4133.292    9     
4166.625    9     
4199.958    9     
4233.291    9     
4266.624    9     
4299.957    9     
4333.290    9     
4366.623    9     
4399.956    9     
4433.289    9     
4466.622    9     
4499.955    9     
4533.288    9     
4566.621    9     
4599.954    9     
4633.287    9     
4666.620    9     
4699.953    9     
4733.286    9     
4766.619    9     
4799.952    9     
4833.285    9     
4866.618    9     
4899.951    1     
4933.284    1     
4966.617    1     
4999.950    1     
5033.283    1     
5066.616    1     
5099.949    1     
5133.282    1     
5166.615    1     
5199.948    1     
5233.281    1     
5266.614    1     
5299.947    1     
5333.280    1     
5366.613    1     
5399.946    1     
5433.279    1     
5466.612    1     
5499.945    1     
5533.278    1     
5566.611    1     
5599.944    1     
5633.277    1     
5666.610    1     
5699.943    1     
5733.276    1     
5766.609    1     
5799.942    1     
5833.275    1     
5866.608    1     
5899.941    1     
5933.274    1     
5966.607    1     
5999.940    1     
6033.273    1     
6066.606    1     
6099.939    1     
6133.272    1     
6166.605    1     
6199.938    1     
6233.271    1     
6266.604    1     
6299.937    1     
6333.270    1     
6366.603    1     
6399.936    1     
6433.269    1     
6466.602    1     
6499.935    1     
6533.268    1     
6566.601    1     
6599.934    1     
6633.267    1     
6666.600    1     
6699.933    1     
6733.266    1     
6766.599    1     
6799.932    1     
6833.265    1     
6866.598    1     
6899.931    1     
6933.264    1     
6966.597    1     
6999.930    1     
7033.263    1     
7066.596    1     
7099.929    1     
7133.262    1     
7166.595    1     
7199.928    1     
7233.261    1     
7266.594    1     
7299.927    1     
7333.260    1     
7366.593    1     
7399.926    1     
7433.259    1     
7466.592    1     
7499.925    1     
7533.258    1     
7566.591    1     
7599.924    1     
7633.257    1     
7666.590    1     
7699.923    1     
7733.256    1     
7766.589    1     
7799.922    1     
7833.255    1     
7866.588    1     
7899.921    1     
7933.254    1     
7966.587    1     
7999.920    1     
8033.253    1     
8066.586    1     
8099.919    1     
8133.252    1     
8166.585    1     
8199.918    1     
8233.251    1     
8266.584    1     
8299.917    1     
8333.250    1     
8366.583    1     
8399.916    1     
8433.249    1     
8466.582    1     
8499.915    1     
8533.248    1     
8566.581    1     
8599.914    1     
8633.247    1     
8666.580    1     
8699.913    1     
8733.246    1     
8766.579    1     
8799.912    1     
8833.245    1     
8866.578    1     
8899.911    1     
8933.244    1     
8966.577    1     
8999.910    1     
9033.243    1     
9066.576    1     
9099.909    1     
9133.242    1     
9166.575    1     
9199.908    1     
9233.241    1     
9266.574    1     
9299.907    1     
9333.240    1     
9366.573    1     
9399.906    1     
9433.239    1     
9466.572    1     
9499.905    1     
9533.238    1     
9566.571    1     
9599.904    1     
9633.237    1     
9666.570    1     
9699.903    1     
9733.236    1     
9766.569    1     
9799.902    1     
9833.235    1     
9866.568    1     
9899.901    1     
9933.234    1     
9966.567    1     
9999.900    1     
10033.233   1     
10066.566   1     
10099.899   1     
10133.232   1     
10166.565   1     
10199.898   1     
10233.231   1     
10266.564   1     
10299.897   1     
10333.230   1     
10366.563   1     
10399.896   1     
10433.229   1     
10466.562   1     
10499.895   1     
10533.228   1     
10566.561   1     
10599.894   1     
10633.227   1     
10666.560   1     
10699.893   1     
10733.226   1     
10766.559   1     
10799.892   1     
10833.225   1     
10866.558   1     
10899.891   1     
10933.224   1     
10966.557   1     
10999.890   1     
11033.223   1     
11066.556   1     
11099.889   1     
11133.222   1     
11166.555   1     
11199.888   1     
11233.221   1     
11266.554   1     
11299.887   1     
11333.220   1     
11366.553   1     
11399.886   1     
11433.219   1     
11466.552   1     
11499.885   1     
11533.218   1     
11566.551   1     
11599.884   1     
11633.217   1     
11666.550   1     
11699.883   1     
11733.216   1     
11766.549   1     
11799.882   1     
11833.215   1     
11866.548   1     
11899.881   1     
11933.214   1     
11966.547   1     
11999.880   1     
12033.213   1     
12066.546   1     
12099.879   1     
12133.212   1     
12166.545   1     
12199.878   1     
12233.211   1     
12266.544   1     
12299.877   1     
12333.210   1     
12366.543   1     
12399.876   1     
12433.209   1     
12466.542   1     
12499.875   1     
12533.208   1     
12566.541   1     
12599.874   1     
12633.207   1     
12666.540   1     
12699.873   1     
12733.206   1     
12766.539   1     
12799.872   1     
12833.205   1     
12866.538   1     
12899.871   1     
12933.204   1     
12966.537   1     
12999.870   1     
13033.203   1     
13066.536   1     
13099.869   1     
13133.202   1     
13166.535   1     
13199.868   1     
13233.201   1     
13266.534   1     
13299.867   1     
13333.200   1     
13366.533   1     
13399.866   1     
13433.199   1     
13466.532   1     
13499.865   1     
13533.198   1     
13566.531   1     
13599.864   1     
13633.197   1     
13666.530   1     
13699.863   1     
13733.196   1     
13766.529   1     
13799.862   1     
13833.195   1     
13866.528   1     
13899.861   1     
13933.194   1     
13966.527   1     
13999.860   1     
14033.193   1     
14066.526   1     
14099.859   1     
14133.192   1     
14166.525   1     
14199.858   1     
14233.191   1     
14266.524   1     
14299.857   1     
14333.190   1     
14366.523   1     
14399.856   1     
14433.189   1     
14466.522   1     
14499.855   1     
14533.188   1     
14566.521   1     
14599.854   1     
14633.187   1     
14666.520   1     
14699.853   1     
14733.186   1     
14766.519   1     
14799.852   1     
14833.185   1     
14866.518   1     
14899.851   1     
14933.184   1     
14966.517   1     
14999.850   1     
15033.183   1     
15066.516   1     
15099.849   1     
15133.182   1     
15166.515   1     
15199.848   1     
15233.181   1     
15266.514   1     
15299.847   1     
15333.180   1     
15366.513   1     
15399.846   1     
15433.179   2     
15466.512   2     
15499.845   2     
15533.178   2     
15566.511   2     
15599.844   2     
15633.177   2     
15666.510   2     
15699.843   2     
15733.176   2     
15766.509   2     
15799.842   2     
15833.175   2     
15866.508   2     
15899.841   2     
15933.174   2     
15966.507   2     
15999.840   2     
16033.173   2     
16066.506   2     
16099.839   2     
16133.172   2     
16166.505   2     
16199.838   2     
16233.171   2     
16266.504   2     
16299.837   2     
16333.170   2     
16366.503   2     
16399.836   2     
16433.169   2     
16466.502   2     
16499.835   2     
16533.168   2     
16566.501   2     
16599.834   2     
16633.167   2     
16666.500   2     
16699.833   2     
16733.166   2     
16766.499   2     
16799.832   2     
16833.165   2     
16866.498   2     
16899.831   2     
16933.164   2     
16966.497   2     
16999.830   2     
17033.163   2     
17066.496   2     
17099.829   2     
17133.162   2     
17166.495   2     
17199.828   2     
17233.161   2     
17266.494   2     
17299.827   2     
17333.160   2     
17366.493   2     
17399.826   2     
17433.159   2     
17466.492   2     
17499.825   2     
17533.158   2     
17566.491   2     
17599.824   2     
17633.157   2     
17666.490   2     
17699.823   2     
17733.156   2     
17766.489   2     
17799.822   2     
17833.155   2     
17866.488   2     
17899.821   2     
17933.154   2     
17966.487   2     
17999.820   2     
18033.153   2     
18066.486   2     
18099.819   2     
18133.152   2     
18166.485   2     
18199.818   2     
18233.151   2     
18266.484   2     
18299.817   2     
18333.150   2     
18366.483   2     
18399.816   2     
18433.149   2     
18466.482   2     
18499.815   2     
18533.148   2     
18566.481   2     
18599.814   2     
18633.147   2     
18666.480   2     
18699.813   2     
18733.146   2     
18766.479   2     
18799.812   2     
18833.145   2     
18866.478   2     
18899.811   2     
18933.144   2     
18966.477   2     
18999.810   2     
19033.143   2     
19066.476   2     
19099.809   2     
19133.142   2     
19166.475   2     
19199.808   2     
19233.141   2     
19266.474   2     
19299.807   2     
19333.140   2     
19366.473   2     
19399.806   2     
19433.139   2     
19466.472   2     
19499.805   2     
19533.138   2     
19566.471   2     
19599.804   2     
19633.137   2     
19666.470   2     
19699.803   2     
19733.136   2     
19766.469   2     
19799.802   2     
19833.135   2     
19866.468   2     
19899.801   2     
19933.134   2     
19966.467   2     
19999.800   2     
20033.133   2     
20066.466   2     
20099.799   2     
20133.132   2     
20166.465   2     
20199.798   2     
20233.131   2     
20266.464   2     
20299.797   2     
20333.130   2     
20366.463   2     
20399.796   2     
20433.129   2     
20466.462   2     
20499.795   2     
20533.128   2     
20566.461   2     
20599.794   2     
20633.127   2     
20666.460   2     
20699.793   2     
20733.126   2     
20766.459   2     
20799.792   2     
20833.125   2     
20866.458   2     
20899.791   2     
20933.124   2     
20966.457   2     
20999.790   2     
21033.123   2     
21066.456   2     
21099.789   2     
21133.122   2     
21166.455   2     
21199.788   2     
21233.121   2     
21266.454   2     
21299.787   2     
21333.120   2     
21366.453   2     
21399.786   2     
21433.119   2     
21466.452   2     
21499.785   2     
21533.118   2     
21566.451   2     
21599.784   2     
21633.117   2     
21666.450   2     
21699.783   2     
21733.116   2     
21766.449   2     
21799.782   2     
21833.115   2     
21866.448   2     
21899.781   2     
21933.114   2     
21966.447   2     
21999.780   2     
22033.113   2     
22066.446   2     
22099.779   2     
22133.112   2     
22166.445   2     
22199.778   2     
22233.111   2     
22266.444   2     
22299.777   2     
22333.110   2     
22366.443   2     
22399.776   2     
22433.109   2     
22466.442   2     
22499.775   2     
22533.108   2     
22566.441   2     
22599.774   2     
22633.107   2     
22666.440   2     
22699.773   2     
22733.106   2     
22766.439   2     
22799.772   2     
22833.105   2     
22866.438   2     
22899.771   2     
22933.104   2     
22966.437   2     
22999.770   2     
23033.103   2     
23066.436   2     
23099.769   2     
23133.102   2     
23166.435   2     
23199.768   2     
23233.101   2     
23266.434   2     
23299.767   2     
23333.100   2     
23366.433   2     
23399.766   2     
23433.099   2     
23466.432   2     
23499.765   2     
23533.098   2     
23566.431   2     
23599.764   2     
23633.097   2     
23666.430   2     
23699.763   2     
23733.096   2     
23766.429   2     
23799.762   2     
23833.095   2     
23866.428   2     
23899.761   2     
23933.094   2     
23966.427   2     
23999.760   2     
24033.093   2     
24066.426   2     
24099.759   2     
24133.092   2     
24166.425   2     
24199.758   2     
24233.091   2     
24266.424   2     
24299.757   2     
24333.090   2     
24366.423   2     
24399.756   2     
24433.089   2     
24466.422   2     
24499.755   2     
24533.088   2     
24566.421   2     
24599.754   2     
24633.087   2     
24666.420   2     
24699.753   2     
24733.086   2     
24766.419   2     
24799.752   2     
24833.085   2     
24866.418   2     
24899.751   2     
24933.084   2     
24966.417   2     
24999.750   2     
25033.083   2     
25066.416   2     
25099.749   2     
25133.082   2     
25166.415   2     
25199.748   2     
25233.081   2     
25266.414   2     
25299.747   2     
25333.080   2     
25366.413   2     
25399.746   2     
25433.079   2     
25466.412   2     
25499.745   2     
25533.078   2     
25566.411   2     
25599.744   2     
25633.077   2     
25666.410   2     
25699.743   2     
25733.076   2     
25766.409   2     
25799.742   2     
25833.075   2     
25866.408   2     
25899.741   2     
25933.074   2     
25966.407   2     
25999.740   2     
26033.073   2     
26066.406   2     
26099.739   2     
26133.072   2     
26166.405   2     
26199.738   2     
26233.071   2     
26266.404   2     
26299.737   2     
26333.070   2     
26366.403   2     
26399.736   2     
26433.069   2     
26466.402   2     
26499.735   2     
26533.068   2     
26566.401   2     
26599.734   2     
26633.067   2     
26666.400   2     
26699.733   2     
26733.066   2     
26766.399   2     
26799.732   2     
26833.065   2     
26866.398   2     
26899.731   2     
26933.064   2     
26966.397   2     
26999.730   2     
27033.063   2     
27066.396   2     
27099.729   2     
27133.062   2     
27166.395   2     
27199.728   2     
27233.061   2     
27266.394   2     
27299.727   2     
27333.060   2     
27366.393   2     
27399.726   2     
27433.059   2     
27466.392   2     
27499.725   2     
27533.058   2     
27566.391   2     
27599.724   2     
27633.057   2     
27666.390   2     
27699.723   2     
27733.056   2     
27766.389   2     
27799.722   2     
27833.055   2     
27866.388   2     
27899.721   2     
27933.054   2     
27966.387   2     
27999.720   2     
28033.053   2     
28066.386   2     
28099.719   2     
28133.052   2     
28166.385   2     
28199.718   2     
28233.051   2     
28266.384   2     
28299.717   2     
28333.050   2     
28366.383   2     
28399.716   2     
28433.049   2     
28466.382   2     
28499.715   2     
28533.048   2     
28566.381   2     
28599.714   2     
28633.047   2     
28666.380   2     
28699.713   2     
28733.046   2     
28766.379   2     
28799.712   2     
28833.045   2     
28866.378   2     
28899.711   2     
28933.044   2     
28966.377   2     
28999.710   2     
29033.043   2     
29066.376   2     
29099.709   2     
29133.042   2     
29166.375   2     
29199.708   2     
29233.041   2     
29266.374   2     
29299.707   2     
29333.040   2     
29366.373   2     
29399.706   2     
29433.039   2     
29466.372   2     
29499.705   2     
29533.038   2     
29566.371   2     
29599.704   2     
29633.037   2     
29666.370   2     
29699.703   2     
29733.036   2     
29766.369   2     
29799.702   2     
29833.035   2     
29866.368   2     
29899.701   2     
29933.034   2     
29966.367   2     
29999.700   2     
30033.033   2     
30066.366   2     
30099.699   2     
30133.032   2     
30166.365   2     
30199.698   2     
30233.031   2     
30266.364   2     
30299.697   2     
30333.030   2     
30366.363   2     
30399.696   2     
30433.029   2     
30466.362   2     
30499.695   2     
30533.028   2     
30566.361   2     
30599.694   2     
30633.027   2     
30666.360   2     
30699.693   2     
30733.026   2     
30766.359   2     
30799.692   2     
30833.025   2     
30866.358   2     
30899.691   2     
30933.024   2     
30966.357   2     
30999.690   2     
31033.023   2     
31066.356   2     
31099.689   2     
31133.022   2     
31166.355   2     
31199.688   2     
31233.021   2     
31266.354   2     
31299.687   2     
31333.020   2     
31366.353   2     
31399.686   2     
31433.019   2     
31466.352   2     
31499.685   2     
31533.018   2     
31566.351   2     
31599.684   2     
31633.017   2     
31666.350   2     
31699.683   2     
31733.016   2     
31766.349   2     
31799.682   2     
31833.015   2     
31866.348   2     
31899.681   2     
31933.014   2     
31966.347   2     
31999.680   2     
32033.013   2     
32066.346   2     
32099.679   2     
32133.012   2     
32166.345   2     
32199.678   2     
32233.011   2     
32266.344   2     
32299.677   2     
32333.010   2     
32366.343   2     
32399.676   2     
32433.009   2     
32466.342   2     
32499.675   2     
32533.008   2     
32566.341   2     
32599.674   2     
32633.007   2     
32666.340   2     
32699.673   2     
32733.006   2     
32766.339   2     
32799.672   2     
32833.005   2     
32866.338   2     
32899.671   2     
32933.004   2     
32966.337   2     
32999.670   2     
33033.003   2     
33066.336   2     
33099.669   2     
33133.002   2     
33166.335   2     
33199.668   2     
33233.001   2     
33266.334   2     
33299.667   2     
33333.000   2     
33366.333   2     
33399.666   2     
33432.999   2     
33466.332   2     
33499.665   2     
33532.998   2     
33566.331   2     
33599.664   2     
33632.997   2     
33666.330   2     
33699.663   2     
33732.996   2     
33766.329   3     
33799.662   3     
33832.995   3     
33866.328   3     
33899.661   3     
33932.994   3     
33966.327   3     
33999.660   3     
34032.993   3     
34066.326   3     
34099.659   3     
34132.992   3     
34166.325   3     
34199.658   3     
34232.991   3     
34266.324   3     
34299.657   3     
34332.990   3     
34366.323   3     
34399.656   3     
34432.989   3     
34466.322   3     
34499.655   3     
34532.988   3     
34566.321   3     
34599.654   3     
34632.987   3     
34666.320   3     
34699.653   3     
34732.986   3     
34766.319   3     
34799.652   3     
34832.985   3     
34866.318   3     
34899.651   3     
34932.984   3     
34966.317   3     
34999.650   3     
35032.983   3     
35066.316   3     
35099.649   3     
35132.982   3     
35166.315   3     
35199.648   3     
35232.981   3     
35266.314   3     
35299.647   3     
35332.980   3     
35366.313   3     
35399.646   3     
35432.979   3     
35466.312   3     
35499.645   3     
35532.978   3     
35566.311   3     
35599.644   3     
35632.977   3     
35666.310   3     
35699.643   3     
35732.976   3     
35766.309   3     
35799.642   3     
35832.975   3     
35866.308   3     
35899.641   3     
35932.974   3     
35966.307   3     
35999.640   3     
36032.973   3     
36066.306   3     
36099.639   4     
36132.972   4     
36166.305   4     
36199.638   4     
36232.971   4     
36266.304   4     
36299.637   4     
36332.970   4     
36366.303   4     
36399.636   4     
36432.969   4     
36466.302   4     
36499.635   4     
36532.968   4     
36566.301   4     
36599.634   4     
36632.967   4     
36666.300   4     
36699.633   4     
36732.966   4     
36766.299   4     
36799.632   4     
36832.965   4     
36866.298   4     
36899.631   4     
36932.964   4     
36966.297   4     
36999.630   4     
37032.963   4     
37066.296   4     
37099.629   4     
37132.962   4     
37166.295   4     
37199.628   4     
37232.961   4     
37266.294   4     
37299.627   4     
37332.960   4     
37366.293   4     
37399.626   4     
37432.959   4     
37466.292   4     
37499.625   4     
37532.958   4     
37566.291   4     
37599.624   4     
37632.957   4     
37666.290   4     
37699.623   4     
37732.956   4     
37766.289   4     
37799.622   4     
37832.955   4     
37866.288   4     
37899.621   4     
37932.954   4     
37966.287   4     
37999.620   4     
38032.953   4     
38066.286   4     
38099.619   4     
38132.952   4     
38166.285   4     
38199.618   4     
38232.951   4     
38266.284   4     
38299.617   4     
38332.950   4     
38366.283   4     
38399.616   4     
38432.949   4     
38466.282   4     
38499.615   4     
38532.948   4     
38566.281   4     
38599.614   4     
38632.947   4     
38666.280   4     
38699.613   4     
38732.946   4     
38766.279   4     
38799.612   4     
38832.945   4     
38866.278   4     
38899.611   4     
38932.944   4     
38966.277   4     
38999.610   4     
39032.943   4     
39066.276   4     
39099.609   4     
39132.942   4     
39166.275   4     
39199.608   4     
39232.941   4     
39266.274   4     
39299.607   4     
39332.940   4     
39366.273   4     
39399.606   4     
39432.939   4     
39466.272   4     
39499.605   4     
39532.938   4     
39566.271   4     
39599.604   4     
39632.937   7     
39666.270   7     
39699.603   7     
39732.936   7     
39766.269   7     
39799.602   7     
39832.935   7     
39866.268   7     
39899.601   7     
39932.934   7     
39966.267   7     
39999.600   7     
40032.933   7     
40066.266   7     
40099.599   7     
40132.932   7     
40166.265   7     
40199.598   7     
40232.931   7     
40266.264   7     
40299.597   7     
40332.930   7     
40366.263   7     
40399.596   7     
40432.929   7     
40466.262   7     
40499.595   7     
40532.928   7     
40566.261   7     
40599.594   7     
40632.927   7     
40666.260   7     
40699.593   7     
40732.926   7     
40766.259   7     
40799.592   7     
40832.925   7     
40866.258   7     
40899.591   7     
40932.924   7     
40966.257   7     
40999.590   7     
41032.923   7     
41066.256   7     
41099.589   7     
41132.922   7     
41166.255   7     
41199.588   7     
41232.921   7     
41266.254   7     
41299.587   7     
41332.920   7     
41366.253   7     
41399.586   7     
41432.919   7     
41466.252   7     
41499.585   7     
41532.918   7     
41566.251   7     
41599.584   7     
41632.917   7     
41666.250   7     
41699.583   7     
41732.916   7     
41766.249   7     
41799.582   7     
41832.915   7     
41866.248   7     
41899.581   7     
41932.914   7     
41966.247   7     
41999.580   7     
42032.913   7     
42066.246   7     
42099.579   7     
42132.912   7     
42166.245   7     
42199.578   7     
42232.911   7     
42266.244   7     
42299.577   7     
42332.910   7     
42366.243   7     
42399.576   7     
42432.909   7     
42466.242   7     
42499.575   7     
42532.908   7     
42566.241   7     
42599.574   7     
42632.907   7     
42666.240   7     
42699.573   7     
42732.906   7     
42766.239   7     
42799.572   7     
42832.905   7     
42866.238   7     
42899.571   7     
42932.904   7     
42966.237   7     
42999.570   7     
43032.903   7     
43066.236   7     
43099.569   7     
43132.902   7     
43166.235   7     
43199.568   7     
43232.901   7     
43266.234   7     
43299.567   7     
43332.900   7     
43366.233   7     
43399.566   7     
43432.899   7     
43466.232   7     
43499.565   7     
43532.898   7     
43566.231   7     
43599.564   7     
43632.897   7     
43666.230   7     
43699.563   7     
43732.896   8     
43766.229   8     
43799.562   8     
43832.895   8     
43866.228   8     
43899.561   8     
43932.894   8     
43966.227   8     
43999.560   8     
44032.893   8     
44066.226   8     
44099.559   8     
44132.892   8     
44166.225   8     
44199.558   8     
44232.891   8     
44266.224   8     
44299.557   8     
44332.890   8     
44366.223   8     
44399.556   8     
44432.889   8     
44466.222   8     
44499.555   8     
44532.888   8     
44566.221   8     
44599.554   8     
44632.887   8     
44666.220   8     
44699.553   8     
44732.886   8     
44766.219   8     
44799.552   8     
44832.885   8     
44866.218   8     
44899.551   8     
44932.884   8     
44966.217   8     
44999.550   8     
45032.883   8     
45066.216   8     
45099.549   8     
45132.882   8     
45166.215   8     
45199.548   8     
45232.881   8     
45266.214   8     
45299.547   8     
45332.880   8     
45366.213   8     
45399.546   8     
45432.879   8     
45466.212   8     
45499.545   8     
45532.878   8     
45566.211   8     
45599.544   8     
45632.877   8     
45666.210   8     
45699.543   8     
45732.876   8     
45766.209   8     
45799.542   8     
45832.875   8     
45866.208   8     
45899.541   8     
45932.874   8     
45966.207   8     
45999.540   8     
46032.873   8     
46066.206   8     
46099.539   8     
46132.872   8     
46166.205   8     
46199.538   8     
46232.871   8     
46266.204   8     
46299.537   8     
46332.870   8     
46366.203   8     
46399.536   8     
46432.869   8     
46466.202   8     
46499.535   8     
46532.868   8     
46566.201   8     
46599.534   8     
46632.867   8     
46666.200   8     
46699.533   8     
46732.866   8     
46766.199   8     
46799.532   8     
46832.865   8     
46866.198   8     
46899.531   8     
46932.864   8     
46966.197   8     
46999.530   8     
47032.863   8     
47066.196   8     
47099.529   8     
47132.862   8     
47166.195   8     
47199.528   8     
47232.861   8     
47266.194   8     
47299.527   8     
47332.860   8     
47366.193   8     
47399.526   8     
47432.859   8     
47466.192   8     
47499.525   8     
47532.858   8     
47566.191   8     
47599.524   8     
47632.857   8     
47666.190   8     
47699.523   8     
47732.856   8     
47766.189   8     
47799.522   8     
47832.855   8     
47866.188   8     
47899.521   8     
47932.854   8     
47966.187   8     
47999.520   8     
48032.853   8     
48066.186   8     
48099.519   8     
48132.852   8     
48166.185   8     
48199.518   8     
48232.851   8     
48266.184   8     
48299.517   8     
48332.850   8     
48366.183   8     
48399.516   8     
48432.849   8     
48466.182   8     
48499.515   8     
48532.848   8     
48566.181   8     
48599.514   8     
48632.847   8     
48666.180   8     
48699.513   8     
48732.846   8     
48766.179   8     
48799.512   8     
48832.845   8     
48866.178   8     
48899.511   8     
48932.844   8     
48966.177   8     
48999.510   8     
49032.843   8     
49066.176   8     
49099.509   8     
49132.842   8     
49166.175   8     
49199.508   8     
49232.841   8     
49266.174   8     
49299.507   8     
49332.840   8     
49366.173   8     
49399.506   8     
49432.839   8     
49466.172   8     
49499.505   8     
49532.838   8     
49566.171   8     
49599.504   8     
49632.837   8     
49666.170   8     
49699.503   8     
49732.836   8     
49766.169   3     
49799.502   3     
49832.835   3     
49866.168   3     
49899.501   3     
49932.834   3     
49966.167   3     
49999.500   3     
50032.833   3     
50066.166   3     
50099.499   3     
50132.832   3     
50166.165   3     
50199.498   3     
50232.831   3     
50266.164   3     
50299.497   3     
50332.830   3     
50366.163   3     
50399.496   3     
50432.829   3     
50466.162   3     
50499.495   3     
50532.828   3     
50566.161   3     
50599.494   3     
50632.827   3     
50666.160   3     
50699.493   3     
50732.826   3     
50766.159   3     
50799.492   3     
50832.825   3     
50866.158   3     
50899.491   3     
50932.824   3     
50966.157   3     
50999.490   3     
51032.823   3     
51066.156   3     
51099.489   3     
51132.822   3     
51166.155   3     
51199.488   3     
51232.821   3     
51266.154   3     
51299.487   3     
51332.820   3     
51366.153   5     
51399.486   5     
51432.819   5     
51466.152   5     
51499.485   5     
51532.818   5     
51566.151   5     
51599.484   5     
51632.817   5     
51666.150   5     
51699.483   5     
51732.816   5     
51766.149   5     
51799.482   5     
51832.815   5     
51866.148   5     
51899.481   5     
51932.814   5     
51966.147   5     
51999.480   5     
52032.813   5     
52066.146   5     
52099.479   5     
52132.812   5     
52166.145   5     
52199.478   5     
52232.811   5     
52266.144   5     
52299.477   5     
52332.810   5     
52366.143   5     
52399.476   5     
52432.809   5     
52466.142   5     
52499.475   5     
52532.808   5     
52566.141   5     
52599.474   5     
52632.807   5     
52666.140   5     
52699.473   5     
52732.806   5     
52766.139   5     
52799.472   5     
52832.805   5     
52866.138   5     
52899.471   5     
52932.804   5     
52966.137   5     
52999.470   5     
53032.803   5     
53066.136   5     
53099.469   5     
53132.802   5     
53166.135   5     
53199.468   5     
53232.801   5     
53266.134   5     
53299.467   5     
53332.800   5     
53366.133   5     
53399.466   5     
53432.799   5     
53466.132   5     
53499.465   5     
53532.798   5     
53566.131   5     
53599.464   5     
53632.797   5     
53666.130   5     
53699.463   5     
53732.796   7     
53766.129   7     
53799.462   7     
53832.795   7     
53866.128   7     
53899.461   7     
53932.794   7     
53966.127   7     
53999.460   7     
54032.793   7     
54066.126   7     
54099.459   7     
54132.792   7     
54166.125   7     
54199.458   7     
54232.791   7     
54266.124   7     
54299.457   7     
54332.790   7     
54366.123   7     
54399.456   7     
54432.789   7     
54466.122   7     
54499.455   7     
54532.788   7     
54566.121   7     
54599.454   7     
54632.787   7     
54666.120   7     
54699.453   7     
54732.786   7     
54766.119   7     
54799.452   7     
54832.785   7     
54866.118   7     
54899.451   7     
54932.784   7     
54966.117   7     
54999.450   7     
55032.783   7     
55066.116   7     
55099.449   7     
55132.782   7     
55166.115   7     
55199.448   7     
55232.781   7     
55266.114   7     
55299.447   7     
55332.780   7     
55366.113   7     
55399.446   7     
55432.779   7     
55466.112   7     
55499.445   7     
55532.778   7     
55566.111   7     
55599.444   7     
55632.777   7     
55666.110   7     
55699.443   7     
55732.776   7     
55766.109   7     
55799.442   7     
55832.775   7     
55866.108   7     
55899.441   7     
55932.774   7     
55966.107   7     
55999.440   7     
56032.773   7     
56066.106   7     
56099.439   7     
56132.772   7     
56166.105   7     
56199.438   7     
56232.771   7     
56266.104   7     
56299.437   7     
56332.770   7     
56366.103   7     
56399.436   7     
56432.769   7     
56466.102   7     
56499.435   7     
56532.768   7     
56566.101   7     
56599.434   7     
56632.767   7     
56666.100   7     
56699.433   7     
56732.766   7     
56766.099   7     
56799.432   7     
56832.765   7     
56866.098   7     
56899.431   7     
56932.764   7     
56966.097   7     
56999.430   7     
57032.763   7     
57066.096   7     
57099.429   7     
57132.762   7     
57166.095   7     
57199.428   7     
57232.761   7     
57266.094   7     
57299.427   7     
57332.760   7     
57366.093   7     
57399.426   7     
57432.759   7     
57466.092   7     
57499.425   7     
57532.758   7     
57566.091   7     
57599.424   7     
57632.757   7     
57666.090   7     
57699.423   7     
57732.756   7     
57766.089   7     
57799.422   7     
57832.755   7     
57866.088   7     
57899.421   7     
57932.754   7     
57966.087   7     
57999.420   7     
58032.753   7     
58066.086   7     
58099.419   7     
58132.752   7     
58166.085   7     
58199.418   7     
58232.751   7     
58266.084   7     
58299.417   7     
58332.750   7     
58366.083   7     
58399.416   7     
58432.749   7     
58466.082   7     
58499.415   7     
58532.748   7     
58566.081   7     
58599.414   7     
58632.747   7     
58666.080   7     
58699.413   7     
58732.746   7     
58766.079   7     
58799.412   7     
58832.745   7     
58866.078   7     
58899.411   7     
58932.744   7     
58966.077   7     
58999.410   7     
59032.743   7     
59066.076   7     
59099.409   7     
59132.742   7     
59166.075   7     
59199.408   7     
59232.741   7     
59266.074   7     
59299.407   7     
59332.740   7     
59366.073   7     
59399.406   7     
59432.739   7     
59466.072   7     
59499.405   7     
59532.738   7     
59566.071   7     
59599.404   7     
59632.737   7     
59666.070   7     
59699.403   7     
59732.736   7     
59766.069   7     
59799.402   7     
59832.735   7     
59866.068   7     
59899.401   7     
59932.734   7     
59966.067   7     
59999.400   7     
60032.733   7     
60066.066   7     
60099.399   7     
60132.732   7     
60166.065   7     
60199.398   7     
60232.731   7     
60266.064   7     
60299.397   7     
60332.730   7     
60366.063   7     
60399.396   7     
60432.729   7     
60466.062   7     
60499.395   7     
60532.728   7     
60566.061   7     
60599.394   7     
60632.727   7     
60666.060   7     
60699.393   7     
60732.726   7     
60766.059   7     
60799.392   7     
60832.725   7     
60866.058   7     
60899.391   7     
60932.724   7     
60966.057   7     
60999.390   7     
61032.723   7     
61066.056   7     
61099.389   7     
61132.722   7     
61166.055   7     
61199.388   7     
61232.721   7     
61266.054   7     
61299.387   7     
61332.720   7     
61366.053   7     
61399.386   7     
61432.719   7     
61466.052   7     
61499.385   7     
61532.718   7     
61566.051   7     
61599.384   7     
61632.717   7     
61666.050   7     
61699.383   7     
61732.716   7     
61766.049   7     
61799.382   7     
61832.715   7     
61866.048   7     
61899.381   7     
61932.714   7     
61966.047   7     
61999.380   7     
62032.713   7     
62066.046   7     
62099.379   7     
62132.712   7     
62166.045   7     
62199.378   7     
62232.711   7     
62266.044   7     
62299.377   7     
62332.710   7     
62366.043   7     
62399.376   7     
62432.709   7     
62466.042   7     
62499.375   7     
62532.708   7     
62566.041   7     
62599.374   7     
62632.707   7     
62666.040   7     
62699.373   7     
62732.706   7     
62766.039   7     
62799.372   7     
62832.705   7     
62866.038   7     
62899.371   7     
62932.704   7     
62966.037   7     
62999.370   7     
63032.703   7     
63066.036   7     
63099.369   7     
63132.702   7     
63166.035   7     
63199.368   7     
63232.701   7     
63266.034   7     
63299.367   7     
63332.700   7     
63366.033   7     
63399.366   7     
63432.699   7     
63466.032   7     
63499.365   7     
63532.698   7     
63566.031   7     
63599.364   7     
63632.697   7     
63666.030   7     
63699.363   7     
63732.696   7     
63766.029   7     
63799.362   7     
63832.695   7     
63866.028   7     
63899.361   7     
63932.694   7     
63966.027   7     
63999.360   7     
64032.693   7     
64066.026   7     
64099.359   7     
64132.692   7     
64166.025   7     
64199.358   7     
64232.691   7     
64266.024   7     
64299.357   7     
64332.690   7     
64366.023   7     
64399.356   7     
64432.689   8     
64466.022   8     
64499.355   8     
64532.688   8     
64566.021   8     
64599.354   8     
64632.687   8     
64666.020   8     
64699.353   8     
64732.686   8     
64766.019   8     
64799.352   8     
64832.685   8     
64866.018   8     
64899.351   8     
64932.684   8     
64966.017   8     
64999.350   8     
65032.683   8     
65066.016   8     
65099.349   8     
65132.682   8     
65166.015   8     
65199.348   8     
65232.681   8     
65266.014   8     
65299.347   8     
65332.680   8     
65366.013   8     
65399.346   8     
65432.679   8     
65466.012   8     
65499.345   8     
65532.678   8     
65566.011   8     
65599.344   8     
65632.677   8     
65666.010   8     
65699.343   8     
65732.676   8     
65766.009   8     
65799.342   8     
65832.675   8     
65866.008   8     
65899.341   8     
65932.674   8     
65966.007   8     
65999.340   8     
66032.673   8     
66066.006   8     
66099.339   8     
66132.672   8     
66166.005   8     
66199.338   8     
66232.671   8     
66266.004   8     
66299.337   8     
66332.670   8     
66366.003   8     
66399.336   8     
66432.669   8     
66466.002   8     
66499.335   8     
66532.668   8     
66566.001   8     
66599.334   8     
66632.667   8     
66666.000   8     
66699.333   8     
66732.666   8     
66765.999   8     
66799.332   8     
66832.665   8     
66865.998   8     
66899.331   8     
66932.664   8     
66965.997   8     
66999.330   8     
67032.663   8     
67065.996   8     
67099.329   8     
67132.662   8     
67165.995   8     
67199.328   8     
67232.661   8     
67265.994   8     
67299.327   8     
67332.660   8     
67365.993   8     
67399.326   8     
67432.659   8     
67465.992   8     
67499.325   8     
67532.658   8     
67565.991   8     
67599.324   8     
67632.657   8     
67665.990   8     
67699.323   8     
67732.656   8     
67765.989   8     
67799.322   8     
67832.655   8     
67865.988   8     
67899.321   8     
67932.654   8     
67965.987   8     
67999.320   8     
68032.653   8     
68065.986   8     
68099.319   8     
68132.652   8     
68165.985   8     
68199.318   8     
68232.651   8     
68265.984   8     
68299.317   8     
68332.650   8     
68365.983   8     
68399.316   8     
68432.649   8     
68465.982   8     
68499.315   8     
68532.648   8     
68565.981   8     
68599.314   8     
68632.647   8     
68665.980   8     
68699.313   8     
68732.646   8     
68765.979   8     
68799.312   8     
68832.645   8     
68865.978   8     
68899.311   8     
68932.644   8     
68965.977   8     
68999.310   8     
69032.643   8     
69065.976   8     
69099.309   8     
69132.642   8     
69165.975   8     
69199.308   3     
69232.641   3     
69265.974   3     
69299.307   3     
69332.640   3     
69365.973   3     
69399.306   3     
69432.639   3     
69465.972   3     
69499.305   3     
69532.638   3     
69565.971   3     
69599.304   3     
69632.637   3     
69665.970   3     
69699.303   3     
69732.636   3     
69765.969   3     
69799.302   3     
69832.635   3     
69865.968   3     
69899.301   3     
69932.634   3     
69965.967   3     
69999.300   3     
70032.633   3     
70065.966   3     
70099.299   3     
70132.632   3     
70165.965   3     
70199.298   3     
70232.631   3     
70265.964   3     
70299.297   3     
70332.630   3     
70365.963   3     
70399.296   3     
70432.629   3     
70465.962   3     
70499.295   3     
70532.628   3     
70565.961   3     
70599.294   3     
70632.627   3     
70665.960   3     
70699.293   3     
70732.626   3     
70765.959   3     
70799.292   3     
70832.625   3     
70865.958   3     
70899.291   3     
70932.624   3     
70965.957   3     
70999.290   6     
71032.623   6     
71065.956   6     
71099.289   6     
71132.622   6     
71165.955   6     
71199.288   6     
71232.621   6     
71265.954   6     
71299.287   6     
71332.620   6     
71365.953   6     
71399.286   6     
71432.619   6     
71465.952   6     
71499.285   6     
71532.618   6     
71565.951   6     
71599.284   6     
71632.617   6     
71665.950   6     
71699.283   6     
71732.616   6     
71765.949   6     
71799.282   6     
71832.615   6     
71865.948   6     
71899.281   6     
71932.614   6     
71965.947   6     
71999.280   6     
72032.613   6     
72065.946   6     
72099.279   6     
72132.612   6     
72165.945   6     
72199.278   6     
72232.611   6     
72265.944   6     
72299.277   6     
72332.610   6     
72365.943   6     
72399.276   6     
72432.609   6     
72465.942   6     
72499.275   6     
72532.608   6     
72565.941   6     
72599.274   6     
72632.607   6     
72665.940   6     
72699.273   6     
72732.606   6     
72765.939   6     
72799.272   6     
72832.605   6     
72865.938   6     
72899.271   6     
72932.604   6     
72965.937   6     
72999.270   6     
73032.603   6     
73065.936   6     
73099.269   6     
73132.602   6     
73165.935   6     
73199.268   6     
73232.601   6     
73265.934   6     
73299.267   6     
73332.600   6     
73365.933   6     
73399.266   6     
73432.599   6     
73465.932   6     
73499.265   6     
73532.598   6     
73565.931   6     
73599.264   6     
73632.597   6     
73665.930   6     
73699.263   6     
73732.596   6     
73765.929   7     
73799.262   7     
73832.595   7     
73865.928   7     
73899.261   7     
73932.594   7     
73965.927   7     
73999.260   7     
74032.593   7     
74065.926   7     
74099.259   7     
74132.592   7     
74165.925   7     
74199.258   7     
74232.591   7     
74265.924   7     
74299.257   7     
74332.590   7     
74365.923   7     
74399.256   7     
74432.589   7     
74465.922   7     
74499.255   7     
74532.588   7     
74565.921   7     
74599.254   7     
74632.587   7     
74665.920   7     
74699.253   7     
74732.586   7     
74765.919   7     
74799.252   7     
74832.585   7     
74865.918   7     
74899.251   7     
74932.584   7     
74965.917   7     
74999.250   7     
75032.583   7     
75065.916   7     
75099.249   7     
75132.582   7     
75165.915   7     
75199.248   7     
75232.581   7     
75265.914   7     
75299.247   7     
75332.580   7     
75365.913   7     
75399.246   7     
75432.579   7     
75465.912   7     
75499.245   7     
75532.578   7     
75565.911   7     
75599.244   7     
75632.577   7     
75665.910   7     
75699.243   7     
75732.576   7     
75765.909   7     
75799.242   7     
75832.575   7     
75865.908   7     
75899.241   7     
75932.574   7     
75965.907   7     
75999.240   7     
76032.573   7     
76065.906   7     
76099.239   7     
76132.572   7     
76165.905   7     
76199.238   7     
76232.571   7     
76265.904   7     
76299.237   7     
76332.570   7     
76365.903   7     
76399.236   7     
76432.569   7     
76465.902   7     
76499.235   7     
76532.568   7     
76565.901   7     
76599.234   7     
76632.567   7     
76665.900   7     
76699.233   7     
76732.566   7     
76765.899   7     
76799.232   7     
76832.565   7     
76865.898   7     
76899.231   7     
76932.564   7     
76965.897   7     
76999.230   7     
77032.563   7     
77065.896   7     
77099.229   7     
77132.562   7     
77165.895   7     
77199.228   7     
77232.561   7     
77265.894   7     
77299.227   7     
77332.560   7     
77365.893   7     
77399.226   7     
77432.559   7     
77465.892   7     
77499.225   7     
77532.558   8     
77565.891   8     
77599.224   8     
77632.557   8     
77665.890   8     
77699.223   8     
77732.556   8     
77765.889   8     
77799.222   8     
77832.555   8     
77865.888   8     
77899.221   8     
77932.554   8     
77965.887   8     
77999.220   8     
78032.553   8     
78065.886   8     
78099.219   8     
78132.552   8     
78165.885   8     
78199.218   8     
78232.551   8     
78265.884   8     
78299.217   8     
78332.550   8     
78365.883   8     
78399.216   8     
78432.549   8     
78465.882   8     
78499.215   8     
78532.548   8     
78565.881   8     
78599.214   8     
78632.547   8     
78665.880   8     
78699.213   8     
78732.546   8     
78765.879   8     
78799.212   8     
78832.545   8     
78865.878   8     
78899.211   8     
78932.544   8     
78965.877   8     
78999.210   8     
79032.543   8     
79065.876   8     
79099.209   8     
79132.542   8     
79165.875   8     
79199.208   8     
79232.541   8     
79265.874   8     
79299.207   8     
79332.540   8     
79365.873   8     
79399.206   8     
79432.539   8     
79465.872   8     
79499.205   8     
79532.538   8     
79565.871   8     
79599.204   8     
79632.537   8     
79665.870   8     
79699.203   8     
79732.536   8     
79765.869   8     
79799.202   8     
79832.535   8     
79865.868   8     
79899.201   8     
79932.534   8     
79965.867   8     
79999.200   8     
80032.533   8     
80065.866   8     
80099.199   8     
80132.532   8     
80165.865   8     
80199.198   8     
80232.531   8     
80265.864   8     
80299.197   8     
80332.530   8     
80365.863   8     
80399.196   8     
80432.529   8     
80465.862   8     
80499.195   8     
80532.528   8     
80565.861   8     
80599.194   8     
80632.527   8     
80665.860   8     
80699.193   8     
80732.526   8     
80765.859   8     
80799.192   8     
80832.525   8     
80865.858   8     
80899.191   8     
80932.524   8     
80965.857   8     
80999.190   8     
81032.523   8     
81065.856   8     
81099.189   8     
81132.522   8     
81165.855   8     
81199.188   8     
81232.521   8     
81265.854   8     
81299.187   8     
81332.520   8     
81365.853   8     
81399.186   8     
81432.519   8     
81465.852   8     
81499.185   8     
81532.518   8     
81565.851   8     
81599.184   8     
81632.517   8     
81665.850   8     
81699.183   8     
81732.516   8     
81765.849   8     
81799.182   8     
81832.515   8     
81865.848   8     
81899.181   8     
81932.514   9     
81965.847   9     
81999.180   9     
82032.513   9     
82065.846   9     
82099.179   9     
82132.512   9     
82165.845   9     
82199.178   9     
82232.511   9     
82265.844   9     
82299.177   9     
82332.510   9     
82365.843   9     
82399.176   9     
82432.509   9     
82465.842   9     
82499.175   9     
82532.508   9     
82565.841   9     
82599.174   9     
82632.507   9     
82665.840   9     
82699.173   9     
82732.506   9     
82765.839   9     
82799.172   9     
82832.505   9     
82865.838   9     
82899.171   9     
82932.504   9     
82965.837   9     
82999.170   9     
83032.503   9     
83065.836   9     
83099.169   9     
83132.502   9     
83165.835   9     
83199.168   9     
83232.501   9     
83265.834   9     
83299.167   9     
83332.500   9     
83365.833   9     
83399.166   9     
83432.499   9     
83465.832   9     
83499.165   9     
83532.498   9     
83565.831   9     
83599.164   9     
83632.497   9     
83665.830   9     
83699.163   9     
83732.496   9     
83765.829   9     
83799.162   9     
83832.495   9     
83865.828   9     
83899.161   9     
83932.494   9     
83965.827   9     
83999.160   9     
84032.493   9     
84065.826   9     
84099.159   9     
84132.492   9     
84165.825   9     
84199.158   9     
84232.491   9     
84265.824   9     
84299.157   9     
84332.490   9     
84365.823   9     
84399.156   9     
84432.489   9     
84465.822   9     
84499.155   9     
84532.488   9     
84565.821   9     
84599.154   9     
84632.487   9     
84665.820   9     
84699.153   9     
84732.486   9     
84765.819   9     
84799.152   9     
84832.485   9     
84865.818   9     
84899.151   9     
