Time (ms)   Label 
0.000       9     
33.333      9     
66.666      9     
99.999      9     
133.332     9     
166.665     9     
199.998     9     
233.331     9     
266.664     9     
299.997     9     
333.330     9     
366.663     9     
399.996     9     
433.329     9     
466.662     9     
499.995     9     
533.328     9     
566.661     9     
599.994     9     
633.327     9     
666.660     9     
699.993     9     
733.326     9     
766.659     9     
799.992     9     
833.325     9     
866.658     9     
899.991     9     
933.324     9     
966.657     9     
999.990     9     
1033.323    9     
1066.656    9     
1099.989    9     
1133.322    9     
1166.655    9     
1199.988    9     
1233.321    9     
1266.654    9     
1299.987    9     
1333.320    9     
1366.653    9     
1399.986    9     
1433.319    9     
1466.652    9     
1499.985    9     
1533.318    9     
1566.651    9     
1599.984    9     
1633.317    9     
1666.650    9     
1699.983    9     
1733.316    9     
1766.649    9     
1799.982    9     
1833.315    9     
1866.648    9     
1899.981    9     
1933.314    9     
1966.647    9     
1999.980    9     
2033.313    9     
2066.646    9     
2099.979    9     
2133.312    9     
2166.645    9     
2199.978    9     
2233.311    9     
2266.644    9     
2299.977    9     
2333.310    9     
2366.643    9     
2399.976    9     
2433.309    9     
2466.642    9     
2499.975    9     
2533.308    9     
2566.641    9     
2599.974    9     
2633.307    9     
2666.640    9     
2699.973    9     
2733.306    9     
2766.639    9     
2799.972    9     
2833.305    9     
2866.638    9     
2899.971    9     
2933.304    9     
2966.637    9     
2999.970    9     
3033.303    9     
3066.636    9     
3099.969    9     
3133.302    9     
3166.635    9     
3199.968    9     
3233.301    9     
3266.634    9     
3299.967    9     
3333.300    9     
3366.633    9     
3399.966    9     
3433.299    9     
3466.632    9     
3499.965    9     
3533.298    9     
3566.631    9     
3599.964    9     
3633.297    9     
3666.630    9     
3699.963    9     
3733.296    9     
3766.629    9     
3799.962    9     
3833.295    9     
3866.628    9     
3899.961    9     
3933.294    9     
3966.627    9     
3999.960    9     
4033.293    9     
4066.626    9     
4099.959    9     
4133.292    9     
4166.625    9     
4199.958    9     
4233.291    9     
4266.624    9     
4299.957    9     
4333.290    9     
4366.623    9     
4399.956    9     
4433.289    9     
4466.622    9     
4499.955    9     
4533.288    9     
4566.621    9     
4599.954    9     
4633.287    9     
4666.620    9     
4699.953    9     
4733.286    9     
4766.619    9     
4799.952    1     
4833.285    1     
4866.618    1     
4899.951    1     
4933.284    1     
4966.617    1     
4999.950    1     
5033.283    1     
5066.616    1     
5099.949    1     
5133.282    1     
5166.615    1     
5199.948    1     
5233.281    1     
5266.614    1     
5299.947    1     
5333.280    1     
5366.613    1     
5399.946    1     
5433.279    1     
5466.612    1     
5499.945    1     
5533.278    1     
5566.611    1     
5599.944    1     
5633.277    1     
5666.610    1     
5699.943    1     
5733.276    1     
5766.609    1     
5799.942    1     
5833.275    1     
5866.608    1     
5899.941    1     
5933.274    1     
5966.607    1     
5999.940    1     
6033.273    1     
6066.606    1     
6099.939    1     
6133.272    1     
6166.605    1     
6199.938    1     
6233.271    1     
6266.604    1     
6299.937    1     
6333.270    1     
6366.603    1     
6399.936    1     
6433.269    1     
6466.602    1     
6499.935    1     
6533.268    1     
6566.601    1     
6599.934    1     
6633.267    1     
6666.600    1     
6699.933    1     
6733.266    1     
6766.599    1     
6799.932    1     
6833.265    1     
6866.598    1     
6899.931    1     
6933.264    1     
6966.597    1     
6999.930    1     
7033.263    1     
7066.596    1     
7099.929    1     
7133.262    1     
7166.595    1     
7199.928    1     
7233.261    1     
7266.594    1     
7299.927    1     
7333.260    1     
7366.593    1     
7399.926    1     
7433.259    1     
7466.592    1     
7499.925    1     
7533.258    1     
7566.591    1     
7599.924    1     
7633.257    1     
7666.590    1     
7699.923    1     
7733.256    1     
7766.589    1     
7799.922    1     
7833.255    1     
7866.588    1     
7899.921    1     
7933.254    1     
7966.587    1     
7999.920    1     
8033.253    1     
8066.586    1     
8099.919    1     
8133.252    1     
8166.585    1     
8199.918    1     
8233.251    1     
8266.584    1     
8299.917    1     
8333.250    1     
8366.583    1     
8399.916    1     
8433.249    1     
8466.582    1     
8499.915    1     
8533.248    1     
8566.581    1     
8599.914    1     
8633.247    1     
8666.580    1     
8699.913    1     
8733.246    1     
8766.579    1     
8799.912    1     
8833.245    1     
8866.578    1     
8899.911    1     
8933.244    1     
8966.577    1     
8999.910    1     
9033.243    1     
9066.576    1     
9099.909    1     
9133.242    1     
9166.575    1     
9199.908    1     
9233.241    1     
9266.574    1     
9299.907    1     
9333.240    1     
9366.573    1     
9399.906    1     
9433.239    1     
9466.572    1     
9499.905    1     
9533.238    1     
9566.571    1     
9599.904    1     
9633.237    1     
9666.570    1     
9699.903    1     
9733.236    1     
9766.569    1     
9799.902    1     
9833.235    1     
9866.568    1     
9899.901    1     
9933.234    1     
9966.567    1     
9999.900    1     
10033.233   1     
10066.566   1     
10099.899   1     
10133.232   1     
10166.565   1     
10199.898   1     
10233.231   1     
10266.564   1     
10299.897   1     
10333.230   1     
10366.563   1     
10399.896   1     
10433.229   1     
10466.562   1     
10499.895   1     
10533.228   1     
10566.561   1     
10599.894   1     
10633.227   1     
10666.560   1     
10699.893   1     
10733.226   1     
10766.559   1     
10799.892   1     
10833.225   1     
10866.558   1     
10899.891   1     
10933.224   1     
10966.557   1     
10999.890   1     
11033.223   1     
11066.556   1     
11099.889   1     
11133.222   1     
11166.555   1     
11199.888   1     
11233.221   1     
11266.554   1     
11299.887   1     
11333.220   1     
11366.553   1     
11399.886   1     
11433.219   1     
11466.552   1     
11499.885   1     
11533.218   1     
11566.551   1     
11599.884   1     
11633.217   1     
11666.550   1     
11699.883   1     
11733.216   1     
11766.549   1     
11799.882   1     
11833.215   1     
11866.548   1     
11899.881   1     
11933.214   1     
11966.547   1     
11999.880   1     
12033.213   1     
12066.546   1     
12099.879   1     
12133.212   1     
12166.545   1     
12199.878   1     
12233.211   1     
12266.544   1     
12299.877   1     
12333.210   1     
12366.543   1     
12399.876   1     
12433.209   1     
12466.542   1     
12499.875   1     
12533.208   1     
12566.541   1     
12599.874   1     
12633.207   1     
12666.540   1     
12699.873   1     
12733.206   1     
12766.539   1     
12799.872   1     
12833.205   1     
12866.538   1     
12899.871   1     
12933.204   1     
12966.537   1     
12999.870   1     
13033.203   1     
13066.536   1     
13099.869   1     
13133.202   1     
13166.535   1     
13199.868   1     
13233.201   1     
13266.534   1     
13299.867   1     
13333.200   1     
13366.533   1     
13399.866   1     
13433.199   1     
13466.532   1     
13499.865   1     
13533.198   1     
13566.531   1     
13599.864   1     
13633.197   1     
13666.530   1     
13699.863   1     
13733.196   1     
13766.529   1     
13799.862   1     
13833.195   1     
13866.528   1     
13899.861   1     
13933.194   1     
13966.527   1     
13999.860   1     
14033.193   1     
14066.526   1     
14099.859   1     
14133.192   1     
14166.525   1     
14199.858   1     
14233.191   1     
14266.524   1     
14299.857   1     
14333.190   1     
14366.523   1     
14399.856   1     
14433.189   1     
14466.522   1     
14499.855   1     
14533.188   1     
14566.521   1     
14599.854   1     
14633.187   1     
14666.520   1     
14699.853   1     
14733.186   1     
14766.519   1     
14799.852   1     
14833.185   1     
14866.518   1     
14899.851   1     
14933.184   1     
14966.517   1     
14999.850   1     
15033.183   1     
15066.516   1     
15099.849   1     
15133.182   1     
15166.515   1     
15199.848   1     
15233.181   1     
15266.514   1     
15299.847   1     
15333.180   1     
15366.513   1     
15399.846   1     
15433.179   1     
15466.512   1     
15499.845   1     
15533.178   1     
15566.511   2     
15599.844   2     
15633.177   2     
15666.510   2     
15699.843   2     
15733.176   2     
15766.509   2     
15799.842   2     
15833.175   2     
15866.508   2     
15899.841   2     
15933.174   2     
15966.507   2     
15999.840   2     
16033.173   2     
16066.506   2     
16099.839   2     
16133.172   2     
16166.505   2     
16199.838   2     
16233.171   2     
16266.504   2     
16299.837   2     
16333.170   2     
16366.503   2     
16399.836   2     
16433.169   2     
16466.502   2     
16499.835   2     
16533.168   2     
16566.501   2     
16599.834   2     
16633.167   2     
16666.500   2     
16699.833   2     
16733.166   2     
16766.499   2     
16799.832   2     
16833.165   2     
16866.498   2     
16899.831   2     
16933.164   2     
16966.497   2     
16999.830   2     
17033.163   2     
17066.496   2     
17099.829   2     
17133.162   2     
17166.495   2     
17199.828   2     
17233.161   2     
17266.494   2     
17299.827   2     
17333.160   2     
17366.493   2     
17399.826   2     
17433.159   2     
17466.492   2     
17499.825   2     
17533.158   2     
17566.491   2     
17599.824   2     
17633.157   2     
17666.490   2     
17699.823   2     
17733.156   2     
17766.489   2     
17799.822   2     
17833.155   2     
17866.488   2     
17899.821   2     
17933.154   2     
17966.487   2     
17999.820   2     
18033.153   2     
18066.486   2     
18099.819   2     
18133.152   2     
18166.485   2     
18199.818   2     
18233.151   2     
18266.484   2     
18299.817   2     
18333.150   2     
18366.483   2     
18399.816   2     
18433.149   2     
18466.482   2     
18499.815   2     
18533.148   2     
18566.481   2     
18599.814   2     
18633.147   2     
18666.480   2     
18699.813   2     
18733.146   2     
18766.479   2     
18799.812   2     
18833.145   2     
18866.478   2     
18899.811   2     
18933.144   2     
18966.477   2     
18999.810   2     
19033.143   2     
19066.476   2     
19099.809   2     
19133.142   2     
19166.475   2     
19199.808   2     
19233.141   2     
19266.474   2     
19299.807   2     
19333.140   2     
19366.473   2     
19399.806   2     
19433.139   2     
19466.472   2     
19499.805   2     
19533.138   2     
19566.471   2     
19599.804   2     
19633.137   2     
19666.470   2     
19699.803   2     
19733.136   2     
19766.469   2     
19799.802   2     
19833.135   2     
19866.468   2     
19899.801   2     
19933.134   2     
19966.467   2     
19999.800   2     
20033.133   2     
20066.466   2     
20099.799   2     
20133.132   2     
20166.465   2     
20199.798   2     
20233.131   2     
20266.464   2     
20299.797   2     
20333.130   2     
20366.463   2     
20399.796   2     
20433.129   2     
20466.462   2     
20499.795   2     
20533.128   2     
20566.461   2     
20599.794   2     
20633.127   2     
20666.460   2     
20699.793   2     
20733.126   2     
20766.459   2     
20799.792   2     
20833.125   2     
20866.458   2     
20899.791   2     
20933.124   2     
20966.457   2     
20999.790   2     
21033.123   2     
21066.456   2     
21099.789   2     
21133.122   2     
21166.455   2     
21199.788   2     
21233.121   2     
21266.454   2     
21299.787   2     
21333.120   2     
21366.453   2     
21399.786   2     
21433.119   2     
21466.452   2     
21499.785   2     
21533.118   2     
21566.451   2     
21599.784   2     
21633.117   2     
21666.450   2     
21699.783   2     
21733.116   2     
21766.449   2     
21799.782   2     
21833.115   2     
21866.448   2     
21899.781   2     
21933.114   2     
21966.447   2     
21999.780   2     
22033.113   2     
22066.446   2     
22099.779   2     
22133.112   2     
22166.445   2     
22199.778   2     
22233.111   2     
22266.444   2     
22299.777   2     
22333.110   2     
22366.443   2     
22399.776   2     
22433.109   2     
22466.442   2     
22499.775   2     
22533.108   2     
22566.441   2     
22599.774   2     
22633.107   2     
22666.440   2     
22699.773   2     
22733.106   2     
22766.439   2     
22799.772   2     
22833.105   2     
22866.438   2     
22899.771   2     
22933.104   2     
22966.437   2     
22999.770   2     
23033.103   2     
23066.436   2     
23099.769   2     
23133.102   2     
23166.435   2     
23199.768   2     
23233.101   2     
23266.434   2     
23299.767   2     
23333.100   2     
23366.433   2     
23399.766   2     
23433.099   2     
23466.432   2     
23499.765   2     
23533.098   2     
23566.431   2     
23599.764   2     
23633.097   2     
23666.430   2     
23699.763   2     
23733.096   2     
23766.429   2     
23799.762   2     
23833.095   2     
23866.428   2     
23899.761   2     
23933.094   2     
23966.427   2     
23999.760   2     
24033.093   2     
24066.426   2     
24099.759   2     
24133.092   2     
24166.425   2     
24199.758   2     
24233.091   2     
24266.424   2     
24299.757   2     
24333.090   2     
24366.423   2     
24399.756   2     
24433.089   2     
24466.422   2     
24499.755   2     
24533.088   2     
24566.421   2     
24599.754   2     
24633.087   2     
24666.420   2     
24699.753   2     
24733.086   2     
24766.419   2     
24799.752   2     
24833.085   2     
24866.418   2     
24899.751   2     
24933.084   2     
24966.417   2     
24999.750   2     
25033.083   2     
25066.416   2     
25099.749   2     
25133.082   2     
25166.415   2     
25199.748   2     
25233.081   2     
25266.414   2     
25299.747   2     
25333.080   2     
25366.413   2     
25399.746   2     
25433.079   2     
25466.412   2     
25499.745   2     
25533.078   2     
25566.411   2     
25599.744   2     
25633.077   2     
25666.410   2     
25699.743   2     
25733.076   2     
25766.409   2     
25799.742   2     
25833.075   2     
25866.408   2     
25899.741   2     
25933.074   2     
25966.407   2     
25999.740   2     
26033.073   2     
26066.406   2     
26099.739   2     
26133.072   2     
26166.405   2     
26199.738   2     
26233.071   2     
26266.404   2     
26299.737   2     
26333.070   2     
26366.403   2     
26399.736   2     
26433.069   2     
26466.402   2     
26499.735   2     
26533.068   2     
26566.401   2     
26599.734   2     
26633.067   2     
26666.400   2     
26699.733   2     
26733.066   2     
26766.399   2     
26799.732   2     
26833.065   2     
26866.398   2     
26899.731   2     
26933.064   2     
26966.397   2     
26999.730   2     
27033.063   2     
27066.396   2     
27099.729   2     
27133.062   2     
27166.395   2     
27199.728   2     
27233.061   2     
27266.394   2     
27299.727   2     
27333.060   2     
27366.393   2     
27399.726   2     
27433.059   2     
27466.392   2     
27499.725   2     
27533.058   2     
27566.391   2     
27599.724   2     
27633.057   2     
27666.390   2     
27699.723   2     
27733.056   2     
27766.389   2     
27799.722   2     
27833.055   2     
27866.388   2     
27899.721   2     
27933.054   2     
27966.387   2     
27999.720   2     
28033.053   2     
28066.386   2     
28099.719   2     
28133.052   2     
28166.385   2     
28199.718   2     
28233.051   2     
28266.384   2     
28299.717   2     
28333.050   2     
28366.383   2     
28399.716   2     
28433.049   2     
28466.382   2     
28499.715   2     
28533.048   2     
28566.381   2     
28599.714   2     
28633.047   2     
28666.380   2     
28699.713   2     
28733.046   2     
28766.379   2     
28799.712   2     
28833.045   2     
28866.378   2     
28899.711   2     
28933.044   2     
28966.377   2     
28999.710   2     
29033.043   2     
29066.376   2     
29099.709   2     
29133.042   2     
29166.375   2     
29199.708   2     
29233.041   2     
29266.374   2     
29299.707   2     
29333.040   2     
29366.373   2     
29399.706   2     
29433.039   2     
29466.372   2     
29499.705   2     
29533.038   2     
29566.371   2     
29599.704   2     
29633.037   2     
29666.370   2     
29699.703   2     
29733.036   2     
29766.369   2     
29799.702   2     
29833.035   2     
29866.368   2     
29899.701   2     
29933.034   2     
29966.367   2     
29999.700   2     
30033.033   2     
30066.366   2     
30099.699   2     
30133.032   2     
30166.365   2     
30199.698   2     
30233.031   2     
30266.364   2     
30299.697   2     
30333.030   2     
30366.363   2     
30399.696   2     
30433.029   2     
30466.362   2     
30499.695   2     
30533.028   2     
30566.361   2     
30599.694   2     
30633.027   2     
30666.360   2     
30699.693   2     
30733.026   2     
30766.359   2     
30799.692   2     
30833.025   2     
30866.358   2     
30899.691   2     
30933.024   2     
30966.357   2     
30999.690   2     
31033.023   2     
31066.356   2     
31099.689   2     
31133.022   2     
31166.355   2     
31199.688   2     
31233.021   2     
31266.354   2     
31299.687   2     
31333.020   2     
31366.353   2     
31399.686   2     
31433.019   2     
31466.352   2     
31499.685   2     
31533.018   2     
31566.351   2     
31599.684   2     
31633.017   2     
31666.350   2     
31699.683   2     
31733.016   2     
31766.349   2     
31799.682   2     
31833.015   2     
31866.348   2     
31899.681   2     
31933.014   2     
31966.347   2     
31999.680   2     
32033.013   2     
32066.346   2     
32099.679   2     
32133.012   2     
32166.345   2     
32199.678   2     
32233.011   2     
32266.344   2     
32299.677   2     
32333.010   2     
32366.343   2     
32399.676   2     
32433.009   2     
32466.342   2     
32499.675   2     
32533.008   2     
32566.341   2     
32599.674   2     
32633.007   2     
32666.340   2     
32699.673   2     
32733.006   2     
32766.339   2     
32799.672   3     
32833.005   3     
32866.338   3     
32899.671   3     
32933.004   3     
32966.337   3     
32999.670   3     
33033.003   3     
33066.336   3     
33099.669   3     
33133.002   3     
33166.335   3     
33199.668   3     
33233.001   3     
33266.334   3     
33299.667   3     
33333.000   3     
33366.333   3     
33399.666   3     
33432.999   3     
33466.332   3     
33499.665   3     
33532.998   3     
33566.331   3     
33599.664   3     
33632.997   3     
33666.330   3     
33699.663   3     
33732.996   3     
33766.329   3     
33799.662   3     
33832.995   3     
33866.328   3     
33899.661   3     
33932.994   3     
33966.327   3     
33999.660   3     
34032.993   3     
34066.326   3     
34099.659   3     
34132.992   3     
34166.325   3     
34199.658   3     
34232.991   3     
34266.324   3     
34299.657   3     
34332.990   3     
34366.323   3     
34399.656   3     
34432.989   3     
34466.322   3     
34499.655   3     
34532.988   3     
34566.321   3     
34599.654   3     
34632.987   3     
34666.320   3     
34699.653   3     
34732.986   3     
34766.319   3     
34799.652   3     
34832.985   4     
34866.318   4     
34899.651   4     
34932.984   4     
34966.317   4     
34999.650   4     
35032.983   4     
35066.316   4     
35099.649   4     
35132.982   4     
35166.315   4     
35199.648   4     
35232.981   4     
35266.314   4     
35299.647   4     
35332.980   4     
35366.313   4     
35399.646   4     
35432.979   4     
35466.312   4     
35499.645   4     
35532.978   4     
35566.311   4     
35599.644   4     
35632.977   4     
35666.310   4     
35699.643   4     
35732.976   4     
35766.309   4     
35799.642   4     
35832.975   4     
35866.308   4     
35899.641   4     
35932.974   4     
35966.307   4     
35999.640   4     
36032.973   4     
36066.306   4     
36099.639   4     
36132.972   4     
36166.305   4     
36199.638   4     
36232.971   4     
36266.304   4     
36299.637   4     
36332.970   4     
36366.303   4     
36399.636   4     
36432.969   4     
36466.302   4     
36499.635   4     
36532.968   7     
36566.301   7     
36599.634   7     
36632.967   7     
36666.300   7     
36699.633   7     
36732.966   7     
36766.299   7     
36799.632   7     
36832.965   7     
36866.298   7     
36899.631   7     
36932.964   7     
36966.297   7     
36999.630   7     
37032.963   7     
37066.296   7     
37099.629   7     
37132.962   7     
37166.295   7     
37199.628   7     
37232.961   7     
37266.294   7     
37299.627   7     
37332.960   7     
37366.293   7     
37399.626   7     
37432.959   7     
37466.292   7     
37499.625   7     
37532.958   7     
37566.291   7     
37599.624   7     
37632.957   7     
37666.290   7     
37699.623   7     
37732.956   7     
37766.289   7     
37799.622   7     
37832.955   7     
37866.288   7     
37899.621   7     
37932.954   7     
37966.287   7     
37999.620   7     
38032.953   7     
38066.286   7     
38099.619   7     
38132.952   7     
38166.285   7     
38199.618   7     
38232.951   7     
38266.284   7     
38299.617   7     
38332.950   7     
38366.283   7     
38399.616   7     
38432.949   7     
38466.282   7     
38499.615   7     
38532.948   7     
38566.281   7     
38599.614   7     
38632.947   7     
38666.280   7     
38699.613   7     
38732.946   7     
38766.279   7     
38799.612   7     
38832.945   7     
38866.278   7     
38899.611   7     
38932.944   7     
38966.277   7     
38999.610   7     
39032.943   7     
39066.276   7     
39099.609   7     
39132.942   7     
39166.275   7     
39199.608   7     
39232.941   7     
39266.274   7     
39299.607   7     
39332.940   7     
39366.273   7     
39399.606   7     
39432.939   7     
39466.272   7     
39499.605   7     
39532.938   7     
39566.271   7     
39599.604   8     
39632.937   8     
39666.270   8     
39699.603   8     
39732.936   8     
39766.269   8     
39799.602   8     
39832.935   8     
39866.268   8     
39899.601   8     
39932.934   8     
39966.267   8     
39999.600   8     
40032.933   8     
40066.266   8     
40099.599   8     
40132.932   8     
40166.265   8     
40199.598   8     
40232.931   8     
40266.264   8     
40299.597   8     
40332.930   8     
40366.263   8     
40399.596   8     
40432.929   8     
40466.262   8     
40499.595   8     
40532.928   8     
40566.261   8     
40599.594   8     
40632.927   8     
40666.260   8     
40699.593   8     
40732.926   8     
40766.259   8     
40799.592   8     
40832.925   8     
40866.258   8     
40899.591   8     
40932.924   8     
40966.257   8     
40999.590   8     
41032.923   8     
41066.256   8     
41099.589   8     
41132.922   8     
41166.255   8     
41199.588   8     
41232.921   8     
41266.254   8     
41299.587   8     
41332.920   8     
41366.253   8     
41399.586   8     
41432.919   8     
41466.252   8     
41499.585   8     
41532.918   8     
41566.251   8     
41599.584   8     
41632.917   8     
41666.250   8     
41699.583   8     
41732.916   8     
41766.249   8     
41799.582   8     
41832.915   8     
41866.248   8     
41899.581   8     
41932.914   8     
41966.247   8     
41999.580   8     
42032.913   8     
42066.246   8     
42099.579   8     
42132.912   8     
42166.245   8     
42199.578   8     
42232.911   8     
42266.244   8     
42299.577   8     
42332.910   8     
42366.243   8     
42399.576   8     
42432.909   8     
42466.242   8     
42499.575   8     
42532.908   8     
42566.241   8     
42599.574   8     
42632.907   8     
42666.240   8     
42699.573   8     
42732.906   8     
42766.239   8     
42799.572   8     
42832.905   8     
42866.238   8     
42899.571   8     
42932.904   8     
42966.237   8     
42999.570   8     
43032.903   8     
43066.236   8     
43099.569   8     
43132.902   8     
43166.235   8     
43199.568   8     
43232.901   8     
43266.234   8     
43299.567   8     
43332.900   8     
43366.233   8     
43399.566   8     
43432.899   8     
43466.232   8     
43499.565   8     
43532.898   8     
43566.231   8     
43599.564   8     
43632.897   8     
43666.230   8     
43699.563   8     
43732.896   8     
43766.229   8     
43799.562   8     
43832.895   8     
43866.228   8     
43899.561   8     
43932.894   8     
43966.227   8     
43999.560   8     
44032.893   8     
44066.226   8     
44099.559   8     
44132.892   8     
44166.225   8     
44199.558   8     
44232.891   8     
44266.224   8     
44299.557   8     
44332.890   8     
44366.223   8     
44399.556   8     
44432.889   8     
44466.222   8     
44499.555   8     
44532.888   8     
44566.221   8     
44599.554   8     
44632.887   8     
44666.220   8     
44699.553   8     
44732.886   8     
44766.219   8     
44799.552   8     
44832.885   8     
44866.218   8     
44899.551   8     
44932.884   8     
44966.217   8     
44999.550   8     
45032.883   8     
45066.216   8     
45099.549   8     
45132.882   8     
45166.215   8     
45199.548   8     
45232.881   8     
45266.214   8     
45299.547   8     
45332.880   8     
45366.213   8     
45399.546   8     
45432.879   8     
45466.212   8     
45499.545   8     
45532.878   8     
45566.211   8     
45599.544   8     
45632.877   8     
45666.210   8     
45699.543   8     
45732.876   8     
45766.209   8     
45799.542   8     
45832.875   8     
45866.208   8     
45899.541   8     
45932.874   8     
45966.207   8     
45999.540   8     
46032.873   8     
46066.206   8     
46099.539   8     
46132.872   8     
46166.205   8     
46199.538   8     
46232.871   8     
46266.204   8     
46299.537   8     
46332.870   8     
46366.203   3     
46399.536   3     
46432.869   3     
46466.202   3     
46499.535   3     
46532.868   3     
46566.201   3     
46599.534   3     
46632.867   3     
46666.200   3     
46699.533   3     
46732.866   3     
46766.199   3     
46799.532   3     
46832.865   3     
46866.198   3     
46899.531   3     
46932.864   3     
46966.197   3     
46999.530   3     
47032.863   3     
47066.196   8     
47099.529   8     
47132.862   8     
47166.195   8     
47199.528   8     
47232.861   8     
47266.194   8     
47299.527   8     
47332.860   8     
47366.193   8     
47399.526   8     
47432.859   8     
47466.192   8     
47499.525   8     
47532.858   8     
47566.191   3     
47599.524   3     
47632.857   3     
47666.190   3     
47699.523   3     
47732.856   3     
47766.189   3     
47799.522   3     
47832.855   3     
47866.188   3     
47899.521   3     
47932.854   3     
47966.187   3     
47999.520   3     
48032.853   3     
48066.186   3     
48099.519   3     
48132.852   3     
48166.185   3     
48199.518   3     
48232.851   3     
48266.184   3     
48299.517   3     
48332.850   3     
48366.183   3     
48399.516   3     
48432.849   3     
48466.182   3     
48499.515   3     
48532.848   3     
48566.181   3     
48599.514   3     
48632.847   3     
48666.180   3     
48699.513   3     
48732.846   3     
48766.179   3     
48799.512   3     
48832.845   3     
48866.178   3     
48899.511   3     
48932.844   3     
48966.177   3     
48999.510   3     
49032.843   3     
49066.176   3     
49099.509   3     
49132.842   3     
49166.175   3     
49199.508   3     
49232.841   3     
49266.174   3     
49299.507   3     
49332.840   3     
49366.173   5     
49399.506   5     
49432.839   5     
49466.172   5     
49499.505   5     
49532.838   5     
49566.171   5     
49599.504   5     
49632.837   5     
49666.170   5     
49699.503   5     
49732.836   5     
49766.169   5     
49799.502   5     
49832.835   5     
49866.168   5     
49899.501   5     
49932.834   5     
49966.167   5     
49999.500   5     
50032.833   5     
50066.166   5     
50099.499   5     
50132.832   5     
50166.165   5     
50199.498   5     
50232.831   5     
50266.164   5     
50299.497   5     
50332.830   5     
50366.163   5     
50399.496   5     
50432.829   5     
50466.162   5     
50499.495   5     
50532.828   5     
50566.161   5     
50599.494   5     
50632.827   5     
50666.160   5     
50699.493   5     
50732.826   5     
50766.159   5     
50799.492   5     
50832.825   5     
50866.158   5     
50899.491   5     
50932.824   5     
50966.157   5     
50999.490   5     
51032.823   5     
51066.156   5     
51099.489   5     
51132.822   5     
51166.155   5     
51199.488   5     
51232.821   5     
51266.154   5     
51299.487   5     
51332.820   5     
51366.153   5     
51399.486   5     
51432.819   5     
51466.152   5     
51499.485   5     
51532.818   5     
51566.151   5     
51599.484   5     
51632.817   5     
51666.150   5     
51699.483   5     
51732.816   7     
51766.149   7     
51799.482   7     
51832.815   7     
51866.148   7     
51899.481   7     
51932.814   7     
51966.147   7     
51999.480   7     
52032.813   7     
52066.146   7     
52099.479   7     
52132.812   7     
52166.145   7     
52199.478   7     
52232.811   7     
52266.144   7     
52299.477   7     
52332.810   7     
52366.143   7     
52399.476   7     
52432.809   7     
52466.142   7     
52499.475   7     
52532.808   7     
52566.141   7     
52599.474   7     
52632.807   7     
52666.140   7     
52699.473   7     
52732.806   7     
52766.139   7     
52799.472   7     
52832.805   7     
52866.138   7     
52899.471   7     
52932.804   7     
52966.137   7     
52999.470   7     
53032.803   7     
53066.136   7     
53099.469   7     
53132.802   7     
53166.135   7     
53199.468   7     
53232.801   7     
53266.134   7     
53299.467   7     
53332.800   7     
53366.133   7     
53399.466   7     
53432.799   7     
53466.132   7     
53499.465   7     
53532.798   7     
53566.131   7     
53599.464   7     
53632.797   7     
53666.130   7     
53699.463   7     
53732.796   7     
53766.129   7     
53799.462   7     
53832.795   7     
53866.128   7     
53899.461   7     
53932.794   7     
53966.127   7     
53999.460   7     
54032.793   7     
54066.126   7     
54099.459   7     
54132.792   7     
54166.125   7     
54199.458   7     
54232.791   7     
54266.124   7     
54299.457   7     
54332.790   7     
54366.123   7     
54399.456   7     
54432.789   7     
54466.122   7     
54499.455   7     
54532.788   7     
54566.121   7     
54599.454   7     
54632.787   7     
54666.120   7     
54699.453   7     
54732.786   7     
54766.119   8     
54799.452   8     
54832.785   8     
54866.118   8     
54899.451   8     
54932.784   8     
54966.117   8     
54999.450   8     
55032.783   8     
55066.116   8     
55099.449   8     
55132.782   8     
55166.115   8     
55199.448   8     
55232.781   8     
55266.114   8     
55299.447   8     
55332.780   8     
55366.113   8     
55399.446   8     
55432.779   8     
55466.112   8     
55499.445   8     
55532.778   8     
55566.111   8     
55599.444   8     
55632.777   8     
55666.110   8     
55699.443   8     
55732.776   8     
55766.109   8     
55799.442   8     
55832.775   8     
55866.108   8     
55899.441   8     
55932.774   8     
55966.107   8     
55999.440   8     
56032.773   8     
56066.106   8     
56099.439   8     
56132.772   8     
56166.105   8     
56199.438   8     
56232.771   8     
56266.104   8     
56299.437   8     
56332.770   8     
56366.103   8     
56399.436   8     
56432.769   8     
56466.102   8     
56499.435   8     
56532.768   8     
56566.101   8     
56599.434   8     
56632.767   8     
56666.100   8     
56699.433   8     
56732.766   8     
56766.099   8     
56799.432   8     
56832.765   8     
56866.098   8     
56899.431   8     
56932.764   8     
56966.097   8     
56999.430   8     
57032.763   8     
57066.096   8     
57099.429   8     
57132.762   8     
57166.095   8     
57199.428   8     
57232.761   8     
57266.094   8     
57299.427   8     
57332.760   8     
57366.093   8     
57399.426   8     
57432.759   8     
57466.092   8     
57499.425   8     
57532.758   8     
57566.091   8     
57599.424   8     
57632.757   8     
57666.090   8     
57699.423   8     
57732.756   8     
57766.089   8     
57799.422   8     
57832.755   8     
57866.088   8     
57899.421   8     
57932.754   8     
57966.087   8     
57999.420   8     
58032.753   8     
58066.086   8     
58099.419   8     
58132.752   8     
58166.085   8     
58199.418   8     
58232.751   8     
58266.084   8     
58299.417   8     
58332.750   8     
58366.083   8     
58399.416   8     
58432.749   8     
58466.082   8     
58499.415   8     
58532.748   8     
58566.081   8     
58599.414   8     
58632.747   8     
58666.080   8     
58699.413   8     
58732.746   8     
58766.079   8     
58799.412   8     
58832.745   8     
58866.078   8     
58899.411   8     
58932.744   8     
58966.077   8     
58999.410   3     
59032.743   3     
59066.076   3     
59099.409   3     
59132.742   3     
59166.075   3     
59199.408   3     
59232.741   3     
59266.074   3     
59299.407   3     
59332.740   3     
59366.073   3     
59399.406   3     
59432.739   3     
59466.072   3     
59499.405   3     
59532.738   3     
59566.071   3     
59599.404   3     
59632.737   3     
59666.070   3     
59699.403   3     
59732.736   3     
59766.069   3     
59799.402   3     
59832.735   3     
59866.068   3     
59899.401   3     
59932.734   3     
59966.067   3     
59999.400   3     
60032.733   6     
60066.066   6     
60099.399   6     
60132.732   6     
60166.065   6     
60199.398   6     
60232.731   6     
60266.064   6     
60299.397   6     
60332.730   6     
60366.063   6     
60399.396   6     
60432.729   6     
60466.062   6     
60499.395   6     
60532.728   6     
60566.061   6     
60599.394   6     
60632.727   6     
60666.060   6     
60699.393   6     
60732.726   6     
60766.059   6     
60799.392   6     
60832.725   6     
60866.058   6     
60899.391   6     
60932.724   6     
60966.057   6     
60999.390   6     
61032.723   6     
61066.056   6     
61099.389   6     
61132.722   6     
61166.055   6     
61199.388   6     
61232.721   6     
61266.054   6     
61299.387   6     
61332.720   6     
61366.053   6     
61399.386   6     
61432.719   6     
61466.052   6     
61499.385   6     
61532.718   6     
61566.051   6     
61599.384   6     
61632.717   6     
61666.050   6     
61699.383   6     
61732.716   6     
61766.049   6     
61799.382   6     
61832.715   6     
61866.048   6     
61899.381   6     
61932.714   7     
61966.047   7     
61999.380   7     
62032.713   7     
62066.046   7     
62099.379   7     
62132.712   7     
62166.045   7     
62199.378   7     
62232.711   7     
62266.044   7     
62299.377   7     
62332.710   7     
62366.043   7     
62399.376   7     
62432.709   7     
62466.042   7     
62499.375   7     
62532.708   7     
62566.041   7     
62599.374   7     
62632.707   7     
62666.040   7     
62699.373   7     
62732.706   7     
62766.039   7     
62799.372   7     
62832.705   7     
62866.038   7     
62899.371   7     
62932.704   7     
62966.037   7     
62999.370   7     
63032.703   7     
63066.036   7     
63099.369   7     
63132.702   7     
63166.035   7     
63199.368   7     
63232.701   7     
63266.034   7     
63299.367   7     
63332.700   7     
63366.033   7     
63399.366   7     
63432.699   7     
63466.032   7     
63499.365   7     
63532.698   7     
63566.031   7     
63599.364   7     
63632.697   8     
63666.030   8     
63699.363   8     
63732.696   8     
63766.029   8     
63799.362   8     
63832.695   8     
63866.028   8     
63899.361   8     
63932.694   8     
63966.027   8     
63999.360   8     
64032.693   8     
64066.026   8     
64099.359   8     
64132.692   8     
64166.025   8     
64199.358   8     
64232.691   8     
64266.024   8     
64299.357   8     
64332.690   8     
64366.023   8     
64399.356   8     
64432.689   8     
64466.022   8     
64499.355   8     
64532.688   8     
64566.021   8     
64599.354   8     
64632.687   8     
64666.020   8     
64699.353   8     
64732.686   8     
64766.019   8     
64799.352   8     
64832.685   8     
64866.018   8     
64899.351   8     
64932.684   8     
64966.017   8     
64999.350   8     
65032.683   8     
65066.016   8     
65099.349   8     
65132.682   8     
65166.015   8     
65199.348   8     
65232.681   8     
65266.014   8     
65299.347   8     
65332.680   8     
65366.013   8     
65399.346   8     
65432.679   8     
65466.012   8     
65499.345   8     
65532.678   8     
65566.011   8     
65599.344   8     
65632.677   8     
65666.010   8     
65699.343   8     
65732.676   8     
65766.009   8     
65799.342   8     
65832.675   8     
65866.008   8     
65899.341   8     
65932.674   8     
65966.007   8     
65999.340   8     
66032.673   8     
66066.006   8     
66099.339   8     
66132.672   8     
66166.005   8     
66199.338   8     
66232.671   8     
66266.004   8     
66299.337   8     
66332.670   8     
66366.003   8     
66399.336   8     
66432.669   8     
66466.002   8     
66499.335   8     
66532.668   8     
66566.001   8     
66599.334   8     
66632.667   8     
66666.000   8     
66699.333   8     
66732.666   8     
66765.999   8     
66799.332   8     
66832.665   8     
66865.998   8     
66899.331   8     
66932.664   8     
66965.997   8     
66999.330   8     
67032.663   8     
67065.996   8     
67099.329   8     
67132.662   8     
67165.995   8     
67199.328   8     
67232.661   8     
67265.994   8     
67299.327   9     
67332.660   9     
67365.993   9     
67399.326   9     
67432.659   9     
67465.992   9     
67499.325   9     
67532.658   9     
67565.991   9     
67599.324   9     
67632.657   9     
67665.990   9     
67699.323   9     
67732.656   9     
67765.989   9     
67799.322   9     
67832.655   9     
67865.988   9     
67899.321   9     
67932.654   9     
67965.987   9     
67999.320   9     
68032.653   9     
68065.986   9     
68099.319   9     
68132.652   9     
68165.985   9     
68199.318   9     
68232.651   9     
68265.984   9     
68299.317   9     
68332.650   9     
68365.983   9     
68399.316   9     
68432.649   9     
68465.982   9     
68499.315   9     
68532.648   9     
68565.981   9     
68599.314   9     
68632.647   9     
68665.980   9     
68699.313   9     
68732.646   9     
68765.979   9     
68799.312   9     
68832.645   9     
68865.978   9     
68899.311   9     
68932.644   9     
68965.977   9     
68999.310   9     
69032.643   9     
69065.976   9     
69099.309   9     
69132.642   9     
69165.975   9     
69199.308   9     
69232.641   9     
69265.974   9     
69299.307   9     
69332.640   9     
69365.973   9     
69399.306   9     
69432.639   9     
69465.972   9     
