Time (ms)   Label 
0.000       9     
33.333      9     
66.666      9     
99.999      9     
133.332     9     
166.665     9     
199.998     9     
233.331     9     
266.664     9     
299.997     9     
333.330     9     
366.663     9     
399.996     9     
433.329     9     
466.662     9     
499.995     9     
533.328     9     
566.661     9     
599.994     9     
633.327     9     
666.660     9     
699.993     9     
733.326     9     
766.659     9     
799.992     9     
833.325     9     
866.658     9     
899.991     9     
933.324     9     
966.657     9     
999.990     9     
1033.323    9     
1066.656    9     
1099.989    9     
1133.322    9     
1166.655    9     
1199.988    9     
1233.321    9     
1266.654    9     
1299.987    9     
1333.320    9     
1366.653    9     
1399.986    9     
1433.319    9     
1466.652    1     
1499.985    1     
1533.318    1     
1566.651    1     
1599.984    1     
1633.317    1     
1666.650    1     
1699.983    1     
1733.316    1     
1766.649    1     
1799.982    1     
1833.315    1     
1866.648    1     
1899.981    1     
1933.314    1     
1966.647    1     
1999.980    1     
2033.313    1     
2066.646    1     
2099.979    1     
2133.312    1     
2166.645    1     
2199.978    1     
2233.311    1     
2266.644    1     
2299.977    1     
2333.310    1     
2366.643    1     
2399.976    1     
2433.309    1     
2466.642    1     
2499.975    1     
2533.308    1     
2566.641    1     
2599.974    1     
2633.307    1     
2666.640    1     
2699.973    1     
2733.306    1     
2766.639    1     
2799.972    1     
2833.305    1     
2866.638    1     
2899.971    1     
2933.304    1     
2966.637    1     
2999.970    1     
3033.303    1     
3066.636    1     
3099.969    1     
3133.302    1     
3166.635    1     
3199.968    1     
3233.301    1     
3266.634    1     
3299.967    1     
3333.300    1     
3366.633    1     
3399.966    1     
3433.299    1     
3466.632    1     
3499.965    1     
3533.298    1     
3566.631    1     
3599.964    1     
3633.297    1     
3666.630    1     
3699.963    1     
3733.296    1     
3766.629    1     
3799.962    1     
3833.295    1     
3866.628    1     
3899.961    1     
3933.294    1     
3966.627    1     
3999.960    1     
4033.293    1     
4066.626    1     
4099.959    1     
4133.292    1     
4166.625    1     
4199.958    1     
4233.291    1     
4266.624    1     
4299.957    1     
4333.290    1     
4366.623    1     
4399.956    1     
4433.289    1     
4466.622    1     
4499.955    1     
4533.288    1     
4566.621    1     
4599.954    1     
4633.287    1     
4666.620    1     
4699.953    1     
4733.286    1     
4766.619    1     
4799.952    1     
4833.285    1     
4866.618    1     
4899.951    1     
4933.284    1     
4966.617    1     
4999.950    1     
5033.283    1     
5066.616    1     
5099.949    1     
5133.282    1     
5166.615    1     
5199.948    1     
5233.281    1     
5266.614    1     
5299.947    1     
5333.280    1     
5366.613    1     
5399.946    1     
5433.279    1     
5466.612    1     
5499.945    1     
5533.278    1     
5566.611    1     
5599.944    1     
5633.277    1     
5666.610    1     
5699.943    1     
5733.276    1     
5766.609    1     
5799.942    1     
5833.275    1     
5866.608    1     
5899.941    1     
5933.274    1     
5966.607    1     
5999.940    1     
6033.273    1     
6066.606    1     
6099.939    1     
6133.272    1     
6166.605    1     
6199.938    1     
6233.271    1     
6266.604    1     
6299.937    1     
6333.270    1     
6366.603    1     
6399.936    1     
6433.269    1     
6466.602    1     
6499.935    1     
6533.268    1     
6566.601    1     
6599.934    1     
6633.267    1     
6666.600    1     
6699.933    1     
6733.266    1     
6766.599    1     
6799.932    1     
6833.265    1     
6866.598    1     
6899.931    1     
6933.264    1     
6966.597    1     
6999.930    1     
7033.263    1     
7066.596    1     
7099.929    1     
7133.262    1     
7166.595    1     
7199.928    1     
7233.261    1     
7266.594    1     
7299.927    1     
7333.260    1     
7366.593    1     
7399.926    1     
7433.259    1     
7466.592    1     
7499.925    1     
7533.258    1     
7566.591    1     
7599.924    1     
7633.257    1     
7666.590    1     
7699.923    1     
7733.256    1     
7766.589    1     
7799.922    1     
7833.255    1     
7866.588    1     
7899.921    1     
7933.254    1     
7966.587    1     
7999.920    1     
8033.253    1     
8066.586    1     
8099.919    1     
8133.252    1     
8166.585    1     
8199.918    1     
8233.251    1     
8266.584    1     
8299.917    1     
8333.250    1     
8366.583    1     
8399.916    1     
8433.249    1     
8466.582    1     
8499.915    1     
8533.248    1     
8566.581    1     
8599.914    1     
8633.247    1     
8666.580    1     
8699.913    1     
8733.246    1     
8766.579    1     
8799.912    1     
8833.245    1     
8866.578    1     
8899.911    1     
8933.244    1     
8966.577    1     
8999.910    1     
9033.243    1     
9066.576    2     
9099.909    2     
9133.242    2     
9166.575    2     
9199.908    2     
9233.241    2     
9266.574    2     
9299.907    2     
9333.240    2     
9366.573    2     
9399.906    2     
9433.239    2     
9466.572    2     
9499.905    2     
9533.238    2     
9566.571    2     
9599.904    2     
9633.237    2     
9666.570    2     
9699.903    2     
9733.236    2     
9766.569    2     
9799.902    2     
9833.235    2     
9866.568    2     
9899.901    2     
9933.234    2     
9966.567    2     
9999.900    2     
10033.233   2     
10066.566   2     
10099.899   2     
10133.232   2     
10166.565   2     
10199.898   2     
10233.231   2     
10266.564   2     
10299.897   2     
10333.230   2     
10366.563   2     
10399.896   2     
10433.229   2     
10466.562   2     
10499.895   2     
10533.228   2     
10566.561   2     
10599.894   2     
10633.227   2     
10666.560   2     
10699.893   2     
10733.226   2     
10766.559   2     
10799.892   2     
10833.225   2     
10866.558   2     
10899.891   2     
10933.224   2     
10966.557   2     
10999.890   2     
11033.223   2     
11066.556   2     
11099.889   2     
11133.222   2     
11166.555   2     
11199.888   2     
11233.221   2     
11266.554   2     
11299.887   2     
11333.220   2     
11366.553   2     
11399.886   2     
11433.219   2     
11466.552   2     
11499.885   2     
11533.218   2     
11566.551   2     
11599.884   2     
11633.217   2     
11666.550   2     
11699.883   2     
11733.216   2     
11766.549   2     
11799.882   2     
11833.215   2     
11866.548   2     
11899.881   2     
11933.214   2     
11966.547   2     
11999.880   2     
12033.213   2     
12066.546   2     
12099.879   2     
12133.212   2     
12166.545   2     
12199.878   2     
12233.211   2     
12266.544   2     
12299.877   2     
12333.210   2     
12366.543   2     
12399.876   2     
12433.209   2     
12466.542   2     
12499.875   2     
12533.208   2     
12566.541   2     
12599.874   2     
12633.207   2     
12666.540   2     
12699.873   2     
12733.206   2     
12766.539   2     
12799.872   2     
12833.205   2     
12866.538   2     
12899.871   2     
12933.204   2     
12966.537   2     
12999.870   2     
13033.203   2     
13066.536   2     
13099.869   2     
13133.202   2     
13166.535   2     
13199.868   2     
13233.201   2     
13266.534   2     
13299.867   2     
13333.200   2     
13366.533   2     
13399.866   2     
13433.199   2     
13466.532   2     
13499.865   2     
13533.198   2     
13566.531   2     
13599.864   2     
13633.197   2     
13666.530   2     
13699.863   2     
13733.196   2     
13766.529   2     
13799.862   2     
13833.195   2     
13866.528   2     
13899.861   2     
13933.194   2     
13966.527   2     
13999.860   2     
14033.193   2     
14066.526   2     
14099.859   2     
14133.192   2     
14166.525   2     
14199.858   2     
14233.191   2     
14266.524   2     
14299.857   2     
14333.190   2     
14366.523   2     
14399.856   2     
14433.189   2     
14466.522   2     
14499.855   2     
14533.188   2     
14566.521   2     
14599.854   2     
14633.187   2     
14666.520   2     
14699.853   2     
14733.186   2     
14766.519   2     
14799.852   2     
14833.185   2     
14866.518   2     
14899.851   2     
14933.184   2     
14966.517   2     
14999.850   2     
15033.183   2     
15066.516   2     
15099.849   2     
15133.182   2     
15166.515   2     
15199.848   2     
15233.181   2     
15266.514   2     
15299.847   2     
15333.180   2     
15366.513   2     
15399.846   2     
15433.179   2     
15466.512   2     
15499.845   2     
15533.178   2     
15566.511   2     
15599.844   2     
15633.177   2     
15666.510   2     
15699.843   2     
15733.176   2     
15766.509   2     
15799.842   2     
15833.175   2     
15866.508   2     
15899.841   2     
15933.174   2     
15966.507   2     
15999.840   2     
16033.173   2     
16066.506   2     
16099.839   2     
16133.172   2     
16166.505   2     
16199.838   2     
16233.171   2     
16266.504   2     
16299.837   2     
16333.170   2     
16366.503   2     
16399.836   2     
16433.169   2     
16466.502   2     
16499.835   2     
16533.168   2     
16566.501   2     
16599.834   2     
16633.167   2     
16666.500   2     
16699.833   2     
16733.166   2     
16766.499   2     
16799.832   2     
16833.165   2     
16866.498   2     
16899.831   2     
16933.164   2     
16966.497   2     
16999.830   2     
17033.163   2     
17066.496   2     
17099.829   2     
17133.162   2     
17166.495   2     
17199.828   2     
17233.161   2     
17266.494   2     
17299.827   2     
17333.160   2     
17366.493   2     
17399.826   2     
17433.159   2     
17466.492   2     
17499.825   2     
17533.158   2     
17566.491   2     
17599.824   2     
17633.157   2     
17666.490   2     
17699.823   2     
17733.156   2     
17766.489   2     
17799.822   2     
17833.155   2     
17866.488   2     
17899.821   2     
17933.154   2     
17966.487   2     
17999.820   2     
18033.153   2     
18066.486   2     
18099.819   2     
18133.152   2     
18166.485   2     
18199.818   2     
18233.151   2     
18266.484   2     
18299.817   2     
18333.150   2     
18366.483   2     
18399.816   2     
18433.149   2     
18466.482   2     
18499.815   2     
18533.148   2     
18566.481   2     
18599.814   2     
18633.147   2     
18666.480   2     
18699.813   2     
18733.146   2     
18766.479   2     
18799.812   2     
18833.145   2     
18866.478   2     
18899.811   2     
18933.144   2     
18966.477   2     
18999.810   2     
19033.143   2     
19066.476   2     
19099.809   2     
19133.142   2     
19166.475   2     
19199.808   2     
19233.141   2     
19266.474   2     
19299.807   2     
19333.140   2     
19366.473   2     
19399.806   2     
19433.139   2     
19466.472   2     
19499.805   2     
19533.138   2     
19566.471   2     
19599.804   2     
19633.137   2     
19666.470   2     
19699.803   2     
19733.136   2     
19766.469   2     
19799.802   2     
19833.135   2     
19866.468   2     
19899.801   2     
19933.134   2     
19966.467   2     
19999.800   2     
20033.133   2     
20066.466   2     
20099.799   2     
20133.132   2     
20166.465   2     
20199.798   2     
20233.131   2     
20266.464   2     
20299.797   2     
20333.130   2     
20366.463   2     
20399.796   2     
20433.129   2     
20466.462   2     
20499.795   2     
20533.128   2     
20566.461   2     
20599.794   2     
20633.127   2     
20666.460   2     
20699.793   2     
20733.126   2     
20766.459   2     
20799.792   2     
20833.125   2     
20866.458   2     
20899.791   2     
20933.124   2     
20966.457   2     
20999.790   2     
21033.123   2     
21066.456   2     
21099.789   2     
21133.122   2     
21166.455   2     
21199.788   2     
21233.121   2     
21266.454   2     
21299.787   2     
21333.120   2     
21366.453   2     
21399.786   2     
21433.119   2     
21466.452   2     
21499.785   2     
21533.118   2     
21566.451   2     
21599.784   2     
21633.117   2     
21666.450   2     
21699.783   2     
21733.116   2     
21766.449   2     
21799.782   2     
21833.115   2     
21866.448   2     
21899.781   2     
21933.114   2     
21966.447   2     
21999.780   2     
22033.113   2     
22066.446   2     
22099.779   2     
22133.112   2     
22166.445   2     
22199.778   2     
22233.111   2     
22266.444   2     
22299.777   2     
22333.110   2     
22366.443   2     
22399.776   2     
22433.109   2     
22466.442   2     
22499.775   2     
22533.108   2     
22566.441   2     
22599.774   2     
22633.107   2     
22666.440   2     
22699.773   2     
22733.106   2     
22766.439   2     
22799.772   2     
22833.105   2     
22866.438   2     
22899.771   2     
22933.104   2     
22966.437   2     
22999.770   2     
23033.103   2     
23066.436   2     
23099.769   2     
23133.102   2     
23166.435   2     
23199.768   2     
23233.101   2     
23266.434   2     
23299.767   2     
23333.100   2     
23366.433   2     
23399.766   2     
23433.099   2     
23466.432   2     
23499.765   2     
23533.098   2     
23566.431   2     
23599.764   2     
23633.097   2     
23666.430   2     
23699.763   2     
23733.096   2     
23766.429   2     
23799.762   2     
23833.095   2     
23866.428   2     
23899.761   2     
23933.094   2     
23966.427   2     
23999.760   2     
24033.093   2     
24066.426   2     
24099.759   2     
24133.092   2     
24166.425   2     
24199.758   2     
24233.091   2     
24266.424   2     
24299.757   2     
24333.090   2     
24366.423   2     
24399.756   2     
24433.089   2     
24466.422   2     
24499.755   2     
24533.088   2     
24566.421   2     
24599.754   2     
24633.087   2     
24666.420   2     
24699.753   2     
24733.086   2     
24766.419   2     
24799.752   2     
24833.085   2     
24866.418   2     
24899.751   2     
24933.084   2     
24966.417   2     
24999.750   2     
25033.083   2     
25066.416   2     
25099.749   2     
25133.082   2     
25166.415   2     
25199.748   2     
25233.081   2     
25266.414   2     
25299.747   2     
25333.080   2     
25366.413   2     
25399.746   2     
25433.079   2     
25466.412   2     
25499.745   2     
25533.078   2     
25566.411   2     
25599.744   2     
25633.077   2     
25666.410   2     
25699.743   2     
25733.076   2     
25766.409   2     
25799.742   2     
25833.075   2     
25866.408   2     
25899.741   2     
25933.074   2     
25966.407   2     
25999.740   2     
26033.073   3     
26066.406   3     
26099.739   3     
26133.072   3     
26166.405   3     
26199.738   3     
26233.071   3     
26266.404   3     
26299.737   3     
26333.070   3     
26366.403   3     
26399.736   3     
26433.069   3     
26466.402   3     
26499.735   3     
26533.068   3     
26566.401   3     
26599.734   3     
26633.067   3     
26666.400   3     
26699.733   3     
26733.066   3     
26766.399   3     
26799.732   3     
26833.065   3     
26866.398   3     
26899.731   3     
26933.064   3     
26966.397   3     
26999.730   3     
27033.063   3     
27066.396   3     
27099.729   3     
27133.062   4     
27166.395   4     
27199.728   4     
27233.061   4     
27266.394   4     
27299.727   4     
27333.060   4     
27366.393   4     
27399.726   4     
27433.059   4     
27466.392   4     
27499.725   4     
27533.058   4     
27566.391   4     
27599.724   4     
27633.057   4     
27666.390   4     
27699.723   4     
27733.056   4     
27766.389   4     
27799.722   4     
27833.055   4     
27866.388   4     
27899.721   4     
27933.054   4     
27966.387   4     
27999.720   4     
28033.053   4     
28066.386   4     
28099.719   4     
28133.052   4     
28166.385   4     
28199.718   4     
28233.051   4     
28266.384   4     
28299.717   4     
28333.050   4     
28366.383   4     
28399.716   4     
28433.049   4     
28466.382   4     
28499.715   4     
28533.048   4     
28566.381   4     
28599.714   4     
28633.047   4     
28666.380   4     
28699.713   4     
28733.046   4     
28766.379   4     
28799.712   4     
28833.045   4     
28866.378   4     
28899.711   4     
28933.044   4     
28966.377   4     
28999.710   4     
29033.043   4     
29066.376   4     
29099.709   4     
29133.042   4     
29166.375   4     
29199.708   4     
29233.041   4     
29266.374   4     
29299.707   4     
29333.040   4     
29366.373   4     
29399.706   4     
29433.039   4     
29466.372   4     
29499.705   4     
29533.038   4     
29566.371   4     
29599.704   4     
29633.037   4     
29666.370   4     
29699.703   4     
29733.036   4     
29766.369   4     
29799.702   4     
29833.035   4     
29866.368   4     
29899.701   4     
29933.034   4     
29966.367   4     
29999.700   4     
30033.033   4     
30066.366   4     
30099.699   4     
30133.032   4     
30166.365   4     
30199.698   4     
30233.031   4     
30266.364   4     
30299.697   4     
30333.030   4     
30366.363   4     
30399.696   4     
30433.029   4     
30466.362   4     
30499.695   4     
30533.028   4     
30566.361   4     
30599.694   4     
30633.027   4     
30666.360   4     
30699.693   4     
30733.026   4     
30766.359   4     
30799.692   4     
30833.025   4     
30866.358   4     
30899.691   4     
30933.024   4     
30966.357   4     
30999.690   4     
31033.023   4     
31066.356   4     
31099.689   4     
31133.022   4     
31166.355   7     
31199.688   7     
31233.021   7     
31266.354   7     
31299.687   7     
31333.020   7     
31366.353   7     
31399.686   7     
31433.019   7     
31466.352   7     
31499.685   7     
31533.018   7     
31566.351   7     
31599.684   7     
31633.017   7     
31666.350   7     
31699.683   7     
31733.016   7     
31766.349   7     
31799.682   7     
31833.015   7     
31866.348   7     
31899.681   7     
31933.014   7     
31966.347   7     
31999.680   7     
32033.013   7     
32066.346   7     
32099.679   7     
32133.012   7     
32166.345   7     
32199.678   7     
32233.011   7     
32266.344   7     
32299.677   7     
32333.010   7     
32366.343   7     
32399.676   7     
32433.009   7     
32466.342   7     
32499.675   7     
32533.008   7     
32566.341   7     
32599.674   7     
32633.007   7     
32666.340   7     
32699.673   7     
32733.006   7     
32766.339   7     
32799.672   7     
32833.005   7     
32866.338   7     
32899.671   7     
32933.004   7     
32966.337   7     
32999.670   7     
33033.003   7     
33066.336   7     
33099.669   7     
33133.002   7     
33166.335   7     
33199.668   7     
33233.001   7     
33266.334   7     
33299.667   7     
33333.000   7     
33366.333   7     
33399.666   7     
33432.999   7     
33466.332   7     
33499.665   7     
33532.998   7     
33566.331   7     
33599.664   7     
33632.997   7     
33666.330   7     
33699.663   7     
33732.996   7     
33766.329   7     
33799.662   7     
33832.995   7     
33866.328   7     
33899.661   7     
33932.994   7     
33966.327   7     
33999.660   7     
34032.993   7     
34066.326   7     
34099.659   7     
34132.992   7     
34166.325   7     
34199.658   7     
34232.991   7     
34266.324   7     
34299.657   7     
34332.990   7     
34366.323   7     
34399.656   7     
34432.989   7     
34466.322   7     
34499.655   7     
34532.988   7     
34566.321   7     
34599.654   7     
34632.987   7     
34666.320   7     
34699.653   7     
34732.986   7     
34766.319   7     
34799.652   7     
34832.985   7     
34866.318   7     
34899.651   7     
34932.984   7     
34966.317   7     
34999.650   7     
35032.983   7     
35066.316   7     
35099.649   7     
35132.982   7     
35166.315   7     
35199.648   7     
35232.981   7     
35266.314   7     
35299.647   7     
35332.980   7     
35366.313   7     
35399.646   7     
35432.979   7     
35466.312   7     
35499.645   7     
35532.978   7     
35566.311   7     
35599.644   7     
35632.977   7     
35666.310   7     
35699.643   7     
35732.976   7     
35766.309   7     
35799.642   7     
35832.975   7     
35866.308   7     
35899.641   7     
35932.974   7     
35966.307   7     
35999.640   7     
36032.973   7     
36066.306   7     
36099.639   7     
36132.972   7     
36166.305   7     
36199.638   7     
36232.971   8     
36266.304   8     
36299.637   8     
36332.970   8     
36366.303   8     
36399.636   8     
36432.969   8     
36466.302   8     
36499.635   8     
36532.968   8     
36566.301   8     
36599.634   8     
36632.967   8     
36666.300   8     
36699.633   8     
36732.966   8     
36766.299   8     
36799.632   8     
36832.965   8     
36866.298   8     
36899.631   8     
36932.964   8     
36966.297   8     
36999.630   8     
37032.963   8     
37066.296   8     
37099.629   8     
37132.962   8     
37166.295   8     
37199.628   8     
37232.961   8     
37266.294   8     
37299.627   8     
37332.960   8     
37366.293   8     
37399.626   8     
37432.959   8     
37466.292   8     
37499.625   8     
37532.958   8     
37566.291   8     
37599.624   8     
37632.957   8     
37666.290   8     
37699.623   8     
37732.956   8     
37766.289   8     
37799.622   8     
37832.955   8     
37866.288   8     
37899.621   8     
37932.954   8     
37966.287   8     
37999.620   8     
38032.953   8     
38066.286   8     
38099.619   8     
38132.952   8     
38166.285   8     
38199.618   8     
38232.951   8     
38266.284   8     
38299.617   8     
38332.950   8     
38366.283   8     
38399.616   8     
38432.949   8     
38466.282   8     
38499.615   8     
38532.948   8     
38566.281   8     
38599.614   8     
38632.947   8     
38666.280   8     
38699.613   8     
38732.946   8     
38766.279   8     
38799.612   8     
38832.945   8     
38866.278   8     
38899.611   8     
38932.944   8     
38966.277   8     
38999.610   8     
39032.943   8     
39066.276   8     
39099.609   8     
39132.942   8     
39166.275   8     
39199.608   8     
39232.941   8     
39266.274   8     
39299.607   8     
39332.940   8     
39366.273   8     
39399.606   8     
39432.939   8     
39466.272   8     
39499.605   8     
39532.938   8     
39566.271   8     
39599.604   8     
39632.937   8     
39666.270   8     
39699.603   8     
39732.936   8     
39766.269   8     
39799.602   8     
39832.935   8     
39866.268   8     
39899.601   8     
39932.934   8     
39966.267   8     
39999.600   8     
40032.933   8     
40066.266   8     
40099.599   8     
40132.932   8     
40166.265   8     
40199.598   8     
40232.931   8     
40266.264   8     
40299.597   8     
40332.930   8     
40366.263   8     
40399.596   8     
40432.929   8     
40466.262   8     
40499.595   8     
40532.928   8     
40566.261   8     
40599.594   8     
40632.927   8     
40666.260   8     
40699.593   8     
40732.926   8     
40766.259   8     
40799.592   8     
40832.925   8     
40866.258   8     
40899.591   8     
40932.924   8     
40966.257   8     
40999.590   8     
41032.923   8     
41066.256   8     
41099.589   8     
41132.922   8     
41166.255   8     
41199.588   8     
41232.921   8     
41266.254   8     
41299.587   8     
41332.920   8     
41366.253   8     
41399.586   8     
41432.919   8     
41466.252   8     
41499.585   3     
41532.918   3     
41566.251   3     
41599.584   3     
41632.917   3     
41666.250   3     
41699.583   3     
41732.916   3     
41766.249   3     
41799.582   3     
41832.915   3     
41866.248   3     
41899.581   3     
41932.914   3     
41966.247   3     
41999.580   3     
42032.913   3     
42066.246   3     
42099.579   3     
42132.912   3     
42166.245   3     
42199.578   3     
42232.911   3     
42266.244   3     
42299.577   3     
42332.910   3     
42366.243   3     
42399.576   3     
42432.909   3     
42466.242   3     
42499.575   3     
42532.908   3     
42566.241   3     
42599.574   3     
42632.907   3     
42666.240   3     
42699.573   3     
42732.906   3     
42766.239   3     
42799.572   3     
42832.905   3     
42866.238   3     
42899.571   3     
42932.904   3     
42966.237   3     
42999.570   3     
43032.903   3     
43066.236   3     
43099.569   3     
43132.902   3     
43166.235   3     
43199.568   3     
43232.901   3     
43266.234   3     
43299.567   3     
43332.900   3     
43366.233   3     
43399.566   3     
43432.899   3     
43466.232   3     
43499.565   3     
43532.898   3     
43566.231   3     
43599.564   3     
43632.897   3     
43666.230   5     
43699.563   5     
43732.896   5     
43766.229   5     
43799.562   5     
43832.895   5     
43866.228   5     
43899.561   5     
43932.894   5     
43966.227   5     
43999.560   5     
44032.893   5     
44066.226   5     
44099.559   5     
44132.892   5     
44166.225   5     
44199.558   5     
44232.891   5     
44266.224   5     
44299.557   5     
44332.890   5     
44366.223   5     
44399.556   5     
44432.889   5     
44466.222   5     
44499.555   5     
44532.888   5     
44566.221   5     
44599.554   5     
44632.887   5     
44666.220   5     
44699.553   5     
44732.886   5     
44766.219   5     
44799.552   5     
44832.885   5     
44866.218   5     
44899.551   5     
44932.884   5     
44966.217   5     
44999.550   5     
45032.883   5     
45066.216   5     
45099.549   5     
45132.882   5     
45166.215   5     
45199.548   5     
45232.881   5     
45266.214   5     
45299.547   5     
45332.880   5     
45366.213   5     
45399.546   5     
45432.879   5     
45466.212   5     
45499.545   5     
45532.878   5     
45566.211   5     
45599.544   5     
45632.877   5     
45666.210   5     
45699.543   5     
45732.876   5     
45766.209   5     
45799.542   5     
45832.875   5     
45866.208   5     
45899.541   5     
45932.874   5     
45966.207   5     
45999.540   5     
46032.873   5     
46066.206   5     
46099.539   5     
46132.872   5     
46166.205   5     
46199.538   5     
46232.871   5     
46266.204   5     
46299.537   5     
46332.870   5     
46366.203   5     
46399.536   5     
46432.869   5     
46466.202   5     
46499.535   5     
46532.868   5     
46566.201   7     
46599.534   7     
46632.867   7     
46666.200   7     
46699.533   7     
46732.866   7     
46766.199   7     
46799.532   7     
46832.865   7     
46866.198   7     
46899.531   7     
46932.864   7     
46966.197   7     
46999.530   7     
47032.863   7     
47066.196   7     
47099.529   7     
47132.862   7     
47166.195   7     
47199.528   7     
47232.861   7     
47266.194   7     
47299.527   7     
47332.860   7     
47366.193   7     
47399.526   7     
47432.859   7     
47466.192   7     
47499.525   7     
47532.858   7     
47566.191   7     
47599.524   7     
47632.857   7     
47666.190   7     
47699.523   7     
47732.856   7     
47766.189   7     
47799.522   7     
47832.855   7     
47866.188   7     
47899.521   7     
47932.854   7     
47966.187   7     
47999.520   7     
48032.853   7     
48066.186   7     
48099.519   7     
48132.852   7     
48166.185   7     
48199.518   7     
48232.851   7     
48266.184   7     
48299.517   7     
48332.850   7     
48366.183   7     
48399.516   7     
48432.849   7     
48466.182   7     
48499.515   7     
48532.848   7     
48566.181   7     
48599.514   7     
48632.847   7     
48666.180   7     
48699.513   7     
48732.846   7     
48766.179   7     
48799.512   7     
48832.845   7     
48866.178   7     
48899.511   7     
48932.844   7     
48966.177   7     
48999.510   7     
49032.843   7     
49066.176   7     
49099.509   7     
49132.842   7     
49166.175   7     
49199.508   7     
49232.841   7     
49266.174   7     
49299.507   7     
49332.840   7     
49366.173   7     
49399.506   7     
49432.839   7     
49466.172   7     
49499.505   7     
49532.838   7     
49566.171   7     
49599.504   7     
49632.837   7     
49666.170   7     
49699.503   7     
49732.836   7     
49766.169   7     
49799.502   7     
49832.835   7     
49866.168   7     
49899.501   7     
49932.834   7     
49966.167   7     
49999.500   7     
50032.833   7     
50066.166   7     
50099.499   7     
50132.832   7     
50166.165   7     
50199.498   7     
50232.831   7     
50266.164   7     
50299.497   7     
50332.830   7     
50366.163   7     
50399.496   7     
50432.829   7     
50466.162   7     
50499.495   7     
50532.828   7     
50566.161   7     
50599.494   7     
50632.827   7     
50666.160   7     
50699.493   7     
50732.826   7     
50766.159   7     
50799.492   7     
50832.825   7     
50866.158   7     
50899.491   7     
50932.824   7     
50966.157   7     
50999.490   7     
51032.823   7     
51066.156   7     
51099.489   7     
51132.822   7     
51166.155   7     
51199.488   7     
51232.821   7     
51266.154   7     
51299.487   7     
51332.820   7     
51366.153   7     
51399.486   7     
51432.819   7     
51466.152   7     
51499.485   7     
51532.818   7     
51566.151   7     
51599.484   7     
51632.817   7     
51666.150   7     
51699.483   7     
51732.816   7     
51766.149   7     
51799.482   7     
51832.815   7     
51866.148   7     
51899.481   7     
51932.814   7     
51966.147   7     
51999.480   7     
52032.813   7     
52066.146   7     
52099.479   7     
52132.812   7     
52166.145   7     
52199.478   7     
52232.811   7     
52266.144   7     
52299.477   7     
52332.810   7     
52366.143   7     
52399.476   7     
52432.809   7     
52466.142   7     
52499.475   7     
52532.808   7     
52566.141   7     
52599.474   7     
52632.807   7     
52666.140   7     
52699.473   7     
52732.806   7     
52766.139   7     
52799.472   7     
52832.805   7     
52866.138   7     
52899.471   7     
52932.804   7     
52966.137   7     
52999.470   7     
53032.803   7     
53066.136   7     
53099.469   7     
53132.802   7     
53166.135   7     
53199.468   7     
53232.801   7     
53266.134   7     
53299.467   7     
53332.800   7     
53366.133   7     
53399.466   7     
53432.799   7     
53466.132   7     
53499.465   7     
53532.798   7     
53566.131   7     
53599.464   7     
53632.797   7     
53666.130   7     
53699.463   7     
53732.796   7     
53766.129   7     
53799.462   7     
53832.795   7     
53866.128   7     
53899.461   7     
53932.794   7     
53966.127   7     
53999.460   7     
54032.793   7     
54066.126   7     
54099.459   7     
54132.792   7     
54166.125   7     
54199.458   7     
54232.791   7     
54266.124   7     
54299.457   7     
54332.790   7     
54366.123   7     
54399.456   7     
54432.789   7     
54466.122   7     
54499.455   7     
54532.788   7     
54566.121   7     
54599.454   7     
54632.787   7     
54666.120   7     
54699.453   7     
54732.786   7     
54766.119   7     
54799.452   7     
54832.785   7     
54866.118   7     
54899.451   7     
54932.784   7     
54966.117   7     
54999.450   7     
55032.783   7     
55066.116   7     
55099.449   7     
55132.782   7     
55166.115   7     
55199.448   7     
55232.781   7     
55266.114   7     
55299.447   7     
55332.780   7     
55366.113   7     
55399.446   7     
55432.779   7     
55466.112   7     
55499.445   7     
55532.778   7     
55566.111   7     
55599.444   7     
55632.777   7     
55666.110   7     
55699.443   7     
55732.776   7     
55766.109   7     
55799.442   7     
55832.775   7     
55866.108   7     
55899.441   7     
55932.774   7     
55966.107   7     
55999.440   7     
56032.773   8     
56066.106   8     
56099.439   8     
56132.772   8     
56166.105   8     
56199.438   8     
56232.771   8     
56266.104   8     
56299.437   8     
56332.770   8     
56366.103   8     
56399.436   8     
56432.769   8     
56466.102   8     
56499.435   8     
56532.768   8     
56566.101   8     
56599.434   8     
56632.767   8     
56666.100   8     
56699.433   8     
56732.766   8     
56766.099   8     
56799.432   8     
56832.765   8     
56866.098   8     
56899.431   8     
56932.764   8     
56966.097   8     
56999.430   8     
57032.763   8     
57066.096   8     
57099.429   8     
57132.762   8     
57166.095   8     
57199.428   8     
57232.761   8     
57266.094   8     
57299.427   8     
57332.760   8     
57366.093   8     
57399.426   8     
57432.759   8     
57466.092   8     
57499.425   8     
57532.758   8     
57566.091   8     
57599.424   8     
57632.757   8     
57666.090   8     
57699.423   8     
57732.756   8     
57766.089   8     
57799.422   8     
57832.755   8     
57866.088   8     
57899.421   8     
57932.754   8     
57966.087   8     
57999.420   8     
58032.753   8     
58066.086   8     
58099.419   8     
58132.752   8     
58166.085   8     
58199.418   8     
58232.751   8     
58266.084   8     
58299.417   8     
58332.750   8     
58366.083   8     
58399.416   8     
58432.749   8     
58466.082   8     
58499.415   8     
58532.748   8     
58566.081   8     
58599.414   8     
58632.747   8     
58666.080   8     
58699.413   8     
58732.746   8     
58766.079   8     
58799.412   8     
58832.745   8     
58866.078   8     
58899.411   8     
58932.744   8     
58966.077   8     
58999.410   8     
59032.743   8     
59066.076   8     
59099.409   8     
59132.742   8     
59166.075   8     
59199.408   8     
59232.741   8     
59266.074   8     
59299.407   8     
59332.740   8     
59366.073   8     
59399.406   8     
59432.739   8     
59466.072   8     
59499.405   8     
59532.738   8     
59566.071   8     
59599.404   8     
59632.737   8     
59666.070   8     
59699.403   8     
59732.736   8     
59766.069   8     
59799.402   8     
59832.735   8     
59866.068   8     
59899.401   8     
59932.734   8     
59966.067   8     
59999.400   8     
60032.733   8     
60066.066   8     
60099.399   8     
60132.732   8     
60166.065   8     
60199.398   8     
60232.731   8     
60266.064   8     
60299.397   8     
60332.730   8     
60366.063   8     
60399.396   8     
60432.729   8     
60466.062   8     
60499.395   8     
60532.728   3     
60566.061   3     
60599.394   3     
60632.727   3     
60666.060   3     
60699.393   3     
60732.726   3     
60766.059   3     
60799.392   3     
60832.725   3     
60866.058   3     
60899.391   3     
60932.724   3     
60966.057   3     
60999.390   3     
61032.723   3     
61066.056   3     
61099.389   3     
61132.722   3     
61166.055   3     
61199.388   3     
61232.721   3     
61266.054   3     
61299.387   3     
61332.720   3     
61366.053   3     
61399.386   3     
61432.719   3     
61466.052   3     
61499.385   3     
61532.718   3     
61566.051   3     
61599.384   3     
61632.717   3     
61666.050   3     
61699.383   3     
61732.716   3     
61766.049   3     
61799.382   3     
61832.715   3     
61866.048   3     
61899.381   3     
61932.714   3     
61966.047   3     
61999.380   3     
62032.713   3     
62066.046   3     
62099.379   3     
62132.712   3     
62166.045   3     
62199.378   3     
62232.711   3     
62266.044   3     
62299.377   3     
62332.710   3     
62366.043   3     
62399.376   3     
62432.709   3     
62466.042   3     
62499.375   3     
62532.708   3     
62566.041   3     
62599.374   3     
62632.707   3     
62666.040   3     
62699.373   3     
62732.706   3     
62766.039   3     
62799.372   3     
62832.705   3     
62866.038   3     
62899.371   3     
62932.704   3     
62966.037   3     
62999.370   3     
63032.703   3     
63066.036   3     
63099.369   3     
63132.702   3     
63166.035   3     
63199.368   3     
63232.701   3     
63266.034   3     
63299.367   3     
63332.700   3     
63366.033   3     
63399.366   3     
63432.699   3     
63466.032   3     
63499.365   3     
63532.698   3     
63566.031   3     
63599.364   3     
63632.697   3     
63666.030   3     
63699.363   3     
63732.696   3     
63766.029   3     
63799.362   3     
63832.695   3     
63866.028   3     
63899.361   3     
63932.694   3     
63966.027   3     
63999.360   3     
64032.693   3     
64066.026   3     
64099.359   3     
64132.692   3     
64166.025   3     
64199.358   3     
64232.691   3     
64266.024   3     
64299.357   3     
64332.690   3     
64366.023   3     
64399.356   3     
64432.689   3     
64466.022   3     
64499.355   3     
64532.688   3     
64566.021   3     
64599.354   3     
64632.687   3     
64666.020   3     
64699.353   3     
64732.686   3     
64766.019   3     
64799.352   3     
64832.685   3     
64866.018   3     
64899.351   3     
64932.684   3     
64966.017   3     
64999.350   3     
65032.683   3     
65066.016   3     
65099.349   3     
65132.682   3     
65166.015   3     
65199.348   3     
65232.681   3     
65266.014   3     
65299.347   3     
65332.680   3     
65366.013   3     
65399.346   3     
65432.679   3     
65466.012   3     
65499.345   3     
65532.678   3     
65566.011   3     
65599.344   3     
65632.677   3     
65666.010   3     
65699.343   3     
65732.676   3     
65766.009   3     
65799.342   3     
65832.675   3     
65866.008   3     
65899.341   3     
65932.674   3     
65966.007   3     
65999.340   6     
66032.673   6     
66066.006   6     
66099.339   6     
66132.672   6     
66166.005   6     
66199.338   6     
66232.671   6     
66266.004   6     
66299.337   6     
66332.670   6     
66366.003   6     
66399.336   6     
66432.669   6     
66466.002   6     
66499.335   6     
66532.668   6     
66566.001   6     
66599.334   6     
66632.667   6     
66666.000   6     
66699.333   6     
66732.666   6     
66765.999   6     
66799.332   6     
66832.665   6     
66865.998   6     
66899.331   6     
66932.664   6     
66965.997   6     
66999.330   6     
67032.663   6     
67065.996   6     
67099.329   6     
67132.662   6     
67165.995   6     
67199.328   6     
67232.661   6     
67265.994   6     
67299.327   6     
67332.660   6     
67365.993   6     
67399.326   6     
67432.659   6     
67465.992   6     
67499.325   6     
67532.658   6     
67565.991   6     
67599.324   6     
67632.657   6     
67665.990   6     
67699.323   6     
67732.656   6     
67765.989   6     
67799.322   6     
67832.655   6     
67865.988   6     
67899.321   6     
67932.654   6     
67965.987   6     
67999.320   6     
68032.653   6     
68065.986   6     
68099.319   6     
68132.652   6     
68165.985   6     
68199.318   6     
68232.651   6     
68265.984   6     
68299.317   6     
68332.650   6     
68365.983   6     
68399.316   6     
68432.649   6     
68465.982   6     
68499.315   6     
68532.648   6     
68565.981   6     
68599.314   6     
68632.647   6     
68665.980   6     
68699.313   6     
68732.646   6     
68765.979   7     
68799.312   7     
68832.645   7     
68865.978   7     
68899.311   7     
68932.644   7     
68965.977   7     
68999.310   7     
69032.643   7     
69065.976   7     
69099.309   7     
69132.642   7     
69165.975   7     
69199.308   7     
69232.641   7     
69265.974   7     
69299.307   7     
69332.640   7     
69365.973   7     
69399.306   7     
69432.639   7     
69465.972   7     
69499.305   7     
69532.638   7     
69565.971   7     
69599.304   7     
69632.637   7     
69665.970   7     
69699.303   7     
69732.636   7     
69765.969   7     
69799.302   7     
69832.635   7     
69865.968   7     
69899.301   7     
69932.634   7     
69965.967   7     
69999.300   7     
70032.633   7     
70065.966   7     
70099.299   7     
70132.632   7     
70165.965   7     
70199.298   7     
70232.631   7     
70265.964   7     
70299.297   7     
70332.630   7     
70365.963   7     
70399.296   7     
70432.629   7     
70465.962   7     
70499.295   7     
70532.628   7     
70565.961   7     
70599.294   7     
70632.627   7     
70665.960   7     
70699.293   7     
70732.626   7     
70765.959   7     
70799.292   7     
70832.625   7     
70865.958   7     
70899.291   7     
70932.624   7     
70965.957   7     
70999.290   7     
71032.623   7     
71065.956   7     
71099.289   7     
71132.622   7     
71165.955   7     
71199.288   7     
71232.621   7     
71265.954   7     
71299.287   7     
71332.620   7     
71365.953   7     
71399.286   7     
71432.619   7     
71465.952   7     
71499.285   7     
71532.618   7     
71565.951   7     
71599.284   7     
71632.617   7     
71665.950   7     
71699.283   7     
71732.616   7     
71765.949   7     
71799.282   7     
71832.615   7     
71865.948   7     
71899.281   7     
71932.614   7     
71965.947   7     
71999.280   7     
72032.613   7     
72065.946   7     
72099.279   7     
72132.612   7     
72165.945   7     
72199.278   7     
72232.611   7     
72265.944   7     
72299.277   7     
72332.610   7     
72365.943   7     
72399.276   7     
72432.609   7     
72465.942   7     
72499.275   7     
72532.608   7     
72565.941   7     
72599.274   7     
72632.607   7     
72665.940   7     
72699.273   7     
72732.606   7     
72765.939   7     
72799.272   7     
72832.605   7     
72865.938   7     
72899.271   7     
72932.604   7     
72965.937   7     
72999.270   7     
73032.603   7     
73065.936   7     
73099.269   7     
73132.602   7     
73165.935   7     
73199.268   7     
73232.601   7     
73265.934   8     
73299.267   8     
73332.600   8     
73365.933   8     
73399.266   8     
73432.599   8     
73465.932   8     
73499.265   8     
73532.598   8     
73565.931   8     
73599.264   8     
73632.597   8     
73665.930   8     
73699.263   8     
73732.596   8     
73765.929   8     
73799.262   8     
73832.595   8     
73865.928   8     
73899.261   8     
73932.594   8     
73965.927   8     
73999.260   8     
74032.593   8     
74065.926   8     
74099.259   8     
74132.592   8     
74165.925   8     
74199.258   8     
74232.591   8     
74265.924   8     
74299.257   8     
74332.590   8     
74365.923   8     
74399.256   8     
74432.589   8     
74465.922   8     
74499.255   8     
74532.588   8     
74565.921   8     
74599.254   8     
74632.587   8     
74665.920   8     
74699.253   8     
74732.586   8     
74765.919   8     
74799.252   8     
74832.585   8     
74865.918   8     
74899.251   8     
74932.584   8     
74965.917   8     
74999.250   8     
75032.583   8     
75065.916   8     
75099.249   8     
75132.582   8     
75165.915   8     
75199.248   9     
75232.581   9     
75265.914   9     
75299.247   9     
75332.580   9     
75365.913   9     
75399.246   9     
75432.579   9     
75465.912   9     
75499.245   9     
75532.578   9     
75565.911   9     
75599.244   9     
75632.577   9     
75665.910   9     
75699.243   9     
75732.576   9     
75765.909   9     
75799.242   9     
75832.575   9     
75865.908   9     
75899.241   9     
75932.574   9     
75965.907   9     
75999.240   9     
76032.573   9     
76065.906   9     
76099.239   9     
76132.572   9     
76165.905   9     
76199.238   9     
76232.571   9     
76265.904   9     
76299.237   9     
76332.570   9     
76365.903   9     
76399.236   9     
76432.569   9     
76465.902   9     
76499.235   9     
76532.568   9     
76565.901   9     
76599.234   9     
76632.567   9     
76665.900   9     
76699.233   9     
76732.566   9     
76765.899   9     
76799.232   9     
76832.565   9     
76865.898   9     
76899.231   9     
76932.564   9     
76965.897   9     
76999.230   9     
77032.563   9     
77065.896   9     
