Time (ms)   Label 
0.000       9     
33.333      9     
66.666      9     
99.999      9     
133.332     9     
166.665     9     
199.998     9     
233.331     9     
266.664     9     
299.997     9     
333.330     9     
366.663     9     
399.996     9     
433.329     9     
466.662     9     
499.995     9     
533.328     9     
566.661     9     
599.994     9     
633.327     9     
666.660     9     
699.993     9     
733.326     9     
766.659     9     
799.992     9     
833.325     9     
866.658     9     
899.991     9     
933.324     9     
966.657     9     
999.990     9     
1033.323    9     
1066.656    9     
1099.989    9     
1133.322    9     
1166.655    9     
1199.988    9     
1233.321    9     
1266.654    9     
1299.987    9     
1333.320    9     
1366.653    9     
1399.986    9     
1433.319    9     
1466.652    9     
1499.985    9     
1533.318    9     
1566.651    9     
1599.984    9     
1633.317    9     
1666.650    9     
1699.983    9     
1733.316    9     
1766.649    9     
1799.982    9     
1833.315    9     
1866.648    9     
1899.981    9     
1933.314    9     
1966.647    9     
1999.980    9     
2033.313    9     
2066.646    9     
2099.979    9     
2133.312    9     
2166.645    9     
2199.978    9     
2233.311    9     
2266.644    9     
2299.977    9     
2333.310    9     
2366.643    9     
2399.976    9     
2433.309    9     
2466.642    9     
2499.975    9     
2533.308    9     
2566.641    9     
2599.974    9     
2633.307    9     
2666.640    9     
2699.973    9     
2733.306    9     
2766.639    9     
2799.972    9     
2833.305    9     
2866.638    9     
2899.971    9     
2933.304    9     
2966.637    9     
2999.970    9     
3033.303    9     
3066.636    9     
3099.969    9     
3133.302    9     
3166.635    9     
3199.968    9     
3233.301    9     
3266.634    9     
3299.967    9     
3333.300    9     
3366.633    9     
3399.966    9     
3433.299    9     
3466.632    9     
3499.965    9     
3533.298    9     
3566.631    9     
3599.964    9     
3633.297    9     
3666.630    9     
3699.963    9     
3733.296    9     
3766.629    9     
3799.962    9     
3833.295    9     
3866.628    9     
3899.961    9     
3933.294    9     
3966.627    9     
3999.960    9     
4033.293    9     
4066.626    9     
4099.959    9     
4133.292    9     
4166.625    9     
4199.958    9     
4233.291    9     
4266.624    9     
4299.957    9     
4333.290    9     
4366.623    9     
4399.956    9     
4433.289    9     
4466.622    9     
4499.955    9     
4533.288    9     
4566.621    9     
4599.954    9     
4633.287    9     
4666.620    9     
4699.953    9     
4733.286    9     
4766.619    9     
4799.952    9     
4833.285    9     
4866.618    9     
4899.951    9     
4933.284    9     
4966.617    9     
4999.950    9     
5033.283    9     
5066.616    9     
5099.949    9     
5133.282    9     
5166.615    9     
5199.948    9     
5233.281    9     
5266.614    9     
5299.947    9     
5333.280    9     
5366.613    9     
5399.946    9     
5433.279    9     
5466.612    9     
5499.945    9     
5533.278    9     
5566.611    9     
5599.944    9     
5633.277    9     
5666.610    9     
5699.943    9     
5733.276    9     
5766.609    9     
5799.942    9     
5833.275    9     
5866.608    9     
5899.941    9     
5933.274    9     
5966.607    9     
5999.940    9     
6033.273    9     
6066.606    9     
6099.939    9     
6133.272    9     
6166.605    9     
6199.938    9     
6233.271    9     
6266.604    9     
6299.937    9     
6333.270    9     
6366.603    9     
6399.936    9     
6433.269    9     
6466.602    9     
6499.935    9     
6533.268    9     
6566.601    9     
6599.934    9     
6633.267    9     
6666.600    9     
6699.933    9     
6733.266    9     
6766.599    9     
6799.932    9     
6833.265    9     
6866.598    9     
6899.931    9     
6933.264    9     
6966.597    9     
6999.930    9     
7033.263    9     
7066.596    9     
7099.929    9     
7133.262    9     
7166.595    9     
7199.928    9     
7233.261    9     
7266.594    9     
7299.927    9     
7333.260    9     
7366.593    9     
7399.926    9     
7433.259    9     
7466.592    9     
7499.925    9     
7533.258    9     
7566.591    9     
7599.924    9     
7633.257    9     
7666.590    9     
7699.923    9     
7733.256    9     
7766.589    9     
7799.922    9     
7833.255    9     
7866.588    9     
7899.921    9     
7933.254    9     
7966.587    9     
7999.920    9     
8033.253    9     
8066.586    9     
8099.919    9     
8133.252    9     
8166.585    9     
8199.918    9     
8233.251    9     
8266.584    9     
8299.917    9     
8333.250    9     
8366.583    9     
8399.916    9     
8433.249    9     
8466.582    9     
8499.915    9     
8533.248    9     
8566.581    9     
8599.914    9     
8633.247    9     
8666.580    9     
8699.913    9     
8733.246    9     
8766.579    9     
8799.912    9     
8833.245    9     
8866.578    9     
8899.911    9     
8933.244    9     
8966.577    9     
8999.910    9     
9033.243    9     
9066.576    9     
9099.909    9     
9133.242    9     
9166.575    9     
9199.908    9     
9233.241    9     
9266.574    9     
9299.907    9     
9333.240    9     
9366.573    9     
9399.906    9     
9433.239    9     
9466.572    9     
9499.905    9     
9533.238    9     
9566.571    9     
9599.904    9     
9633.237    9     
9666.570    9     
9699.903    9     
9733.236    9     
9766.569    9     
9799.902    9     
9833.235    9     
9866.568    9     
9899.901    9     
9933.234    9     
9966.567    9     
9999.900    9     
10033.233   9     
10066.566   9     
10099.899   9     
10133.232   9     
10166.565   9     
10199.898   9     
10233.231   9     
10266.564   9     
10299.897   9     
10333.230   9     
10366.563   9     
10399.896   9     
10433.229   9     
10466.562   9     
10499.895   9     
10533.228   9     
10566.561   9     
10599.894   9     
10633.227   9     
10666.560   9     
10699.893   9     
10733.226   9     
10766.559   9     
10799.892   9     
10833.225   9     
10866.558   9     
10899.891   9     
10933.224   9     
10966.557   9     
10999.890   9     
11033.223   9     
11066.556   9     
11099.889   9     
11133.222   9     
11166.555   9     
11199.888   9     
11233.221   9     
11266.554   9     
11299.887   9     
11333.220   9     
11366.553   9     
11399.886   9     
11433.219   9     
11466.552   9     
11499.885   9     
11533.218   9     
11566.551   9     
11599.884   9     
11633.217   9     
11666.550   9     
11699.883   9     
11733.216   9     
11766.549   9     
11799.882   9     
11833.215   9     
11866.548   9     
11899.881   9     
11933.214   9     
11966.547   9     
11999.880   9     
12033.213   9     
12066.546   9     
12099.879   9     
12133.212   9     
12166.545   9     
12199.878   9     
12233.211   9     
12266.544   9     
12299.877   9     
12333.210   9     
12366.543   9     
12399.876   9     
12433.209   9     
12466.542   9     
12499.875   9     
12533.208   9     
12566.541   9     
12599.874   9     
12633.207   9     
12666.540   9     
12699.873   9     
12733.206   9     
12766.539   9     
12799.872   9     
12833.205   9     
12866.538   9     
12899.871   9     
12933.204   9     
12966.537   9     
12999.870   9     
13033.203   9     
13066.536   9     
13099.869   9     
13133.202   9     
13166.535   9     
13199.868   9     
13233.201   9     
13266.534   9     
13299.867   9     
13333.200   9     
13366.533   9     
13399.866   9     
13433.199   9     
13466.532   9     
13499.865   9     
13533.198   9     
13566.531   9     
13599.864   9     
13633.197   9     
13666.530   9     
13699.863   9     
13733.196   9     
13766.529   9     
13799.862   9     
13833.195   9     
13866.528   9     
13899.861   9     
13933.194   9     
13966.527   9     
13999.860   9     
14033.193   9     
14066.526   9     
14099.859   9     
14133.192   9     
14166.525   9     
14199.858   9     
14233.191   9     
14266.524   9     
14299.857   9     
14333.190   9     
14366.523   9     
14399.856   9     
14433.189   9     
14466.522   9     
14499.855   9     
14533.188   9     
14566.521   9     
14599.854   9     
14633.187   9     
14666.520   9     
14699.853   9     
14733.186   9     
14766.519   9     
14799.852   9     
14833.185   9     
14866.518   9     
14899.851   9     
14933.184   9     
14966.517   9     
14999.850   9     
15033.183   9     
15066.516   9     
15099.849   9     
15133.182   9     
15166.515   9     
15199.848   9     
15233.181   9     
15266.514   9     
15299.847   9     
15333.180   9     
15366.513   9     
15399.846   9     
15433.179   9     
15466.512   9     
15499.845   9     
15533.178   9     
15566.511   9     
15599.844   9     
15633.177   9     
15666.510   9     
15699.843   9     
15733.176   9     
15766.509   9     
15799.842   9     
15833.175   9     
15866.508   9     
15899.841   9     
15933.174   9     
15966.507   9     
15999.840   9     
16033.173   9     
16066.506   9     
16099.839   9     
16133.172   9     
16166.505   9     
16199.838   9     
16233.171   9     
16266.504   9     
16299.837   9     
16333.170   9     
16366.503   9     
16399.836   9     
16433.169   9     
16466.502   9     
16499.835   9     
16533.168   9     
16566.501   9     
16599.834   9     
16633.167   9     
16666.500   9     
16699.833   9     
16733.166   9     
16766.499   9     
16799.832   9     
16833.165   9     
16866.498   9     
16899.831   9     
16933.164   9     
16966.497   9     
16999.830   9     
17033.163   9     
17066.496   9     
17099.829   9     
17133.162   9     
17166.495   9     
17199.828   9     
17233.161   9     
17266.494   9     
17299.827   9     
17333.160   9     
17366.493   9     
17399.826   9     
17433.159   9     
17466.492   9     
17499.825   9     
17533.158   9     
17566.491   9     
17599.824   9     
17633.157   9     
17666.490   9     
17699.823   9     
17733.156   9     
17766.489   9     
17799.822   9     
17833.155   9     
17866.488   9     
17899.821   9     
17933.154   9     
17966.487   9     
17999.820   9     
18033.153   9     
18066.486   9     
18099.819   9     
18133.152   9     
18166.485   9     
18199.818   9     
18233.151   9     
18266.484   9     
18299.817   9     
18333.150   9     
18366.483   9     
18399.816   9     
18433.149   9     
18466.482   9     
18499.815   9     
18533.148   9     
18566.481   9     
18599.814   9     
18633.147   9     
18666.480   9     
18699.813   9     
18733.146   9     
18766.479   9     
18799.812   9     
18833.145   9     
18866.478   9     
18899.811   9     
18933.144   9     
18966.477   9     
18999.810   9     
19033.143   9     
19066.476   9     
19099.809   9     
19133.142   9     
19166.475   9     
19199.808   9     
19233.141   9     
19266.474   9     
19299.807   9     
19333.140   9     
19366.473   9     
19399.806   9     
19433.139   9     
19466.472   9     
19499.805   9     
19533.138   9     
19566.471   9     
19599.804   9     
19633.137   9     
19666.470   9     
19699.803   9     
19733.136   9     
19766.469   9     
19799.802   9     
19833.135   9     
19866.468   9     
19899.801   9     
19933.134   9     
19966.467   9     
19999.800   9     
20033.133   9     
20066.466   9     
20099.799   9     
20133.132   9     
20166.465   9     
20199.798   9     
20233.131   9     
20266.464   9     
20299.797   9     
20333.130   9     
20366.463   9     
20399.796   9     
20433.129   9     
20466.462   9     
20499.795   9     
20533.128   9     
20566.461   9     
20599.794   9     
20633.127   9     
20666.460   9     
20699.793   9     
20733.126   9     
20766.459   9     
20799.792   9     
20833.125   9     
20866.458   9     
20899.791   9     
20933.124   9     
20966.457   9     
20999.790   9     
21033.123   9     
21066.456   9     
21099.789   9     
21133.122   9     
21166.455   9     
21199.788   9     
21233.121   9     
21266.454   9     
21299.787   9     
21333.120   9     
21366.453   9     
21399.786   9     
21433.119   9     
21466.452   9     
21499.785   9     
21533.118   9     
21566.451   9     
21599.784   9     
21633.117   9     
21666.450   9     
21699.783   9     
21733.116   9     
21766.449   9     
21799.782   9     
21833.115   9     
21866.448   9     
21899.781   9     
21933.114   9     
21966.447   9     
21999.780   9     
22033.113   9     
22066.446   9     
22099.779   9     
22133.112   9     
22166.445   9     
22199.778   9     
22233.111   9     
22266.444   9     
22299.777   9     
22333.110   9     
22366.443   9     
22399.776   9     
22433.109   9     
22466.442   9     
22499.775   9     
22533.108   9     
22566.441   9     
22599.774   9     
22633.107   9     
22666.440   9     
22699.773   9     
22733.106   9     
22766.439   9     
22799.772   9     
22833.105   9     
22866.438   9     
22899.771   9     
22933.104   9     
22966.437   9     
22999.770   9     
23033.103   9     
23066.436   9     
23099.769   9     
23133.102   9     
23166.435   9     
23199.768   9     
23233.101   9     
23266.434   9     
23299.767   9     
23333.100   9     
23366.433   9     
23399.766   9     
23433.099   9     
23466.432   9     
23499.765   9     
23533.098   9     
23566.431   9     
23599.764   9     
23633.097   9     
23666.430   9     
23699.763   9     
23733.096   9     
23766.429   9     
23799.762   9     
23833.095   9     
23866.428   9     
23899.761   9     
23933.094   9     
23966.427   9     
23999.760   9     
24033.093   9     
24066.426   9     
24099.759   9     
24133.092   9     
24166.425   9     
24199.758   9     
24233.091   9     
24266.424   9     
24299.757   9     
24333.090   9     
24366.423   9     
24399.756   9     
24433.089   9     
24466.422   9     
24499.755   9     
24533.088   9     
24566.421   9     
24599.754   9     
24633.087   9     
24666.420   9     
24699.753   9     
24733.086   9     
24766.419   9     
24799.752   9     
24833.085   9     
24866.418   9     
24899.751   9     
24933.084   9     
24966.417   9     
24999.750   9     
25033.083   9     
25066.416   9     
25099.749   9     
25133.082   9     
25166.415   9     
25199.748   9     
25233.081   9     
25266.414   9     
25299.747   9     
25333.080   9     
25366.413   9     
25399.746   9     
25433.079   9     
25466.412   9     
25499.745   9     
25533.078   9     
25566.411   9     
25599.744   9     
25633.077   9     
25666.410   9     
25699.743   9     
25733.076   9     
25766.409   9     
25799.742   9     
25833.075   9     
25866.408   9     
25899.741   9     
25933.074   9     
25966.407   9     
25999.740   9     
26033.073   9     
26066.406   9     
26099.739   9     
26133.072   9     
26166.405   9     
26199.738   9     
26233.071   9     
26266.404   9     
26299.737   9     
26333.070   9     
26366.403   9     
26399.736   9     
26433.069   9     
26466.402   9     
26499.735   9     
26533.068   9     
26566.401   9     
26599.734   9     
26633.067   9     
26666.400   9     
26699.733   9     
26733.066   9     
26766.399   9     
26799.732   9     
26833.065   9     
26866.398   9     
26899.731   9     
26933.064   9     
26966.397   9     
26999.730   9     
27033.063   9     
27066.396   9     
27099.729   9     
27133.062   9     
27166.395   9     
27199.728   9     
27233.061   9     
27266.394   9     
27299.727   9     
27333.060   9     
27366.393   9     
27399.726   9     
27433.059   9     
27466.392   9     
27499.725   9     
27533.058   9     
27566.391   9     
27599.724   9     
27633.057   9     
27666.390   9     
27699.723   9     
27733.056   9     
27766.389   9     
27799.722   9     
27833.055   9     
27866.388   9     
27899.721   9     
27933.054   9     
27966.387   9     
27999.720   9     
28033.053   9     
28066.386   9     
28099.719   9     
28133.052   9     
28166.385   9     
28199.718   9     
28233.051   9     
28266.384   9     
28299.717   9     
28333.050   9     
28366.383   9     
28399.716   9     
28433.049   9     
28466.382   9     
28499.715   9     
28533.048   9     
28566.381   9     
28599.714   9     
28633.047   9     
28666.380   9     
28699.713   9     
28733.046   9     
28766.379   9     
28799.712   9     
28833.045   9     
28866.378   9     
28899.711   9     
28933.044   9     
28966.377   9     
28999.710   9     
29033.043   9     
29066.376   9     
29099.709   9     
29133.042   9     
29166.375   9     
29199.708   9     
29233.041   9     
29266.374   9     
29299.707   9     
29333.040   9     
29366.373   9     
29399.706   9     
29433.039   9     
29466.372   9     
29499.705   9     
29533.038   9     
29566.371   9     
29599.704   9     
29633.037   9     
29666.370   9     
29699.703   9     
29733.036   9     
29766.369   9     
29799.702   9     
29833.035   9     
29866.368   9     
29899.701   9     
29933.034   9     
29966.367   9     
29999.700   9     
30033.033   9     
30066.366   9     
30099.699   9     
30133.032   9     
30166.365   9     
30199.698   9     
30233.031   9     
30266.364   9     
30299.697   9     
30333.030   9     
30366.363   9     
30399.696   9     
30433.029   9     
30466.362   9     
30499.695   9     
30533.028   9     
30566.361   9     
30599.694   9     
30633.027   9     
30666.360   9     
30699.693   9     
30733.026   9     
30766.359   9     
30799.692   9     
30833.025   9     
30866.358   9     
30899.691   9     
30933.024   9     
30966.357   9     
30999.690   1     
31033.023   1     
31066.356   1     
31099.689   1     
31133.022   1     
31166.355   1     
31199.688   1     
31233.021   1     
31266.354   1     
31299.687   1     
31333.020   1     
31366.353   1     
31399.686   1     
31433.019   1     
31466.352   1     
31499.685   1     
31533.018   1     
31566.351   1     
31599.684   1     
31633.017   1     
31666.350   1     
31699.683   1     
31733.016   1     
31766.349   1     
31799.682   1     
31833.015   1     
31866.348   1     
31899.681   1     
31933.014   1     
31966.347   1     
31999.680   1     
32033.013   1     
32066.346   1     
32099.679   1     
32133.012   1     
32166.345   1     
32199.678   1     
32233.011   1     
32266.344   1     
32299.677   1     
32333.010   1     
32366.343   1     
32399.676   1     
32433.009   1     
32466.342   1     
32499.675   1     
32533.008   1     
32566.341   1     
32599.674   1     
32633.007   1     
32666.340   1     
32699.673   1     
32733.006   1     
32766.339   1     
32799.672   1     
32833.005   1     
32866.338   1     
32899.671   1     
32933.004   1     
32966.337   1     
32999.670   1     
33033.003   1     
33066.336   1     
33099.669   1     
33133.002   1     
33166.335   1     
33199.668   1     
33233.001   1     
33266.334   1     
33299.667   1     
33333.000   1     
33366.333   1     
33399.666   1     
33432.999   1     
33466.332   1     
33499.665   1     
33532.998   1     
33566.331   1     
33599.664   1     
33632.997   1     
33666.330   1     
33699.663   1     
33732.996   1     
33766.329   1     
33799.662   1     
33832.995   1     
33866.328   1     
33899.661   1     
33932.994   1     
33966.327   1     
33999.660   1     
34032.993   1     
34066.326   1     
34099.659   1     
34132.992   1     
34166.325   1     
34199.658   1     
34232.991   1     
34266.324   1     
34299.657   1     
34332.990   1     
34366.323   1     
34399.656   1     
34432.989   1     
34466.322   1     
34499.655   1     
34532.988   1     
34566.321   1     
34599.654   1     
34632.987   1     
34666.320   1     
34699.653   1     
34732.986   1     
34766.319   1     
34799.652   1     
34832.985   1     
34866.318   1     
34899.651   1     
34932.984   1     
34966.317   1     
34999.650   1     
35032.983   1     
35066.316   1     
35099.649   1     
35132.982   1     
35166.315   1     
35199.648   1     
35232.981   1     
35266.314   1     
35299.647   1     
35332.980   1     
35366.313   1     
35399.646   1     
35432.979   1     
35466.312   1     
35499.645   1     
35532.978   1     
35566.311   1     
35599.644   1     
35632.977   1     
35666.310   1     
35699.643   1     
35732.976   1     
35766.309   1     
35799.642   1     
35832.975   1     
35866.308   1     
35899.641   1     
35932.974   1     
35966.307   1     
35999.640   1     
36032.973   1     
36066.306   1     
36099.639   1     
36132.972   1     
36166.305   1     
36199.638   1     
36232.971   1     
36266.304   1     
36299.637   1     
36332.970   1     
36366.303   1     
36399.636   1     
36432.969   1     
36466.302   1     
36499.635   1     
36532.968   1     
36566.301   1     
36599.634   1     
36632.967   1     
36666.300   1     
36699.633   1     
36732.966   1     
36766.299   1     
36799.632   1     
36832.965   1     
36866.298   1     
36899.631   1     
36932.964   1     
36966.297   1     
36999.630   1     
37032.963   1     
37066.296   1     
37099.629   1     
37132.962   1     
37166.295   1     
37199.628   1     
37232.961   1     
37266.294   1     
37299.627   1     
37332.960   1     
37366.293   1     
37399.626   2     
37432.959   2     
37466.292   2     
37499.625   2     
37532.958   2     
37566.291   2     
37599.624   2     
37632.957   2     
37666.290   2     
37699.623   2     
37732.956   2     
37766.289   2     
37799.622   2     
37832.955   2     
37866.288   2     
37899.621   2     
37932.954   2     
37966.287   2     
37999.620   2     
38032.953   2     
38066.286   2     
38099.619   2     
38132.952   2     
38166.285   2     
38199.618   2     
38232.951   2     
38266.284   2     
38299.617   2     
38332.950   2     
38366.283   2     
38399.616   2     
38432.949   2     
38466.282   2     
38499.615   2     
38532.948   2     
38566.281   2     
38599.614   2     
38632.947   2     
38666.280   2     
38699.613   2     
38732.946   2     
38766.279   2     
38799.612   2     
38832.945   2     
38866.278   2     
38899.611   2     
38932.944   2     
38966.277   2     
38999.610   2     
39032.943   2     
39066.276   2     
39099.609   2     
39132.942   2     
39166.275   2     
39199.608   2     
39232.941   2     
39266.274   2     
39299.607   2     
39332.940   2     
39366.273   2     
39399.606   2     
39432.939   2     
39466.272   2     
39499.605   2     
39532.938   2     
39566.271   2     
39599.604   2     
39632.937   2     
39666.270   2     
39699.603   2     
39732.936   2     
39766.269   2     
39799.602   2     
39832.935   2     
39866.268   2     
39899.601   2     
39932.934   2     
39966.267   2     
39999.600   2     
40032.933   2     
40066.266   2     
40099.599   2     
40132.932   2     
40166.265   2     
40199.598   2     
40232.931   2     
40266.264   2     
40299.597   2     
40332.930   2     
40366.263   2     
40399.596   2     
40432.929   2     
40466.262   2     
40499.595   2     
40532.928   2     
40566.261   2     
40599.594   2     
40632.927   2     
40666.260   2     
40699.593   2     
40732.926   2     
40766.259   2     
40799.592   2     
40832.925   2     
40866.258   2     
40899.591   2     
40932.924   2     
40966.257   2     
40999.590   2     
41032.923   2     
41066.256   2     
41099.589   2     
41132.922   2     
41166.255   2     
41199.588   2     
41232.921   2     
41266.254   2     
41299.587   2     
41332.920   2     
41366.253   2     
41399.586   2     
41432.919   2     
41466.252   2     
41499.585   2     
41532.918   2     
41566.251   2     
41599.584   2     
41632.917   2     
41666.250   2     
41699.583   2     
41732.916   2     
41766.249   2     
41799.582   2     
41832.915   2     
41866.248   2     
41899.581   2     
41932.914   2     
41966.247   2     
41999.580   2     
42032.913   2     
42066.246   2     
42099.579   2     
42132.912   2     
42166.245   2     
42199.578   2     
42232.911   2     
42266.244   2     
42299.577   2     
42332.910   2     
42366.243   2     
42399.576   2     
42432.909   2     
42466.242   2     
42499.575   2     
42532.908   2     
42566.241   2     
42599.574   2     
42632.907   2     
42666.240   2     
42699.573   2     
42732.906   2     
42766.239   2     
42799.572   2     
42832.905   2     
42866.238   2     
42899.571   2     
42932.904   2     
42966.237   2     
42999.570   2     
43032.903   2     
43066.236   2     
43099.569   2     
43132.902   2     
43166.235   2     
43199.568   2     
43232.901   2     
43266.234   2     
43299.567   2     
43332.900   2     
43366.233   2     
43399.566   2     
43432.899   2     
43466.232   2     
43499.565   2     
43532.898   2     
43566.231   2     
43599.564   2     
43632.897   2     
43666.230   2     
43699.563   2     
43732.896   2     
43766.229   2     
43799.562   2     
43832.895   2     
43866.228   2     
43899.561   2     
43932.894   2     
43966.227   2     
43999.560   2     
44032.893   2     
44066.226   2     
44099.559   2     
44132.892   2     
44166.225   2     
44199.558   2     
44232.891   2     
44266.224   2     
44299.557   2     
44332.890   2     
44366.223   2     
44399.556   2     
44432.889   2     
44466.222   2     
44499.555   2     
44532.888   2     
44566.221   2     
44599.554   2     
44632.887   2     
44666.220   2     
44699.553   2     
44732.886   2     
44766.219   2     
44799.552   2     
44832.885   2     
44866.218   2     
44899.551   2     
44932.884   2     
44966.217   2     
44999.550   2     
45032.883   2     
45066.216   2     
45099.549   2     
45132.882   2     
45166.215   2     
45199.548   2     
45232.881   2     
45266.214   2     
45299.547   2     
45332.880   2     
45366.213   2     
45399.546   2     
45432.879   2     
45466.212   2     
45499.545   2     
45532.878   2     
45566.211   2     
45599.544   2     
45632.877   2     
45666.210   2     
45699.543   2     
45732.876   2     
45766.209   2     
45799.542   2     
45832.875   2     
45866.208   2     
45899.541   2     
45932.874   2     
45966.207   2     
45999.540   2     
46032.873   2     
46066.206   2     
46099.539   2     
46132.872   2     
46166.205   2     
46199.538   2     
46232.871   2     
46266.204   2     
46299.537   2     
46332.870   2     
46366.203   2     
46399.536   2     
46432.869   2     
46466.202   2     
46499.535   2     
46532.868   2     
46566.201   2     
46599.534   2     
46632.867   2     
46666.200   2     
46699.533   2     
46732.866   2     
46766.199   2     
46799.532   2     
46832.865   2     
46866.198   2     
46899.531   2     
46932.864   2     
46966.197   2     
46999.530   2     
47032.863   2     
47066.196   2     
47099.529   2     
47132.862   2     
47166.195   2     
47199.528   2     
47232.861   2     
47266.194   2     
47299.527   2     
47332.860   2     
47366.193   2     
47399.526   2     
47432.859   2     
47466.192   2     
47499.525   2     
47532.858   2     
47566.191   2     
47599.524   2     
47632.857   2     
47666.190   2     
47699.523   2     
47732.856   2     
47766.189   2     
47799.522   2     
47832.855   2     
47866.188   2     
47899.521   2     
47932.854   2     
47966.187   2     
47999.520   2     
48032.853   2     
48066.186   2     
48099.519   2     
48132.852   2     
48166.185   2     
48199.518   2     
48232.851   2     
48266.184   2     
48299.517   2     
48332.850   2     
48366.183   2     
48399.516   2     
48432.849   2     
48466.182   2     
48499.515   2     
48532.848   2     
48566.181   2     
48599.514   2     
48632.847   3     
48666.180   3     
48699.513   3     
48732.846   3     
48766.179   3     
48799.512   3     
48832.845   3     
48866.178   3     
48899.511   3     
48932.844   3     
48966.177   3     
48999.510   3     
49032.843   3     
49066.176   3     
49099.509   3     
49132.842   3     
49166.175   3     
49199.508   3     
49232.841   3     
49266.174   3     
49299.507   3     
49332.840   3     
49366.173   3     
49399.506   3     
49432.839   3     
49466.172   3     
49499.505   3     
49532.838   3     
49566.171   3     
49599.504   3     
49632.837   3     
49666.170   3     
49699.503   3     
49732.836   3     
49766.169   3     
49799.502   3     
49832.835   3     
49866.168   3     
49899.501   4     
49932.834   4     
49966.167   4     
49999.500   4     
50032.833   4     
50066.166   4     
50099.499   4     
50132.832   4     
50166.165   4     
50199.498   4     
50232.831   4     
50266.164   4     
50299.497   4     
50332.830   4     
50366.163   4     
50399.496   4     
50432.829   4     
50466.162   4     
50499.495   4     
50532.828   4     
50566.161   4     
50599.494   4     
50632.827   4     
50666.160   4     
50699.493   4     
50732.826   4     
50766.159   4     
50799.492   4     
50832.825   4     
50866.158   4     
50899.491   4     
50932.824   4     
50966.157   4     
50999.490   4     
51032.823   4     
51066.156   4     
51099.489   4     
51132.822   4     
51166.155   4     
51199.488   4     
51232.821   4     
51266.154   4     
51299.487   4     
51332.820   4     
51366.153   4     
51399.486   4     
51432.819   4     
51466.152   4     
51499.485   4     
51532.818   4     
51566.151   4     
51599.484   4     
51632.817   4     
51666.150   4     
51699.483   4     
51732.816   4     
51766.149   4     
51799.482   4     
51832.815   4     
51866.148   4     
51899.481   4     
51932.814   4     
51966.147   4     
51999.480   4     
52032.813   4     
52066.146   4     
52099.479   4     
52132.812   4     
52166.145   4     
52199.478   4     
52232.811   4     
52266.144   4     
52299.477   4     
52332.810   4     
52366.143   4     
52399.476   4     
52432.809   4     
52466.142   4     
52499.475   4     
52532.808   4     
52566.141   4     
52599.474   4     
52632.807   4     
52666.140   4     
52699.473   4     
52732.806   4     
52766.139   4     
52799.472   4     
52832.805   4     
52866.138   4     
52899.471   4     
52932.804   4     
52966.137   4     
52999.470   4     
53032.803   4     
53066.136   4     
53099.469   4     
53132.802   4     
53166.135   4     
53199.468   4     
53232.801   4     
53266.134   4     
53299.467   4     
53332.800   4     
53366.133   4     
53399.466   4     
53432.799   4     
53466.132   4     
53499.465   4     
53532.798   4     
53566.131   4     
53599.464   4     
53632.797   4     
53666.130   4     
53699.463   4     
53732.796   4     
53766.129   4     
53799.462   4     
53832.795   4     
53866.128   4     
53899.461   4     
53932.794   4     
53966.127   4     
53999.460   4     
54032.793   4     
54066.126   4     
54099.459   4     
54132.792   4     
54166.125   4     
54199.458   4     
54232.791   4     
54266.124   4     
54299.457   4     
54332.790   4     
54366.123   4     
54399.456   4     
54432.789   4     
54466.122   7     
54499.455   7     
54532.788   7     
54566.121   7     
54599.454   7     
54632.787   7     
54666.120   7     
54699.453   7     
54732.786   7     
54766.119   7     
54799.452   7     
54832.785   7     
54866.118   7     
54899.451   7     
54932.784   7     
54966.117   7     
54999.450   7     
55032.783   7     
55066.116   7     
55099.449   7     
55132.782   7     
55166.115   7     
55199.448   7     
55232.781   7     
55266.114   7     
55299.447   7     
55332.780   7     
55366.113   7     
55399.446   7     
55432.779   7     
55466.112   7     
55499.445   7     
55532.778   7     
55566.111   7     
55599.444   7     
55632.777   7     
55666.110   7     
55699.443   7     
55732.776   7     
55766.109   7     
55799.442   7     
55832.775   7     
55866.108   7     
55899.441   7     
55932.774   7     
55966.107   7     
55999.440   7     
56032.773   7     
56066.106   7     
56099.439   7     
56132.772   7     
56166.105   7     
56199.438   7     
56232.771   7     
56266.104   7     
56299.437   7     
56332.770   7     
56366.103   7     
56399.436   7     
56432.769   7     
56466.102   7     
56499.435   7     
56532.768   7     
56566.101   7     
56599.434   7     
56632.767   7     
56666.100   7     
56699.433   7     
56732.766   7     
56766.099   7     
56799.432   7     
56832.765   7     
56866.098   7     
56899.431   7     
56932.764   7     
56966.097   7     
56999.430   7     
57032.763   7     
57066.096   7     
57099.429   7     
57132.762   7     
57166.095   7     
57199.428   7     
57232.761   7     
57266.094   7     
57299.427   7     
57332.760   7     
57366.093   7     
57399.426   7     
57432.759   7     
57466.092   7     
57499.425   7     
57532.758   7     
57566.091   7     
57599.424   7     
57632.757   7     
57666.090   7     
57699.423   7     
57732.756   7     
57766.089   7     
57799.422   7     
57832.755   7     
57866.088   7     
57899.421   7     
57932.754   7     
57966.087   7     
57999.420   7     
58032.753   7     
58066.086   7     
58099.419   7     
58132.752   7     
58166.085   7     
58199.418   7     
58232.751   7     
58266.084   7     
58299.417   7     
58332.750   7     
58366.083   7     
58399.416   7     
58432.749   7     
58466.082   7     
58499.415   7     
58532.748   7     
58566.081   7     
58599.414   7     
58632.747   7     
58666.080   7     
58699.413   7     
58732.746   7     
58766.079   7     
58799.412   7     
58832.745   7     
58866.078   8     
58899.411   8     
58932.744   8     
58966.077   8     
58999.410   8     
59032.743   8     
59066.076   8     
59099.409   8     
59132.742   8     
59166.075   8     
59199.408   8     
59232.741   8     
59266.074   8     
59299.407   8     
59332.740   8     
59366.073   8     
59399.406   8     
59432.739   8     
59466.072   8     
59499.405   8     
59532.738   8     
59566.071   8     
59599.404   8     
59632.737   8     
59666.070   8     
59699.403   8     
59732.736   8     
59766.069   8     
59799.402   8     
59832.735   8     
59866.068   8     
59899.401   8     
59932.734   8     
59966.067   8     
59999.400   8     
60032.733   8     
60066.066   8     
60099.399   8     
60132.732   8     
60166.065   8     
60199.398   8     
60232.731   8     
60266.064   8     
60299.397   8     
60332.730   8     
60366.063   8     
60399.396   8     
60432.729   8     
60466.062   8     
60499.395   8     
60532.728   8     
60566.061   8     
60599.394   8     
60632.727   8     
60666.060   8     
60699.393   8     
60732.726   8     
60766.059   8     
60799.392   8     
60832.725   8     
60866.058   8     
60899.391   8     
60932.724   8     
60966.057   8     
60999.390   8     
61032.723   8     
61066.056   8     
61099.389   8     
61132.722   8     
61166.055   8     
61199.388   8     
61232.721   8     
61266.054   8     
61299.387   8     
61332.720   8     
61366.053   8     
61399.386   8     
61432.719   8     
61466.052   8     
61499.385   8     
61532.718   8     
61566.051   8     
61599.384   8     
61632.717   8     
61666.050   8     
61699.383   8     
61732.716   8     
61766.049   8     
61799.382   8     
61832.715   8     
61866.048   8     
61899.381   8     
61932.714   8     
61966.047   8     
61999.380   8     
62032.713   8     
62066.046   8     
62099.379   8     
62132.712   8     
62166.045   8     
62199.378   8     
62232.711   8     
62266.044   8     
62299.377   8     
62332.710   8     
62366.043   8     
62399.376   8     
62432.709   8     
62466.042   3     
62499.375   3     
62532.708   3     
62566.041   3     
62599.374   3     
62632.707   3     
62666.040   3     
62699.373   3     
62732.706   3     
62766.039   3     
62799.372   3     
62832.705   3     
62866.038   3     
62899.371   3     
62932.704   3     
62966.037   3     
62999.370   3     
63032.703   3     
63066.036   3     
63099.369   3     
63132.702   3     
63166.035   3     
63199.368   3     
63232.701   3     
63266.034   3     
63299.367   3     
63332.700   3     
63366.033   3     
63399.366   3     
63432.699   3     
63466.032   3     
63499.365   3     
63532.698   3     
63566.031   3     
63599.364   3     
63632.697   3     
63666.030   3     
63699.363   3     
63732.696   3     
63766.029   3     
63799.362   3     
63832.695   3     
63866.028   3     
63899.361   3     
63932.694   3     
63966.027   3     
63999.360   3     
64032.693   3     
64066.026   3     
64099.359   3     
64132.692   3     
64166.025   3     
64199.358   3     
64232.691   3     
64266.024   3     
64299.357   3     
64332.690   3     
64366.023   3     
64399.356   3     
64432.689   3     
64466.022   3     
64499.355   3     
64532.688   3     
64566.021   3     
64599.354   3     
64632.687   3     
64666.020   3     
64699.353   3     
64732.686   3     
64766.019   3     
64799.352   3     
64832.685   3     
64866.018   3     
64899.351   3     
64932.684   3     
64966.017   3     
64999.350   3     
65032.683   3     
65066.016   3     
65099.349   3     
65132.682   3     
65166.015   3     
65199.348   3     
65232.681   3     
65266.014   3     
65299.347   3     
65332.680   3     
65366.013   3     
65399.346   3     
65432.679   3     
65466.012   3     
65499.345   3     
65532.678   3     
65566.011   3     
65599.344   5     
65632.677   5     
65666.010   5     
65699.343   5     
65732.676   5     
65766.009   5     
65799.342   5     
65832.675   5     
65866.008   5     
65899.341   5     
65932.674   5     
65966.007   5     
65999.340   5     
66032.673   5     
66066.006   5     
66099.339   5     
66132.672   5     
66166.005   5     
66199.338   5     
66232.671   5     
66266.004   5     
66299.337   5     
66332.670   5     
66366.003   5     
66399.336   5     
66432.669   5     
66466.002   5     
66499.335   5     
66532.668   5     
66566.001   5     
66599.334   5     
66632.667   5     
66666.000   5     
66699.333   5     
66732.666   5     
66765.999   5     
66799.332   5     
66832.665   5     
66865.998   5     
66899.331   5     
66932.664   5     
66965.997   5     
66999.330   5     
67032.663   5     
67065.996   5     
67099.329   5     
67132.662   5     
67165.995   5     
67199.328   5     
67232.661   5     
67265.994   5     
67299.327   5     
67332.660   5     
67365.993   5     
67399.326   5     
67432.659   5     
67465.992   5     
67499.325   5     
67532.658   5     
67565.991   5     
67599.324   5     
67632.657   5     
67665.990   5     
67699.323   5     
67732.656   5     
67765.989   5     
67799.322   5     
67832.655   5     
67865.988   5     
67899.321   5     
67932.654   5     
67965.987   5     
67999.320   5     
68032.653   5     
68065.986   5     
68099.319   5     
68132.652   5     
68165.985   5     
68199.318   5     
68232.651   5     
68265.984   7     
68299.317   7     
68332.650   7     
68365.983   7     
68399.316   7     
68432.649   7     
68465.982   7     
68499.315   7     
68532.648   7     
68565.981   7     
68599.314   7     
68632.647   7     
68665.980   7     
68699.313   7     
68732.646   7     
68765.979   7     
68799.312   7     
68832.645   7     
68865.978   7     
68899.311   7     
68932.644   7     
68965.977   7     
68999.310   7     
69032.643   7     
69065.976   7     
69099.309   7     
69132.642   7     
69165.975   7     
69199.308   7     
69232.641   7     
69265.974   7     
69299.307   7     
69332.640   7     
69365.973   7     
69399.306   7     
69432.639   7     
69465.972   7     
69499.305   7     
69532.638   7     
69565.971   7     
69599.304   7     
69632.637   7     
69665.970   7     
69699.303   7     
69732.636   7     
69765.969   7     
69799.302   7     
69832.635   7     
69865.968   7     
69899.301   7     
69932.634   7     
69965.967   7     
69999.300   7     
70032.633   7     
70065.966   7     
70099.299   7     
70132.632   7     
70165.965   7     
70199.298   7     
70232.631   7     
70265.964   7     
70299.297   7     
70332.630   7     
70365.963   7     
70399.296   7     
70432.629   7     
70465.962   7     
70499.295   7     
70532.628   7     
70565.961   7     
70599.294   7     
70632.627   7     
70665.960   7     
70699.293   7     
70732.626   7     
70765.959   7     
70799.292   7     
70832.625   7     
70865.958   7     
70899.291   7     
70932.624   7     
70965.957   7     
70999.290   7     
71032.623   7     
71065.956   7     
71099.289   7     
71132.622   7     
71165.955   7     
71199.288   7     
71232.621   7     
71265.954   7     
71299.287   7     
71332.620   7     
71365.953   7     
71399.286   7     
71432.619   7     
71465.952   7     
71499.285   7     
71532.618   7     
71565.951   7     
71599.284   7     
71632.617   7     
71665.950   7     
71699.283   7     
71732.616   7     
71765.949   8     
71799.282   8     
71832.615   8     
71865.948   8     
71899.281   8     
71932.614   8     
71965.947   8     
71999.280   8     
72032.613   8     
72065.946   8     
72099.279   8     
72132.612   8     
72165.945   8     
72199.278   8     
72232.611   8     
72265.944   8     
72299.277   8     
72332.610   8     
72365.943   8     
72399.276   8     
72432.609   8     
72465.942   8     
72499.275   8     
72532.608   8     
72565.941   8     
72599.274   8     
72632.607   8     
72665.940   8     
72699.273   8     
72732.606   8     
72765.939   8     
72799.272   8     
72832.605   8     
72865.938   8     
72899.271   8     
72932.604   8     
72965.937   8     
72999.270   8     
73032.603   8     
73065.936   8     
73099.269   8     
73132.602   8     
73165.935   8     
73199.268   8     
73232.601   8     
73265.934   8     
73299.267   8     
73332.600   8     
73365.933   8     
73399.266   8     
73432.599   8     
73465.932   8     
73499.265   8     
73532.598   8     
73565.931   8     
73599.264   8     
73632.597   8     
73665.930   8     
73699.263   8     
73732.596   8     
73765.929   8     
73799.262   8     
73832.595   8     
73865.928   8     
73899.261   8     
73932.594   8     
73965.927   8     
73999.260   8     
74032.593   8     
74065.926   8     
74099.259   8     
74132.592   8     
74165.925   8     
74199.258   8     
74232.591   8     
74265.924   8     
74299.257   8     
74332.590   8     
74365.923   8     
74399.256   8     
74432.589   8     
74465.922   8     
74499.255   8     
74532.588   8     
74565.921   8     
74599.254   8     
74632.587   8     
74665.920   8     
74699.253   8     
74732.586   8     
74765.919   8     
74799.252   8     
74832.585   8     
74865.918   8     
74899.251   8     
74932.584   8     
74965.917   8     
74999.250   3     
75032.583   3     
75065.916   3     
75099.249   3     
75132.582   3     
75165.915   3     
75199.248   3     
75232.581   3     
75265.914   3     
75299.247   3     
75332.580   3     
75365.913   3     
75399.246   3     
75432.579   3     
75465.912   3     
75499.245   3     
75532.578   3     
75565.911   3     
75599.244   3     
75632.577   3     
75665.910   3     
75699.243   3     
75732.576   3     
75765.909   3     
75799.242   3     
75832.575   3     
75865.908   3     
75899.241   3     
75932.574   3     
75965.907   3     
75999.240   3     
76032.573   3     
76065.906   3     
76099.239   3     
76132.572   3     
76165.905   3     
76199.238   3     
76232.571   3     
76265.904   3     
76299.237   3     
76332.570   3     
76365.903   3     
76399.236   3     
76432.569   3     
76465.902   3     
76499.235   6     
76532.568   6     
76565.901   6     
76599.234   6     
76632.567   6     
76665.900   6     
76699.233   6     
76732.566   6     
76765.899   6     
76799.232   6     
76832.565   6     
76865.898   6     
76899.231   6     
76932.564   6     
76965.897   6     
76999.230   6     
77032.563   6     
77065.896   6     
77099.229   6     
77132.562   6     
77165.895   6     
77199.228   6     
77232.561   6     
77265.894   6     
77299.227   6     
77332.560   6     
77365.893   6     
77399.226   6     
77432.559   6     
77465.892   6     
77499.225   6     
77532.558   6     
77565.891   6     
77599.224   6     
77632.557   6     
77665.890   6     
77699.223   6     
77732.556   6     
77765.889   6     
77799.222   6     
77832.555   6     
77865.888   6     
77899.221   6     
77932.554   6     
77965.887   6     
77999.220   6     
78032.553   6     
78065.886   6     
78099.219   6     
78132.552   6     
78165.885   7     
78199.218   7     
78232.551   7     
78265.884   7     
78299.217   7     
78332.550   7     
78365.883   7     
78399.216   7     
78432.549   7     
78465.882   7     
78499.215   7     
78532.548   7     
78565.881   7     
78599.214   7     
78632.547   7     
78665.880   7     
78699.213   7     
78732.546   7     
78765.879   7     
78799.212   7     
78832.545   7     
78865.878   7     
78899.211   7     
78932.544   7     
78965.877   7     
78999.210   7     
79032.543   7     
79065.876   7     
79099.209   7     
79132.542   7     
79165.875   7     
79199.208   7     
79232.541   7     
79265.874   7     
79299.207   7     
79332.540   7     
79365.873   7     
79399.206   7     
79432.539   7     
79465.872   7     
79499.205   7     
79532.538   7     
79565.871   7     
79599.204   7     
79632.537   7     
79665.870   7     
79699.203   7     
79732.536   7     
79765.869   7     
79799.202   7     
79832.535   7     
79865.868   7     
79899.201   7     
79932.534   7     
79965.867   7     
79999.200   7     
80032.533   7     
80065.866   7     
80099.199   7     
80132.532   7     
80165.865   7     
80199.198   7     
80232.531   7     
80265.864   7     
80299.197   7     
80332.530   7     
80365.863   7     
80399.196   7     
80432.529   7     
80465.862   7     
80499.195   7     
80532.528   7     
80565.861   7     
80599.194   7     
80632.527   7     
80665.860   7     
80699.193   7     
80732.526   3     
80765.859   3     
80799.192   3     
80832.525   3     
80865.858   3     
80899.191   3     
80932.524   3     
80965.857   3     
80999.190   3     
81032.523   3     
81065.856   3     
81099.189   3     
81132.522   3     
81165.855   3     
81199.188   3     
81232.521   3     
81265.854   3     
81299.187   3     
81332.520   3     
81365.853   3     
81399.186   3     
81432.519   3     
81465.852   3     
81499.185   3     
81532.518   3     
81565.851   3     
81599.184   3     
81632.517   3     
81665.850   3     
81699.183   3     
81732.516   3     
81765.849   3     
81799.182   3     
81832.515   3     
81865.848   3     
81899.181   3     
81932.514   3     
81965.847   3     
81999.180   3     
82032.513   3     
82065.846   3     
82099.179   3     
82132.512   3     
82165.845   3     
82199.178   6     
82232.511   6     
82265.844   6     
82299.177   6     
82332.510   6     
82365.843   6     
82399.176   6     
82432.509   6     
82465.842   6     
82499.175   6     
82532.508   6     
82565.841   6     
82599.174   6     
82632.507   6     
82665.840   6     
82699.173   6     
82732.506   6     
82765.839   6     
82799.172   6     
82832.505   6     
82865.838   6     
82899.171   6     
82932.504   6     
82965.837   6     
82999.170   6     
83032.503   6     
83065.836   6     
83099.169   6     
83132.502   6     
83165.835   6     
83199.168   6     
83232.501   6     
83265.834   6     
83299.167   6     
83332.500   6     
83365.833   6     
83399.166   6     
83432.499   6     
83465.832   6     
83499.165   6     
83532.498   6     
83565.831   6     
83599.164   6     
83632.497   6     
83665.830   6     
83699.163   6     
83732.496   6     
83765.829   7     
83799.162   7     
83832.495   7     
83865.828   7     
83899.161   7     
83932.494   7     
83965.827   7     
83999.160   7     
84032.493   7     
84065.826   7     
84099.159   7     
84132.492   7     
84165.825   7     
84199.158   7     
84232.491   7     
84265.824   7     
84299.157   7     
84332.490   7     
84365.823   7     
84399.156   7     
84432.489   7     
84465.822   7     
84499.155   7     
84532.488   7     
84565.821   7     
84599.154   7     
84632.487   7     
84665.820   7     
84699.153   7     
84732.486   7     
84765.819   7     
84799.152   7     
84832.485   7     
84865.818   7     
84899.151   7     
84932.484   7     
84965.817   7     
84999.150   7     
85032.483   7     
85065.816   7     
85099.149   7     
85132.482   7     
85165.815   7     
85199.148   7     
85232.481   7     
85265.814   7     
85299.147   7     
85332.480   7     
85365.813   7     
85399.146   7     
85432.479   7     
85465.812   7     
85499.145   7     
85532.478   7     
85565.811   7     
85599.144   7     
85632.477   7     
85665.810   7     
85699.143   7     
85732.476   7     
85765.809   7     
85799.142   7     
85832.475   7     
85865.808   7     
85899.141   7     
85932.474   7     
85965.807   7     
85999.140   7     
86032.473   7     
86065.806   7     
86099.139   7     
86132.472   7     
86165.805   7     
86199.138   7     
86232.471   7     
86265.804   7     
86299.137   7     
86332.470   7     
86365.803   7     
86399.136   7     
86432.469   7     
86465.802   7     
86499.135   7     
86532.468   7     
86565.801   7     
86599.134   7     
86632.467   7     
86665.800   7     
86699.133   7     
86732.466   7     
86765.799   7     
86799.132   7     
86832.465   7     
86865.798   7     
86899.131   7     
86932.464   7     
86965.797   7     
86999.130   7     
87032.463   7     
87065.796   7     
87099.129   7     
87132.462   7     
87165.795   7     
87199.128   7     
87232.461   7     
87265.794   8     
87299.127   8     
87332.460   8     
87365.793   8     
87399.126   8     
87432.459   8     
87465.792   8     
87499.125   8     
87532.458   8     
87565.791   8     
87599.124   8     
87632.457   8     
87665.790   8     
87699.123   8     
87732.456   8     
87765.789   8     
87799.122   8     
87832.455   8     
87865.788   8     
87899.121   8     
87932.454   8     
87965.787   8     
87999.120   8     
88032.453   8     
88065.786   8     
88099.119   8     
88132.452   8     
88165.785   8     
88199.118   8     
88232.451   8     
88265.784   8     
88299.117   8     
88332.450   8     
88365.783   8     
88399.116   8     
88432.449   8     
88465.782   8     
88499.115   8     
88532.448   8     
88565.781   8     
88599.114   8     
88632.447   8     
88665.780   8     
88699.113   8     
88732.446   8     
88765.779   8     
88799.112   8     
88832.445   8     
88865.778   8     
88899.111   8     
88932.444   8     
88965.777   8     
88999.110   8     
89032.443   8     
89065.776   8     
89099.109   8     
89132.442   8     
89165.775   8     
89199.108   8     
89232.441   8     
89265.774   8     
89299.107   8     
89332.440   8     
89365.773   8     
89399.106   8     
89432.439   8     
89465.772   8     
89499.105   8     
89532.438   8     
89565.771   8     
89599.104   8     
89632.437   8     
89665.770   8     
89699.103   8     
89732.436   8     
89765.769   8     
89799.102   8     
89832.435   8     
89865.768   8     
89899.101   8     
89932.434   8     
89965.767   8     
89999.100   8     
90032.433   8     
90065.766   8     
90099.099   8     
90132.432   8     
90165.765   8     
90199.098   8     
90232.431   8     
90265.764   8     
90299.097   8     
90332.430   8     
90365.763   8     
90399.096   8     
90432.429   8     
90465.762   8     
90499.095   8     
90532.428   8     
90565.761   8     
90599.094   8     
90632.427   8     
90665.760   8     
90699.093   8     
90732.426   8     
90765.759   8     
90799.092   8     
90832.425   8     
90865.758   8     
90899.091   8     
90932.424   8     
90965.757   8     
90999.090   8     
91032.423   8     
91065.756   8     
91099.089   8     
91132.422   8     
91165.755   8     
91199.088   8     
91232.421   8     
91265.754   8     
91299.087   8     
91332.420   8     
91365.753   8     
91399.086   8     
91432.419   8     
91465.752   8     
91499.085   8     
91532.418   8     
91565.751   8     
91599.084   8     
91632.417   8     
91665.750   8     
