Time (ms)   Label 
0.000       9     
33.333      9     
66.666      9     
99.999      9     
133.332     9     
166.665     9     
199.998     9     
233.331     9     
266.664     9     
299.997     9     
333.330     9     
366.663     9     
399.996     9     
433.329     9     
466.662     9     
499.995     9     
533.328     9     
566.661     9     
599.994     9     
633.327     9     
666.660     9     
699.993     9     
733.326     9     
766.659     9     
799.992     9     
833.325     9     
866.658     9     
899.991     9     
933.324     9     
966.657     9     
999.990     9     
1033.323    9     
1066.656    1     
1099.989    1     
1133.322    1     
1166.655    1     
1199.988    1     
1233.321    1     
1266.654    1     
1299.987    1     
1333.320    1     
1366.653    1     
1399.986    1     
1433.319    1     
1466.652    1     
1499.985    1     
1533.318    1     
1566.651    1     
1599.984    1     
1633.317    1     
1666.650    1     
1699.983    1     
1733.316    1     
1766.649    1     
1799.982    1     
1833.315    1     
1866.648    1     
1899.981    1     
1933.314    1     
1966.647    1     
1999.980    1     
2033.313    1     
2066.646    1     
2099.979    1     
2133.312    1     
2166.645    1     
2199.978    1     
2233.311    1     
2266.644    1     
2299.977    1     
2333.310    1     
2366.643    1     
2399.976    1     
2433.309    1     
2466.642    1     
2499.975    1     
2533.308    1     
2566.641    1     
2599.974    1     
2633.307    1     
2666.640    1     
2699.973    1     
2733.306    1     
2766.639    1     
2799.972    1     
2833.305    1     
2866.638    1     
2899.971    1     
2933.304    1     
2966.637    1     
2999.970    1     
3033.303    1     
3066.636    1     
3099.969    1     
3133.302    1     
3166.635    1     
3199.968    1     
3233.301    1     
3266.634    1     
3299.967    1     
3333.300    1     
3366.633    1     
3399.966    1     
3433.299    1     
3466.632    1     
3499.965    1     
3533.298    1     
3566.631    1     
3599.964    1     
3633.297    1     
3666.630    1     
3699.963    1     
3733.296    1     
3766.629    1     
3799.962    1     
3833.295    1     
3866.628    1     
3899.961    1     
3933.294    1     
3966.627    1     
3999.960    1     
4033.293    1     
4066.626    1     
4099.959    1     
4133.292    1     
4166.625    1     
4199.958    1     
4233.291    1     
4266.624    1     
4299.957    1     
4333.290    1     
4366.623    1     
4399.956    1     
4433.289    1     
4466.622    1     
4499.955    1     
4533.288    1     
4566.621    1     
4599.954    1     
4633.287    1     
4666.620    1     
4699.953    1     
4733.286    1     
4766.619    1     
4799.952    1     
4833.285    1     
4866.618    1     
4899.951    1     
4933.284    1     
4966.617    1     
4999.950    1     
5033.283    1     
5066.616    1     
5099.949    1     
5133.282    1     
5166.615    1     
5199.948    1     
5233.281    1     
5266.614    1     
5299.947    1     
5333.280    1     
5366.613    1     
5399.946    1     
5433.279    1     
5466.612    1     
5499.945    1     
5533.278    1     
5566.611    1     
5599.944    1     
5633.277    1     
5666.610    1     
5699.943    1     
5733.276    1     
5766.609    1     
5799.942    1     
5833.275    1     
5866.608    1     
5899.941    1     
5933.274    1     
5966.607    1     
5999.940    1     
6033.273    1     
6066.606    1     
6099.939    1     
6133.272    1     
6166.605    1     
6199.938    1     
6233.271    1     
6266.604    1     
6299.937    1     
6333.270    1     
6366.603    1     
6399.936    1     
6433.269    1     
6466.602    1     
6499.935    1     
6533.268    1     
6566.601    1     
6599.934    1     
6633.267    1     
6666.600    1     
6699.933    1     
6733.266    1     
6766.599    1     
6799.932    1     
6833.265    1     
6866.598    1     
6899.931    1     
6933.264    1     
6966.597    1     
6999.930    1     
7033.263    1     
7066.596    1     
7099.929    1     
7133.262    1     
7166.595    1     
7199.928    1     
7233.261    1     
7266.594    1     
7299.927    1     
7333.260    1     
7366.593    1     
7399.926    1     
7433.259    1     
7466.592    1     
7499.925    1     
7533.258    1     
7566.591    1     
7599.924    1     
7633.257    1     
7666.590    1     
7699.923    1     
7733.256    1     
7766.589    1     
7799.922    1     
7833.255    1     
7866.588    1     
7899.921    1     
7933.254    1     
7966.587    1     
7999.920    1     
8033.253    1     
8066.586    1     
8099.919    1     
8133.252    1     
8166.585    1     
8199.918    1     
8233.251    1     
8266.584    1     
8299.917    1     
8333.250    1     
8366.583    1     
8399.916    1     
8433.249    1     
8466.582    1     
8499.915    1     
8533.248    1     
8566.581    1     
8599.914    1     
8633.247    1     
8666.580    1     
8699.913    1     
8733.246    1     
8766.579    1     
8799.912    1     
8833.245    1     
8866.578    1     
8899.911    1     
8933.244    1     
8966.577    1     
8999.910    1     
9033.243    1     
9066.576    1     
9099.909    1     
9133.242    1     
9166.575    1     
9199.908    1     
9233.241    1     
9266.574    1     
9299.907    1     
9333.240    1     
9366.573    1     
9399.906    1     
9433.239    2     
9466.572    2     
9499.905    2     
9533.238    2     
9566.571    2     
9599.904    2     
9633.237    2     
9666.570    2     
9699.903    2     
9733.236    2     
9766.569    2     
9799.902    2     
9833.235    2     
9866.568    2     
9899.901    2     
9933.234    2     
9966.567    2     
9999.900    2     
10033.233   2     
10066.566   2     
10099.899   2     
10133.232   2     
10166.565   2     
10199.898   2     
10233.231   2     
10266.564   2     
10299.897   2     
10333.230   2     
10366.563   2     
10399.896   2     
10433.229   2     
10466.562   2     
10499.895   2     
10533.228   2     
10566.561   2     
10599.894   2     
10633.227   2     
10666.560   2     
10699.893   2     
10733.226   2     
10766.559   2     
10799.892   2     
10833.225   2     
10866.558   2     
10899.891   2     
10933.224   2     
10966.557   2     
10999.890   2     
11033.223   2     
11066.556   2     
11099.889   2     
11133.222   2     
11166.555   2     
11199.888   2     
11233.221   2     
11266.554   2     
11299.887   2     
11333.220   2     
11366.553   2     
11399.886   2     
11433.219   2     
11466.552   2     
11499.885   2     
11533.218   2     
11566.551   2     
11599.884   2     
11633.217   2     
11666.550   2     
11699.883   2     
11733.216   2     
11766.549   2     
11799.882   2     
11833.215   2     
11866.548   2     
11899.881   2     
11933.214   2     
11966.547   2     
11999.880   2     
12033.213   2     
12066.546   2     
12099.879   2     
12133.212   2     
12166.545   2     
12199.878   2     
12233.211   2     
12266.544   2     
12299.877   2     
12333.210   2     
12366.543   2     
12399.876   2     
12433.209   2     
12466.542   2     
12499.875   2     
12533.208   2     
12566.541   2     
12599.874   2     
12633.207   2     
12666.540   2     
12699.873   2     
12733.206   2     
12766.539   2     
12799.872   2     
12833.205   2     
12866.538   2     
12899.871   2     
12933.204   2     
12966.537   2     
12999.870   2     
13033.203   2     
13066.536   2     
13099.869   2     
13133.202   2     
13166.535   2     
13199.868   2     
13233.201   2     
13266.534   2     
13299.867   2     
13333.200   2     
13366.533   2     
13399.866   2     
13433.199   2     
13466.532   2     
13499.865   2     
13533.198   2     
13566.531   2     
13599.864   2     
13633.197   2     
13666.530   2     
13699.863   2     
13733.196   2     
13766.529   2     
13799.862   2     
13833.195   2     
13866.528   2     
13899.861   2     
13933.194   2     
13966.527   2     
13999.860   2     
14033.193   2     
14066.526   2     
14099.859   2     
14133.192   2     
14166.525   2     
14199.858   2     
14233.191   2     
14266.524   2     
14299.857   2     
14333.190   2     
14366.523   2     
14399.856   2     
14433.189   2     
14466.522   2     
14499.855   2     
14533.188   2     
14566.521   2     
14599.854   2     
14633.187   2     
14666.520   2     
14699.853   2     
14733.186   2     
14766.519   2     
14799.852   2     
14833.185   2     
14866.518   2     
14899.851   2     
14933.184   2     
14966.517   2     
14999.850   2     
15033.183   2     
15066.516   2     
15099.849   2     
15133.182   2     
15166.515   2     
15199.848   2     
15233.181   2     
15266.514   2     
15299.847   2     
15333.180   2     
15366.513   2     
15399.846   2     
15433.179   2     
15466.512   2     
15499.845   2     
15533.178   2     
15566.511   2     
15599.844   2     
15633.177   2     
15666.510   2     
15699.843   2     
15733.176   2     
15766.509   2     
15799.842   2     
15833.175   2     
15866.508   2     
15899.841   2     
15933.174   2     
15966.507   2     
15999.840   2     
16033.173   2     
16066.506   2     
16099.839   2     
16133.172   2     
16166.505   2     
16199.838   2     
16233.171   2     
16266.504   2     
16299.837   2     
16333.170   2     
16366.503   2     
16399.836   2     
16433.169   2     
16466.502   2     
16499.835   2     
16533.168   2     
16566.501   2     
16599.834   2     
16633.167   2     
16666.500   2     
16699.833   2     
16733.166   2     
16766.499   2     
16799.832   2     
16833.165   2     
16866.498   2     
16899.831   2     
16933.164   2     
16966.497   2     
16999.830   2     
17033.163   2     
17066.496   2     
17099.829   2     
17133.162   2     
17166.495   2     
17199.828   2     
17233.161   2     
17266.494   2     
17299.827   2     
17333.160   2     
17366.493   2     
17399.826   2     
17433.159   2     
17466.492   2     
17499.825   2     
17533.158   2     
17566.491   2     
17599.824   2     
17633.157   2     
17666.490   2     
17699.823   2     
17733.156   2     
17766.489   2     
17799.822   2     
17833.155   2     
17866.488   2     
17899.821   2     
17933.154   2     
17966.487   2     
17999.820   2     
18033.153   2     
18066.486   2     
18099.819   2     
18133.152   2     
18166.485   2     
18199.818   2     
18233.151   2     
18266.484   2     
18299.817   2     
18333.150   2     
18366.483   2     
18399.816   2     
18433.149   2     
18466.482   2     
18499.815   2     
18533.148   2     
18566.481   2     
18599.814   2     
18633.147   2     
18666.480   2     
18699.813   2     
18733.146   2     
18766.479   2     
18799.812   2     
18833.145   2     
18866.478   2     
18899.811   2     
18933.144   2     
18966.477   2     
18999.810   2     
19033.143   2     
19066.476   2     
19099.809   2     
19133.142   2     
19166.475   2     
19199.808   2     
19233.141   2     
19266.474   2     
19299.807   2     
19333.140   2     
19366.473   2     
19399.806   2     
19433.139   2     
19466.472   2     
19499.805   2     
19533.138   2     
19566.471   2     
19599.804   2     
19633.137   2     
19666.470   2     
19699.803   2     
19733.136   2     
19766.469   2     
19799.802   2     
19833.135   2     
19866.468   2     
19899.801   2     
19933.134   2     
19966.467   2     
19999.800   2     
20033.133   2     
20066.466   2     
20099.799   2     
20133.132   2     
20166.465   2     
20199.798   2     
20233.131   2     
20266.464   2     
20299.797   2     
20333.130   2     
20366.463   2     
20399.796   2     
20433.129   2     
20466.462   2     
20499.795   2     
20533.128   2     
20566.461   2     
20599.794   2     
20633.127   2     
20666.460   2     
20699.793   2     
20733.126   2     
20766.459   2     
20799.792   2     
20833.125   2     
20866.458   2     
20899.791   2     
20933.124   2     
20966.457   2     
20999.790   2     
21033.123   2     
21066.456   2     
21099.789   2     
21133.122   2     
21166.455   2     
21199.788   2     
21233.121   2     
21266.454   2     
21299.787   2     
21333.120   2     
21366.453   2     
21399.786   2     
21433.119   2     
21466.452   2     
21499.785   2     
21533.118   2     
21566.451   2     
21599.784   2     
21633.117   2     
21666.450   2     
21699.783   2     
21733.116   2     
21766.449   2     
21799.782   2     
21833.115   2     
21866.448   2     
21899.781   2     
21933.114   2     
21966.447   2     
21999.780   2     
22033.113   2     
22066.446   2     
22099.779   2     
22133.112   2     
22166.445   2     
22199.778   2     
22233.111   2     
22266.444   2     
22299.777   2     
22333.110   2     
22366.443   2     
22399.776   2     
22433.109   2     
22466.442   2     
22499.775   2     
22533.108   2     
22566.441   2     
22599.774   2     
22633.107   2     
22666.440   2     
22699.773   2     
22733.106   2     
22766.439   2     
22799.772   2     
22833.105   2     
22866.438   2     
22899.771   2     
22933.104   2     
22966.437   2     
22999.770   2     
23033.103   2     
23066.436   2     
23099.769   2     
23133.102   2     
23166.435   2     
23199.768   3     
23233.101   3     
23266.434   3     
23299.767   3     
23333.100   3     
23366.433   3     
23399.766   3     
23433.099   3     
23466.432   3     
23499.765   3     
23533.098   3     
23566.431   3     
23599.764   3     
23633.097   3     
23666.430   3     
23699.763   3     
23733.096   3     
23766.429   3     
23799.762   3     
23833.095   3     
23866.428   3     
23899.761   3     
23933.094   3     
23966.427   3     
23999.760   3     
24033.093   3     
24066.426   3     
24099.759   3     
24133.092   3     
24166.425   3     
24199.758   3     
24233.091   3     
24266.424   3     
24299.757   3     
24333.090   3     
24366.423   3     
24399.756   3     
24433.089   3     
24466.422   3     
24499.755   3     
24533.088   3     
24566.421   3     
24599.754   3     
24633.087   3     
24666.420   3     
24699.753   3     
24733.086   3     
24766.419   3     
24799.752   3     
24833.085   3     
24866.418   3     
24899.751   3     
24933.084   4     
24966.417   4     
24999.750   4     
25033.083   4     
25066.416   4     
25099.749   4     
25133.082   4     
25166.415   4     
25199.748   4     
25233.081   4     
25266.414   4     
25299.747   4     
25333.080   4     
25366.413   4     
25399.746   4     
25433.079   4     
25466.412   4     
25499.745   4     
25533.078   4     
25566.411   4     
25599.744   4     
25633.077   4     
25666.410   4     
25699.743   4     
25733.076   4     
25766.409   4     
25799.742   4     
25833.075   4     
25866.408   4     
25899.741   4     
25933.074   4     
25966.407   4     
25999.740   4     
26033.073   4     
26066.406   4     
26099.739   4     
26133.072   4     
26166.405   4     
26199.738   4     
26233.071   4     
26266.404   4     
26299.737   4     
26333.070   4     
26366.403   4     
26399.736   4     
26433.069   4     
26466.402   4     
26499.735   4     
26533.068   4     
26566.401   4     
26599.734   4     
26633.067   4     
26666.400   4     
26699.733   4     
26733.066   4     
26766.399   4     
26799.732   4     
26833.065   4     
26866.398   4     
26899.731   4     
26933.064   4     
26966.397   4     
26999.730   4     
27033.063   4     
27066.396   4     
27099.729   4     
27133.062   4     
27166.395   4     
27199.728   4     
27233.061   4     
27266.394   4     
27299.727   4     
27333.060   4     
27366.393   4     
27399.726   4     
27433.059   4     
27466.392   4     
27499.725   4     
27533.058   4     
27566.391   4     
27599.724   4     
27633.057   7     
27666.390   7     
27699.723   7     
27733.056   7     
27766.389   7     
27799.722   7     
27833.055   7     
27866.388   7     
27899.721   7     
27933.054   7     
27966.387   7     
27999.720   7     
28033.053   7     
28066.386   7     
28099.719   7     
28133.052   7     
28166.385   7     
28199.718   7     
28233.051   7     
28266.384   7     
28299.717   7     
28333.050   7     
28366.383   7     
28399.716   7     
28433.049   7     
28466.382   7     
28499.715   7     
28533.048   7     
28566.381   7     
28599.714   7     
28633.047   7     
28666.380   7     
28699.713   7     
28733.046   7     
28766.379   7     
28799.712   7     
28833.045   7     
28866.378   7     
28899.711   7     
28933.044   7     
28966.377   7     
28999.710   7     
29033.043   7     
29066.376   7     
29099.709   7     
29133.042   7     
29166.375   7     
29199.708   7     
29233.041   7     
29266.374   7     
29299.707   7     
29333.040   7     
29366.373   7     
29399.706   7     
29433.039   7     
29466.372   7     
29499.705   7     
29533.038   7     
29566.371   7     
29599.704   7     
29633.037   7     
29666.370   7     
29699.703   7     
29733.036   7     
29766.369   7     
29799.702   7     
29833.035   7     
29866.368   7     
29899.701   7     
29933.034   7     
29966.367   7     
29999.700   7     
30033.033   7     
30066.366   7     
30099.699   7     
30133.032   7     
30166.365   7     
30199.698   7     
30233.031   7     
30266.364   7     
30299.697   7     
30333.030   7     
30366.363   7     
30399.696   7     
30433.029   7     
30466.362   7     
30499.695   7     
30533.028   7     
30566.361   7     
30599.694   7     
30633.027   7     
30666.360   7     
30699.693   7     
30733.026   7     
30766.359   7     
30799.692   7     
30833.025   7     
30866.358   7     
30899.691   7     
30933.024   7     
30966.357   7     
30999.690   7     
31033.023   7     
31066.356   7     
31099.689   7     
31133.022   7     
31166.355   7     
31199.688   7     
31233.021   7     
31266.354   7     
31299.687   7     
31333.020   7     
31366.353   7     
31399.686   7     
31433.019   7     
31466.352   7     
31499.685   7     
31533.018   7     
31566.351   7     
31599.684   7     
31633.017   7     
31666.350   7     
31699.683   7     
31733.016   7     
31766.349   7     
31799.682   7     
31833.015   7     
31866.348   7     
31899.681   7     
31933.014   7     
31966.347   7     
31999.680   7     
32033.013   7     
32066.346   7     
32099.679   7     
32133.012   7     
32166.345   7     
32199.678   7     
32233.011   7     
32266.344   7     
32299.677   7     
32333.010   7     
32366.343   7     
32399.676   7     
32433.009   7     
32466.342   7     
32499.675   7     
32533.008   7     
32566.341   7     
32599.674   7     
32633.007   7     
32666.340   7     
32699.673   7     
32733.006   7     
32766.339   7     
32799.672   7     
32833.005   7     
32866.338   7     
32899.671   7     
32933.004   7     
32966.337   7     
32999.670   7     
33033.003   7     
33066.336   7     
33099.669   7     
33133.002   7     
33166.335   7     
33199.668   7     
33233.001   7     
33266.334   7     
33299.667   7     
33333.000   7     
33366.333   7     
33399.666   7     
33432.999   7     
33466.332   7     
33499.665   7     
33532.998   7     
33566.331   7     
33599.664   7     
33632.997   7     
33666.330   7     
33699.663   7     
33732.996   7     
33766.329   7     
33799.662   7     
33832.995   7     
33866.328   7     
33899.661   7     
33932.994   7     
33966.327   7     
33999.660   7     
34032.993   7     
34066.326   7     
34099.659   7     
34132.992   7     
34166.325   7     
34199.658   7     
34232.991   7     
34266.324   7     
34299.657   7     
34332.990   7     
34366.323   7     
34399.656   7     
34432.989   7     
34466.322   7     
34499.655   7     
34532.988   7     
34566.321   7     
34599.654   7     
34632.987   7     
34666.320   7     
34699.653   7     
34732.986   8     
34766.319   8     
34799.652   8     
34832.985   8     
34866.318   8     
34899.651   8     
34932.984   8     
34966.317   8     
34999.650   8     
35032.983   8     
35066.316   8     
35099.649   8     
35132.982   8     
35166.315   8     
35199.648   8     
35232.981   8     
35266.314   8     
35299.647   8     
35332.980   8     
35366.313   8     
35399.646   8     
35432.979   8     
35466.312   8     
35499.645   8     
35532.978   8     
35566.311   8     
35599.644   8     
35632.977   8     
35666.310   8     
35699.643   8     
35732.976   8     
35766.309   8     
35799.642   8     
35832.975   8     
35866.308   8     
35899.641   8     
35932.974   8     
35966.307   8     
35999.640   8     
36032.973   8     
36066.306   8     
36099.639   8     
36132.972   8     
36166.305   8     
36199.638   8     
36232.971   8     
36266.304   8     
36299.637   8     
36332.970   8     
36366.303   8     
36399.636   8     
36432.969   8     
36466.302   8     
36499.635   8     
36532.968   8     
36566.301   8     
36599.634   8     
36632.967   8     
36666.300   8     
36699.633   8     
36732.966   8     
36766.299   8     
36799.632   8     
36832.965   8     
36866.298   8     
36899.631   8     
36932.964   8     
36966.297   8     
36999.630   8     
37032.963   8     
37066.296   8     
37099.629   8     
37132.962   8     
37166.295   8     
37199.628   8     
37232.961   8     
37266.294   8     
37299.627   8     
37332.960   8     
37366.293   8     
37399.626   8     
37432.959   8     
37466.292   8     
37499.625   8     
37532.958   8     
37566.291   8     
37599.624   8     
37632.957   8     
37666.290   8     
37699.623   8     
37732.956   8     
37766.289   8     
37799.622   8     
37832.955   8     
37866.288   8     
37899.621   8     
37932.954   8     
37966.287   8     
37999.620   8     
38032.953   8     
38066.286   8     
38099.619   8     
38132.952   8     
38166.285   8     
38199.618   8     
38232.951   8     
38266.284   8     
38299.617   8     
38332.950   8     
38366.283   8     
38399.616   8     
38432.949   8     
38466.282   8     
38499.615   8     
38532.948   8     
38566.281   8     
38599.614   8     
38632.947   8     
38666.280   8     
38699.613   3     
38732.946   3     
38766.279   3     
38799.612   3     
38832.945   3     
38866.278   3     
38899.611   3     
38932.944   3     
38966.277   3     
38999.610   3     
39032.943   3     
39066.276   3     
39099.609   3     
39132.942   3     
39166.275   3     
39199.608   3     
39232.941   3     
39266.274   3     
39299.607   3     
39332.940   3     
39366.273   3     
39399.606   3     
39432.939   3     
39466.272   3     
39499.605   3     
39532.938   3     
39566.271   3     
39599.604   3     
39632.937   3     
39666.270   3     
39699.603   3     
39732.936   3     
39766.269   3     
39799.602   3     
39832.935   3     
39866.268   3     
39899.601   3     
39932.934   3     
39966.267   3     
39999.600   3     
40032.933   3     
40066.266   3     
40099.599   3     
40132.932   3     
40166.265   3     
40199.598   3     
40232.931   3     
40266.264   3     
40299.597   3     
40332.930   3     
40366.263   3     
40399.596   3     
40432.929   3     
40466.262   3     
40499.595   3     
40532.928   3     
40566.261   3     
40599.594   3     
40632.927   3     
40666.260   3     
40699.593   3     
40732.926   3     
40766.259   3     
40799.592   3     
40832.925   3     
40866.258   3     
40899.591   3     
40932.924   3     
40966.257   3     
40999.590   3     
41032.923   3     
41066.256   3     
41099.589   3     
41132.922   3     
41166.255   3     
41199.588   3     
41232.921   3     
41266.254   3     
41299.587   3     
41332.920   3     
41366.253   3     
41399.586   3     
41432.919   3     
41466.252   3     
41499.585   3     
41532.918   3     
41566.251   3     
41599.584   3     
41632.917   3     
41666.250   3     
41699.583   3     
41732.916   3     
41766.249   3     
41799.582   3     
41832.915   3     
41866.248   3     
41899.581   3     
41932.914   3     
41966.247   3     
41999.580   3     
42032.913   3     
42066.246   3     
42099.579   3     
42132.912   3     
42166.245   3     
42199.578   3     
42232.911   3     
42266.244   3     
42299.577   3     
42332.910   3     
42366.243   3     
42399.576   5     
42432.909   5     
42466.242   5     
42499.575   5     
42532.908   5     
42566.241   5     
42599.574   5     
42632.907   5     
42666.240   5     
42699.573   5     
42732.906   5     
42766.239   5     
42799.572   5     
42832.905   5     
42866.238   5     
42899.571   5     
42932.904   5     
42966.237   5     
42999.570   5     
43032.903   5     
43066.236   5     
43099.569   5     
43132.902   5     
43166.235   5     
43199.568   5     
43232.901   5     
43266.234   5     
43299.567   5     
43332.900   5     
43366.233   5     
43399.566   5     
43432.899   5     
43466.232   5     
43499.565   5     
43532.898   5     
43566.231   5     
43599.564   5     
43632.897   5     
43666.230   5     
43699.563   5     
43732.896   5     
43766.229   5     
43799.562   5     
43832.895   5     
43866.228   5     
43899.561   5     
43932.894   5     
43966.227   5     
43999.560   5     
44032.893   5     
44066.226   5     
44099.559   5     
44132.892   5     
44166.225   5     
44199.558   5     
44232.891   5     
44266.224   5     
44299.557   5     
44332.890   5     
44366.223   5     
44399.556   5     
44432.889   5     
44466.222   5     
44499.555   5     
44532.888   5     
44566.221   5     
44599.554   5     
44632.887   5     
44666.220   5     
44699.553   5     
44732.886   5     
44766.219   5     
44799.552   5     
44832.885   5     
44866.218   5     
44899.551   5     
44932.884   5     
44966.217   5     
44999.550   7     
45032.883   7     
45066.216   7     
45099.549   7     
45132.882   7     
45166.215   7     
45199.548   7     
45232.881   7     
45266.214   7     
45299.547   7     
45332.880   7     
45366.213   7     
45399.546   7     
45432.879   7     
45466.212   7     
45499.545   7     
45532.878   7     
45566.211   7     
45599.544   7     
45632.877   7     
45666.210   7     
45699.543   7     
45732.876   7     
45766.209   7     
45799.542   7     
45832.875   7     
45866.208   7     
45899.541   7     
45932.874   7     
45966.207   7     
45999.540   7     
46032.873   7     
46066.206   7     
46099.539   7     
46132.872   7     
46166.205   7     
46199.538   7     
46232.871   7     
46266.204   7     
46299.537   7     
46332.870   7     
46366.203   7     
46399.536   7     
46432.869   7     
46466.202   7     
46499.535   7     
46532.868   7     
46566.201   7     
46599.534   7     
46632.867   7     
46666.200   7     
46699.533   7     
46732.866   7     
46766.199   7     
46799.532   7     
46832.865   7     
46866.198   7     
46899.531   7     
46932.864   7     
46966.197   7     
46999.530   7     
47032.863   7     
47066.196   7     
47099.529   7     
47132.862   7     
47166.195   7     
47199.528   7     
47232.861   7     
47266.194   7     
47299.527   7     
47332.860   7     
47366.193   7     
47399.526   7     
47432.859   7     
47466.192   7     
47499.525   7     
47532.858   7     
47566.191   7     
47599.524   7     
47632.857   7     
47666.190   7     
47699.523   7     
47732.856   7     
47766.189   7     
47799.522   7     
47832.855   7     
47866.188   7     
47899.521   7     
47932.854   7     
47966.187   7     
47999.520   7     
48032.853   7     
48066.186   7     
48099.519   7     
48132.852   7     
48166.185   7     
48199.518   7     
48232.851   7     
48266.184   7     
48299.517   7     
48332.850   7     
48366.183   7     
48399.516   7     
48432.849   7     
48466.182   7     
48499.515   7     
48532.848   7     
48566.181   7     
48599.514   7     
48632.847   7     
48666.180   7     
48699.513   7     
48732.846   7     
48766.179   7     
48799.512   7     
48832.845   7     
48866.178   7     
48899.511   7     
48932.844   7     
48966.177   7     
48999.510   7     
49032.843   7     
49066.176   7     
49099.509   7     
49132.842   7     
49166.175   8     
49199.508   8     
49232.841   8     
49266.174   8     
49299.507   8     
49332.840   8     
49366.173   8     
49399.506   8     
49432.839   8     
49466.172   8     
49499.505   8     
49532.838   8     
49566.171   8     
49599.504   8     
49632.837   8     
49666.170   8     
49699.503   8     
49732.836   8     
49766.169   8     
49799.502   8     
49832.835   8     
49866.168   8     
49899.501   8     
49932.834   8     
49966.167   8     
49999.500   8     
50032.833   8     
50066.166   8     
50099.499   8     
50132.832   8     
50166.165   8     
50199.498   8     
50232.831   8     
50266.164   8     
50299.497   8     
50332.830   8     
50366.163   8     
50399.496   8     
50432.829   8     
50466.162   8     
50499.495   8     
50532.828   8     
50566.161   8     
50599.494   8     
50632.827   8     
50666.160   8     
50699.493   8     
50732.826   8     
50766.159   8     
50799.492   8     
50832.825   8     
50866.158   8     
50899.491   8     
50932.824   8     
50966.157   8     
50999.490   8     
51032.823   8     
51066.156   8     
51099.489   8     
51132.822   8     
51166.155   8     
51199.488   8     
51232.821   8     
51266.154   8     
51299.487   8     
51332.820   8     
51366.153   8     
51399.486   8     
51432.819   8     
51466.152   8     
51499.485   8     
51532.818   8     
51566.151   8     
51599.484   8     
51632.817   8     
51666.150   8     
51699.483   8     
51732.816   8     
51766.149   8     
51799.482   8     
51832.815   8     
51866.148   8     
51899.481   8     
51932.814   8     
51966.147   8     
51999.480   8     
52032.813   8     
52066.146   8     
52099.479   8     
52132.812   8     
52166.145   8     
52199.478   8     
52232.811   8     
52266.144   8     
52299.477   3     
52332.810   3     
52366.143   3     
52399.476   3     
52432.809   3     
52466.142   3     
52499.475   3     
52532.808   3     
52566.141   3     
52599.474   3     
52632.807   3     
52666.140   3     
52699.473   3     
52732.806   3     
52766.139   3     
52799.472   3     
52832.805   3     
52866.138   3     
52899.471   3     
52932.804   3     
52966.137   3     
52999.470   3     
53032.803   3     
53066.136   3     
53099.469   3     
53132.802   3     
53166.135   3     
53199.468   3     
53232.801   3     
53266.134   3     
53299.467   3     
53332.800   3     
53366.133   3     
53399.466   3     
53432.799   3     
53466.132   3     
53499.465   3     
53532.798   3     
53566.131   3     
53599.464   3     
53632.797   3     
53666.130   3     
53699.463   3     
53732.796   3     
53766.129   3     
53799.462   3     
53832.795   3     
53866.128   3     
53899.461   3     
53932.794   3     
53966.127   3     
53999.460   3     
54032.793   3     
54066.126   3     
54099.459   3     
54132.792   3     
54166.125   3     
54199.458   3     
54232.791   3     
54266.124   3     
54299.457   3     
54332.790   3     
54366.123   3     
54399.456   3     
54432.789   3     
54466.122   3     
54499.455   3     
54532.788   3     
54566.121   3     
54599.454   3     
54632.787   3     
54666.120   3     
54699.453   3     
54732.786   3     
54766.119   3     
54799.452   3     
54832.785   3     
54866.118   3     
54899.451   3     
54932.784   6     
54966.117   6     
54999.450   6     
55032.783   6     
55066.116   6     
55099.449   6     
55132.782   6     
55166.115   6     
55199.448   6     
55232.781   6     
55266.114   6     
55299.447   6     
55332.780   6     
55366.113   6     
55399.446   6     
55432.779   6     
55466.112   6     
55499.445   6     
55532.778   6     
55566.111   6     
55599.444   6     
55632.777   6     
55666.110   3     
55699.443   3     
55732.776   3     
55766.109   3     
55799.442   3     
55832.775   3     
55866.108   3     
55899.441   3     
55932.774   3     
55966.107   3     
55999.440   3     
56032.773   3     
56066.106   3     
56099.439   3     
56132.772   3     
56166.105   3     
56199.438   3     
56232.771   6     
56266.104   6     
56299.437   6     
56332.770   6     
56366.103   6     
56399.436   6     
56432.769   6     
56466.102   6     
56499.435   6     
56532.768   6     
56566.101   6     
56599.434   6     
56632.767   6     
56666.100   6     
56699.433   6     
56732.766   6     
56766.099   6     
56799.432   6     
56832.765   6     
56866.098   6     
56899.431   6     
56932.764   6     
56966.097   6     
56999.430   6     
57032.763   6     
57066.096   6     
57099.429   6     
57132.762   6     
57166.095   6     
57199.428   6     
57232.761   6     
57266.094   6     
57299.427   6     
57332.760   6     
57366.093   6     
57399.426   6     
57432.759   6     
57466.092   6     
57499.425   6     
57532.758   6     
57566.091   6     
57599.424   6     
57632.757   6     
57666.090   6     
57699.423   6     
57732.756   6     
57766.089   6     
57799.422   6     
57832.755   6     
57866.088   6     
57899.421   6     
57932.754   6     
57966.087   6     
57999.420   6     
58032.753   6     
58066.086   6     
58099.419   6     
58132.752   6     
58166.085   6     
58199.418   6     
58232.751   6     
58266.084   6     
58299.417   6     
58332.750   6     
58366.083   6     
58399.416   6     
58432.749   6     
58466.082   6     
58499.415   6     
58532.748   6     
58566.081   6     
58599.414   6     
58632.747   6     
58666.080   7     
58699.413   7     
58732.746   7     
58766.079   7     
58799.412   7     
58832.745   7     
58866.078   7     
58899.411   7     
58932.744   7     
58966.077   7     
58999.410   7     
59032.743   7     
59066.076   7     
59099.409   7     
59132.742   7     
59166.075   7     
59199.408   7     
59232.741   7     
59266.074   7     
59299.407   7     
59332.740   7     
59366.073   7     
59399.406   7     
59432.739   7     
59466.072   7     
59499.405   7     
59532.738   7     
59566.071   7     
59599.404   7     
59632.737   7     
59666.070   7     
59699.403   7     
59732.736   7     
59766.069   7     
59799.402   7     
59832.735   7     
59866.068   7     
59899.401   7     
59932.734   7     
59966.067   7     
59999.400   7     
60032.733   7     
60066.066   7     
60099.399   7     
60132.732   7     
60166.065   7     
60199.398   7     
60232.731   7     
60266.064   7     
60299.397   7     
60332.730   7     
60366.063   7     
60399.396   7     
60432.729   7     
60466.062   7     
60499.395   7     
60532.728   7     
60566.061   7     
60599.394   7     
60632.727   7     
60666.060   7     
60699.393   7     
60732.726   7     
60766.059   7     
60799.392   7     
60832.725   7     
60866.058   7     
60899.391   7     
60932.724   7     
60966.057   7     
60999.390   7     
61032.723   7     
61066.056   7     
61099.389   7     
61132.722   7     
61166.055   7     
61199.388   7     
61232.721   7     
61266.054   7     
61299.387   7     
61332.720   7     
61366.053   7     
61399.386   7     
61432.719   7     
61466.052   7     
61499.385   7     
61532.718   7     
61566.051   7     
61599.384   7     
61632.717   7     
61666.050   7     
61699.383   8     
61732.716   8     
61766.049   8     
61799.382   8     
61832.715   8     
61866.048   8     
61899.381   8     
61932.714   8     
61966.047   8     
61999.380   8     
62032.713   8     
62066.046   8     
62099.379   8     
62132.712   8     
62166.045   8     
62199.378   8     
62232.711   8     
62266.044   8     
62299.377   8     
62332.710   8     
62366.043   8     
62399.376   8     
62432.709   8     
62466.042   8     
62499.375   8     
62532.708   8     
62566.041   8     
62599.374   8     
62632.707   8     
62666.040   8     
62699.373   8     
62732.706   8     
62766.039   8     
62799.372   8     
62832.705   8     
62866.038   8     
62899.371   8     
62932.704   8     
62966.037   8     
62999.370   8     
63032.703   8     
63066.036   8     
63099.369   8     
63132.702   8     
63166.035   8     
63199.368   8     
63232.701   8     
63266.034   8     
63299.367   8     
63332.700   8     
63366.033   8     
63399.366   8     
63432.699   8     
63466.032   8     
63499.365   8     
63532.698   8     
63566.031   8     
63599.364   8     
63632.697   8     
63666.030   8     
63699.363   8     
63732.696   8     
63766.029   8     
63799.362   8     
63832.695   8     
63866.028   8     
63899.361   8     
63932.694   8     
63966.027   8     
63999.360   8     
64032.693   8     
64066.026   8     
64099.359   8     
64132.692   8     
64166.025   8     
64199.358   8     
64232.691   8     
64266.024   8     
64299.357   8     
64332.690   8     
64366.023   8     
64399.356   8     
64432.689   8     
64466.022   8     
64499.355   8     
64532.688   8     
64566.021   8     
64599.354   8     
64632.687   8     
64666.020   8     
64699.353   8     
64732.686   8     
64766.019   8     
64799.352   9     
64832.685   9     
64866.018   9     
64899.351   9     
64932.684   9     
64966.017   9     
64999.350   9     
65032.683   9     
65066.016   9     
65099.349   9     
65132.682   9     
65166.015   9     
65199.348   9     
65232.681   9     
65266.014   9     
65299.347   9     
65332.680   9     
65366.013   9     
65399.346   9     
65432.679   9     
65466.012   9     
65499.345   9     
65532.678   9     
65566.011   9     
65599.344   9     
65632.677   9     
65666.010   9     
65699.343   9     
65732.676   9     
65766.009   9     
65799.342   9     
65832.675   9     
65866.008   9     
65899.341   9     
65932.674   9     
65966.007   9     
65999.340   9     
66032.673   9     
66066.006   9     
66099.339   9     
66132.672   9     
