Time (ms)   Label 
0.000       9     
33.333      9     
66.666      9     
99.999      9     
133.332     9     
166.665     9     
199.998     9     
233.331     9     
266.664     9     
299.997     9     
333.330     9     
366.663     9     
399.996     9     
433.329     9     
466.662     9     
499.995     9     
533.328     9     
566.661     9     
599.994     9     
633.327     9     
666.660     9     
699.993     9     
733.326     9     
766.659     9     
799.992     9     
833.325     9     
866.658     9     
899.991     9     
933.324     9     
966.657     9     
999.990     9     
1033.323    9     
1066.656    9     
1099.989    9     
1133.322    9     
1166.655    9     
1199.988    9     
1233.321    1     
1266.654    1     
1299.987    1     
1333.320    1     
1366.653    1     
1399.986    1     
1433.319    1     
1466.652    1     
1499.985    1     
1533.318    1     
1566.651    1     
1599.984    1     
1633.317    1     
1666.650    1     
1699.983    1     
1733.316    1     
1766.649    1     
1799.982    1     
1833.315    1     
1866.648    1     
1899.981    1     
1933.314    1     
1966.647    1     
1999.980    1     
2033.313    1     
2066.646    1     
2099.979    1     
2133.312    1     
2166.645    1     
2199.978    1     
2233.311    1     
2266.644    1     
2299.977    1     
2333.310    1     
2366.643    1     
2399.976    1     
2433.309    1     
2466.642    1     
2499.975    1     
2533.308    1     
2566.641    1     
2599.974    1     
2633.307    1     
2666.640    1     
2699.973    1     
2733.306    1     
2766.639    1     
2799.972    1     
2833.305    1     
2866.638    1     
2899.971    1     
2933.304    1     
2966.637    1     
2999.970    1     
3033.303    1     
3066.636    1     
3099.969    1     
3133.302    1     
3166.635    1     
3199.968    1     
3233.301    1     
3266.634    1     
3299.967    1     
3333.300    1     
3366.633    1     
3399.966    1     
3433.299    1     
3466.632    1     
3499.965    1     
3533.298    1     
3566.631    1     
3599.964    1     
3633.297    1     
3666.630    1     
3699.963    1     
3733.296    1     
3766.629    1     
3799.962    1     
3833.295    1     
3866.628    1     
3899.961    1     
3933.294    1     
3966.627    1     
3999.960    1     
4033.293    1     
4066.626    1     
4099.959    1     
4133.292    1     
4166.625    1     
4199.958    1     
4233.291    1     
4266.624    1     
4299.957    1     
4333.290    1     
4366.623    1     
4399.956    1     
4433.289    1     
4466.622    1     
4499.955    1     
4533.288    1     
4566.621    1     
4599.954    1     
4633.287    1     
4666.620    1     
4699.953    1     
4733.286    1     
4766.619    1     
4799.952    1     
4833.285    1     
4866.618    1     
4899.951    1     
4933.284    1     
4966.617    1     
4999.950    1     
5033.283    1     
5066.616    1     
5099.949    1     
5133.282    1     
5166.615    1     
5199.948    1     
5233.281    1     
5266.614    1     
5299.947    1     
5333.280    1     
5366.613    1     
5399.946    1     
5433.279    1     
5466.612    1     
5499.945    1     
5533.278    1     
5566.611    1     
5599.944    1     
5633.277    1     
5666.610    1     
5699.943    1     
5733.276    1     
5766.609    1     
5799.942    1     
5833.275    1     
5866.608    1     
5899.941    1     
5933.274    1     
5966.607    1     
5999.940    1     
6033.273    1     
6066.606    1     
6099.939    1     
6133.272    1     
6166.605    1     
6199.938    1     
6233.271    1     
6266.604    1     
6299.937    1     
6333.270    1     
6366.603    1     
6399.936    1     
6433.269    1     
6466.602    1     
6499.935    1     
6533.268    1     
6566.601    1     
6599.934    1     
6633.267    1     
6666.600    1     
6699.933    1     
6733.266    1     
6766.599    1     
6799.932    1     
6833.265    1     
6866.598    1     
6899.931    1     
6933.264    1     
6966.597    1     
6999.930    1     
7033.263    1     
7066.596    1     
7099.929    1     
7133.262    1     
7166.595    1     
7199.928    1     
7233.261    1     
7266.594    1     
7299.927    1     
7333.260    1     
7366.593    1     
7399.926    1     
7433.259    1     
7466.592    1     
7499.925    1     
7533.258    1     
7566.591    1     
7599.924    1     
7633.257    1     
7666.590    1     
7699.923    1     
7733.256    1     
7766.589    1     
7799.922    1     
7833.255    1     
7866.588    1     
7899.921    1     
7933.254    1     
7966.587    1     
7999.920    1     
8033.253    1     
8066.586    1     
8099.919    1     
8133.252    1     
8166.585    1     
8199.918    1     
8233.251    1     
8266.584    1     
8299.917    1     
8333.250    1     
8366.583    1     
8399.916    1     
8433.249    1     
8466.582    1     
8499.915    1     
8533.248    1     
8566.581    1     
8599.914    1     
8633.247    1     
8666.580    1     
8699.913    1     
8733.246    1     
8766.579    1     
8799.912    1     
8833.245    1     
8866.578    1     
8899.911    1     
8933.244    1     
8966.577    1     
8999.910    1     
9033.243    1     
9066.576    1     
9099.909    1     
9133.242    1     
9166.575    1     
9199.908    1     
9233.241    1     
9266.574    1     
9299.907    1     
9333.240    1     
9366.573    1     
9399.906    1     
9433.239    1     
9466.572    1     
9499.905    1     
9533.238    1     
9566.571    1     
9599.904    1     
9633.237    1     
9666.570    1     
9699.903    1     
9733.236    1     
9766.569    1     
9799.902    1     
9833.235    1     
9866.568    1     
9899.901    1     
9933.234    1     
9966.567    1     
9999.900    1     
10033.233   1     
10066.566   1     
10099.899   1     
10133.232   1     
10166.565   1     
10199.898   1     
10233.231   1     
10266.564   1     
10299.897   1     
10333.230   1     
10366.563   1     
10399.896   1     
10433.229   1     
10466.562   1     
10499.895   1     
10533.228   1     
10566.561   1     
10599.894   1     
10633.227   1     
10666.560   1     
10699.893   1     
10733.226   1     
10766.559   1     
10799.892   1     
10833.225   1     
10866.558   1     
10899.891   1     
10933.224   1     
10966.557   1     
10999.890   1     
11033.223   1     
11066.556   1     
11099.889   1     
11133.222   1     
11166.555   1     
11199.888   1     
11233.221   1     
11266.554   1     
11299.887   1     
11333.220   1     
11366.553   1     
11399.886   1     
11433.219   1     
11466.552   1     
11499.885   1     
11533.218   1     
11566.551   1     
11599.884   1     
11633.217   1     
11666.550   1     
11699.883   1     
11733.216   1     
11766.549   1     
11799.882   1     
11833.215   1     
11866.548   1     
11899.881   1     
11933.214   1     
11966.547   1     
11999.880   1     
12033.213   1     
12066.546   1     
12099.879   1     
12133.212   1     
12166.545   1     
12199.878   1     
12233.211   1     
12266.544   1     
12299.877   1     
12333.210   1     
12366.543   1     
12399.876   1     
12433.209   1     
12466.542   1     
12499.875   1     
12533.208   1     
12566.541   1     
12599.874   1     
12633.207   1     
12666.540   1     
12699.873   1     
12733.206   1     
12766.539   1     
12799.872   1     
12833.205   1     
12866.538   1     
12899.871   1     
12933.204   1     
12966.537   1     
12999.870   1     
13033.203   1     
13066.536   1     
13099.869   1     
13133.202   1     
13166.535   1     
13199.868   1     
13233.201   1     
13266.534   1     
13299.867   1     
13333.200   1     
13366.533   1     
13399.866   1     
13433.199   1     
13466.532   1     
13499.865   1     
13533.198   1     
13566.531   1     
13599.864   1     
13633.197   2     
13666.530   2     
13699.863   2     
13733.196   2     
13766.529   2     
13799.862   2     
13833.195   2     
13866.528   2     
13899.861   2     
13933.194   2     
13966.527   2     
13999.860   2     
14033.193   2     
14066.526   2     
14099.859   2     
14133.192   2     
14166.525   2     
14199.858   2     
14233.191   2     
14266.524   2     
14299.857   2     
14333.190   2     
14366.523   2     
14399.856   2     
14433.189   2     
14466.522   2     
14499.855   2     
14533.188   2     
14566.521   2     
14599.854   2     
14633.187   2     
14666.520   2     
14699.853   2     
14733.186   2     
14766.519   2     
14799.852   2     
14833.185   2     
14866.518   2     
14899.851   2     
14933.184   2     
14966.517   2     
14999.850   2     
15033.183   2     
15066.516   2     
15099.849   2     
15133.182   2     
15166.515   2     
15199.848   2     
15233.181   2     
15266.514   2     
15299.847   2     
15333.180   2     
15366.513   2     
15399.846   2     
15433.179   2     
15466.512   2     
15499.845   2     
15533.178   2     
15566.511   2     
15599.844   2     
15633.177   2     
15666.510   2     
15699.843   2     
15733.176   2     
15766.509   2     
15799.842   2     
15833.175   2     
15866.508   2     
15899.841   2     
15933.174   2     
15966.507   2     
15999.840   2     
16033.173   2     
16066.506   2     
16099.839   2     
16133.172   2     
16166.505   2     
16199.838   2     
16233.171   2     
16266.504   2     
16299.837   2     
16333.170   2     
16366.503   2     
16399.836   2     
16433.169   2     
16466.502   2     
16499.835   2     
16533.168   2     
16566.501   2     
16599.834   2     
16633.167   2     
16666.500   2     
16699.833   2     
16733.166   2     
16766.499   2     
16799.832   2     
16833.165   2     
16866.498   2     
16899.831   2     
16933.164   2     
16966.497   2     
16999.830   2     
17033.163   2     
17066.496   2     
17099.829   2     
17133.162   2     
17166.495   2     
17199.828   2     
17233.161   2     
17266.494   2     
17299.827   2     
17333.160   2     
17366.493   2     
17399.826   2     
17433.159   2     
17466.492   2     
17499.825   2     
17533.158   2     
17566.491   2     
17599.824   2     
17633.157   2     
17666.490   2     
17699.823   2     
17733.156   2     
17766.489   2     
17799.822   2     
17833.155   2     
17866.488   2     
17899.821   2     
17933.154   2     
17966.487   2     
17999.820   2     
18033.153   2     
18066.486   2     
18099.819   2     
18133.152   2     
18166.485   2     
18199.818   2     
18233.151   2     
18266.484   2     
18299.817   2     
18333.150   2     
18366.483   2     
18399.816   2     
18433.149   2     
18466.482   2     
18499.815   2     
18533.148   2     
18566.481   2     
18599.814   2     
18633.147   2     
18666.480   2     
18699.813   2     
18733.146   2     
18766.479   2     
18799.812   2     
18833.145   2     
18866.478   2     
18899.811   2     
18933.144   2     
18966.477   2     
18999.810   2     
19033.143   2     
19066.476   2     
19099.809   2     
19133.142   2     
19166.475   2     
19199.808   2     
19233.141   2     
19266.474   2     
19299.807   2     
19333.140   2     
19366.473   2     
19399.806   2     
19433.139   2     
19466.472   2     
19499.805   2     
19533.138   2     
19566.471   2     
19599.804   2     
19633.137   2     
19666.470   2     
19699.803   2     
19733.136   2     
19766.469   2     
19799.802   2     
19833.135   2     
19866.468   2     
19899.801   2     
19933.134   2     
19966.467   2     
19999.800   2     
20033.133   2     
20066.466   2     
20099.799   2     
20133.132   2     
20166.465   2     
20199.798   2     
20233.131   2     
20266.464   2     
20299.797   2     
20333.130   2     
20366.463   2     
20399.796   2     
20433.129   2     
20466.462   2     
20499.795   2     
20533.128   2     
20566.461   2     
20599.794   2     
20633.127   2     
20666.460   2     
20699.793   2     
20733.126   2     
20766.459   2     
20799.792   2     
20833.125   2     
20866.458   2     
20899.791   2     
20933.124   2     
20966.457   2     
20999.790   2     
21033.123   2     
21066.456   2     
21099.789   2     
21133.122   2     
21166.455   2     
21199.788   2     
21233.121   2     
21266.454   2     
21299.787   2     
21333.120   2     
21366.453   2     
21399.786   2     
21433.119   2     
21466.452   2     
21499.785   2     
21533.118   2     
21566.451   2     
21599.784   2     
21633.117   2     
21666.450   2     
21699.783   2     
21733.116   2     
21766.449   2     
21799.782   2     
21833.115   2     
21866.448   2     
21899.781   2     
21933.114   2     
21966.447   2     
21999.780   2     
22033.113   2     
22066.446   2     
22099.779   2     
22133.112   2     
22166.445   2     
22199.778   2     
22233.111   2     
22266.444   2     
22299.777   2     
22333.110   2     
22366.443   2     
22399.776   2     
22433.109   2     
22466.442   2     
22499.775   2     
22533.108   2     
22566.441   2     
22599.774   2     
22633.107   2     
22666.440   2     
22699.773   2     
22733.106   2     
22766.439   2     
22799.772   2     
22833.105   2     
22866.438   2     
22899.771   2     
22933.104   2     
22966.437   2     
22999.770   2     
23033.103   2     
23066.436   2     
23099.769   2     
23133.102   2     
23166.435   2     
23199.768   2     
23233.101   2     
23266.434   2     
23299.767   2     
23333.100   2     
23366.433   2     
23399.766   2     
23433.099   2     
23466.432   2     
23499.765   2     
23533.098   2     
23566.431   2     
23599.764   2     
23633.097   2     
23666.430   2     
23699.763   2     
23733.096   2     
23766.429   2     
23799.762   2     
23833.095   2     
23866.428   2     
23899.761   2     
23933.094   2     
23966.427   2     
23999.760   2     
24033.093   2     
24066.426   2     
24099.759   2     
24133.092   2     
24166.425   2     
24199.758   2     
24233.091   2     
24266.424   2     
24299.757   2     
24333.090   2     
24366.423   2     
24399.756   2     
24433.089   2     
24466.422   2     
24499.755   2     
24533.088   2     
24566.421   2     
24599.754   2     
24633.087   2     
24666.420   2     
24699.753   2     
24733.086   2     
24766.419   2     
24799.752   2     
24833.085   2     
24866.418   2     
24899.751   2     
24933.084   2     
24966.417   2     
24999.750   2     
25033.083   2     
25066.416   2     
25099.749   2     
25133.082   2     
25166.415   2     
25199.748   2     
25233.081   2     
25266.414   2     
25299.747   2     
25333.080   2     
25366.413   2     
25399.746   2     
25433.079   2     
25466.412   2     
25499.745   2     
25533.078   2     
25566.411   2     
25599.744   2     
25633.077   2     
25666.410   2     
25699.743   2     
25733.076   2     
25766.409   2     
25799.742   2     
25833.075   2     
25866.408   2     
25899.741   2     
25933.074   2     
25966.407   2     
25999.740   2     
26033.073   2     
26066.406   2     
26099.739   2     
26133.072   2     
26166.405   2     
26199.738   2     
26233.071   2     
26266.404   2     
26299.737   2     
26333.070   2     
26366.403   2     
26399.736   2     
26433.069   2     
26466.402   2     
26499.735   2     
26533.068   2     
26566.401   2     
26599.734   2     
26633.067   2     
26666.400   2     
26699.733   2     
26733.066   2     
26766.399   2     
26799.732   2     
26833.065   2     
26866.398   2     
26899.731   2     
26933.064   2     
26966.397   2     
26999.730   2     
27033.063   2     
27066.396   2     
27099.729   2     
27133.062   2     
27166.395   2     
27199.728   2     
27233.061   2     
27266.394   2     
27299.727   2     
27333.060   2     
27366.393   2     
27399.726   2     
27433.059   2     
27466.392   2     
27499.725   2     
27533.058   2     
27566.391   2     
27599.724   2     
27633.057   2     
27666.390   2     
27699.723   2     
27733.056   2     
27766.389   2     
27799.722   2     
27833.055   2     
27866.388   2     
27899.721   2     
27933.054   2     
27966.387   2     
27999.720   2     
28033.053   2     
28066.386   2     
28099.719   2     
28133.052   2     
28166.385   2     
28199.718   2     
28233.051   2     
28266.384   2     
28299.717   2     
28333.050   2     
28366.383   2     
28399.716   2     
28433.049   2     
28466.382   2     
28499.715   2     
28533.048   2     
28566.381   2     
28599.714   2     
28633.047   2     
28666.380   2     
28699.713   2     
28733.046   2     
28766.379   2     
28799.712   2     
28833.045   2     
28866.378   2     
28899.711   2     
28933.044   2     
28966.377   2     
28999.710   2     
29033.043   2     
29066.376   2     
29099.709   2     
29133.042   2     
29166.375   2     
29199.708   2     
29233.041   2     
29266.374   2     
29299.707   2     
29333.040   2     
29366.373   2     
29399.706   2     
29433.039   2     
29466.372   2     
29499.705   2     
29533.038   2     
29566.371   2     
29599.704   2     
29633.037   2     
29666.370   2     
29699.703   2     
29733.036   2     
29766.369   2     
29799.702   2     
29833.035   2     
29866.368   2     
29899.701   2     
29933.034   2     
29966.367   2     
29999.700   2     
30033.033   2     
30066.366   2     
30099.699   2     
30133.032   2     
30166.365   2     
30199.698   2     
30233.031   2     
30266.364   2     
30299.697   2     
30333.030   2     
30366.363   2     
30399.696   2     
30433.029   2     
30466.362   2     
30499.695   2     
30533.028   2     
30566.361   2     
30599.694   2     
30633.027   2     
30666.360   2     
30699.693   2     
30733.026   2     
30766.359   2     
30799.692   2     
30833.025   2     
30866.358   2     
30899.691   2     
30933.024   2     
30966.357   2     
30999.690   2     
31033.023   2     
31066.356   2     
31099.689   2     
31133.022   2     
31166.355   2     
31199.688   2     
31233.021   2     
31266.354   2     
31299.687   2     
31333.020   2     
31366.353   2     
31399.686   2     
31433.019   2     
31466.352   2     
31499.685   2     
31533.018   2     
31566.351   2     
31599.684   2     
31633.017   2     
31666.350   2     
31699.683   2     
31733.016   2     
31766.349   2     
31799.682   2     
31833.015   2     
31866.348   2     
31899.681   2     
31933.014   2     
31966.347   2     
31999.680   2     
32033.013   2     
32066.346   2     
32099.679   2     
32133.012   2     
32166.345   2     
32199.678   2     
32233.011   2     
32266.344   2     
32299.677   2     
32333.010   2     
32366.343   2     
32399.676   2     
32433.009   2     
32466.342   2     
32499.675   2     
32533.008   2     
32566.341   2     
32599.674   2     
32633.007   2     
32666.340   2     
32699.673   2     
32733.006   2     
32766.339   3     
32799.672   3     
32833.005   3     
32866.338   3     
32899.671   3     
32933.004   3     
32966.337   3     
32999.670   3     
33033.003   3     
33066.336   3     
33099.669   3     
33133.002   3     
33166.335   3     
33199.668   3     
33233.001   3     
33266.334   3     
33299.667   3     
33333.000   3     
33366.333   3     
33399.666   3     
33432.999   3     
33466.332   3     
33499.665   3     
33532.998   3     
33566.331   3     
33599.664   3     
33632.997   3     
33666.330   3     
33699.663   3     
33732.996   3     
33766.329   3     
33799.662   3     
33832.995   3     
33866.328   3     
33899.661   3     
33932.994   3     
33966.327   3     
33999.660   3     
34032.993   3     
34066.326   3     
34099.659   3     
34132.992   3     
34166.325   3     
34199.658   3     
34232.991   3     
34266.324   3     
34299.657   3     
34332.990   3     
34366.323   3     
34399.656   3     
34432.989   3     
34466.322   3     
34499.655   3     
34532.988   3     
34566.321   3     
34599.654   3     
34632.987   3     
34666.320   3     
34699.653   3     
34732.986   3     
34766.319   3     
34799.652   3     
34832.985   3     
34866.318   3     
34899.651   3     
34932.984   3     
34966.317   3     
34999.650   3     
35032.983   3     
35066.316   3     
35099.649   3     
35132.982   3     
35166.315   3     
35199.648   3     
35232.981   3     
35266.314   3     
35299.647   3     
35332.980   3     
35366.313   3     
35399.646   3     
35432.979   3     
35466.312   3     
35499.645   3     
35532.978   3     
35566.311   3     
35599.644   3     
35632.977   3     
35666.310   3     
35699.643   3     
35732.976   3     
35766.309   3     
35799.642   3     
35832.975   3     
35866.308   3     
35899.641   3     
35932.974   3     
35966.307   3     
35999.640   3     
36032.973   3     
36066.306   3     
36099.639   3     
36132.972   3     
36166.305   3     
36199.638   3     
36232.971   3     
36266.304   3     
36299.637   3     
36332.970   3     
36366.303   3     
36399.636   4     
36432.969   4     
36466.302   4     
36499.635   4     
36532.968   4     
36566.301   4     
36599.634   4     
36632.967   4     
36666.300   4     
36699.633   4     
36732.966   4     
36766.299   4     
36799.632   4     
36832.965   4     
36866.298   4     
36899.631   4     
36932.964   4     
36966.297   4     
36999.630   4     
37032.963   4     
37066.296   4     
37099.629   4     
37132.962   4     
37166.295   4     
37199.628   4     
37232.961   4     
37266.294   4     
37299.627   4     
37332.960   4     
37366.293   4     
37399.626   4     
37432.959   4     
37466.292   4     
37499.625   4     
37532.958   4     
37566.291   4     
37599.624   4     
37632.957   4     
37666.290   4     
37699.623   4     
37732.956   4     
37766.289   4     
37799.622   4     
37832.955   4     
37866.288   4     
37899.621   4     
37932.954   4     
37966.287   4     
37999.620   4     
38032.953   4     
38066.286   4     
38099.619   4     
38132.952   4     
38166.285   4     
38199.618   4     
38232.951   4     
38266.284   4     
38299.617   4     
38332.950   4     
38366.283   4     
38399.616   4     
38432.949   4     
38466.282   4     
38499.615   4     
38532.948   4     
38566.281   4     
38599.614   4     
38632.947   4     
38666.280   4     
38699.613   4     
38732.946   4     
38766.279   4     
38799.612   4     
38832.945   4     
38866.278   4     
38899.611   4     
38932.944   4     
38966.277   4     
38999.610   4     
39032.943   4     
39066.276   4     
39099.609   4     
39132.942   4     
39166.275   4     
39199.608   4     
39232.941   4     
39266.274   4     
39299.607   4     
39332.940   4     
39366.273   4     
39399.606   4     
39432.939   4     
39466.272   4     
39499.605   4     
39532.938   4     
39566.271   4     
39599.604   4     
39632.937   4     
39666.270   4     
39699.603   4     
39732.936   4     
39766.269   4     
39799.602   4     
39832.935   4     
39866.268   4     
39899.601   4     
39932.934   4     
39966.267   4     
39999.600   4     
40032.933   4     
40066.266   4     
40099.599   4     
40132.932   4     
40166.265   4     
40199.598   4     
40232.931   4     
40266.264   4     
40299.597   4     
40332.930   4     
40366.263   4     
40399.596   4     
40432.929   4     
40466.262   4     
40499.595   4     
40532.928   4     
40566.261   4     
40599.594   4     
40632.927   4     
40666.260   4     
40699.593   4     
40732.926   4     
40766.259   4     
40799.592   4     
40832.925   4     
40866.258   4     
40899.591   4     
40932.924   4     
40966.257   7     
40999.590   7     
41032.923   7     
41066.256   7     
41099.589   7     
41132.922   7     
41166.255   7     
41199.588   7     
41232.921   7     
41266.254   7     
41299.587   7     
41332.920   7     
41366.253   7     
41399.586   7     
41432.919   7     
41466.252   7     
41499.585   7     
41532.918   7     
41566.251   7     
41599.584   7     
41632.917   7     
41666.250   7     
41699.583   7     
41732.916   7     
41766.249   7     
41799.582   7     
41832.915   7     
41866.248   7     
41899.581   7     
41932.914   7     
41966.247   7     
41999.580   7     
42032.913   7     
42066.246   7     
42099.579   7     
42132.912   7     
42166.245   7     
42199.578   7     
42232.911   7     
42266.244   7     
42299.577   7     
42332.910   7     
42366.243   7     
42399.576   7     
42432.909   7     
42466.242   7     
42499.575   7     
42532.908   7     
42566.241   7     
42599.574   7     
42632.907   7     
42666.240   7     
42699.573   7     
42732.906   7     
42766.239   7     
42799.572   7     
42832.905   4     
42866.238   4     
42899.571   4     
42932.904   4     
42966.237   4     
42999.570   4     
43032.903   4     
43066.236   4     
43099.569   4     
43132.902   4     
43166.235   4     
43199.568   4     
43232.901   4     
43266.234   4     
43299.567   4     
43332.900   4     
43366.233   4     
43399.566   4     
43432.899   4     
43466.232   4     
43499.565   4     
43532.898   4     
43566.231   4     
43599.564   4     
43632.897   4     
43666.230   4     
43699.563   4     
43732.896   4     
43766.229   4     
43799.562   4     
43832.895   4     
43866.228   4     
43899.561   4     
43932.894   4     
43966.227   4     
43999.560   4     
44032.893   4     
44066.226   4     
44099.559   4     
44132.892   4     
44166.225   4     
44199.558   4     
44232.891   4     
44266.224   4     
44299.557   4     
44332.890   4     
44366.223   4     
44399.556   4     
44432.889   4     
44466.222   4     
44499.555   4     
44532.888   4     
44566.221   4     
44599.554   4     
44632.887   4     
44666.220   4     
44699.553   4     
44732.886   4     
44766.219   4     
44799.552   4     
44832.885   4     
44866.218   4     
44899.551   4     
44932.884   4     
44966.217   4     
44999.550   4     
45032.883   4     
45066.216   4     
45099.549   4     
45132.882   4     
45166.215   4     
45199.548   4     
45232.881   4     
45266.214   4     
45299.547   4     
45332.880   4     
45366.213   4     
45399.546   4     
45432.879   4     
45466.212   4     
45499.545   4     
45532.878   4     
45566.211   4     
45599.544   7     
45632.877   7     
45666.210   7     
45699.543   7     
45732.876   7     
45766.209   7     
45799.542   7     
45832.875   7     
45866.208   7     
45899.541   7     
45932.874   7     
45966.207   7     
45999.540   7     
46032.873   7     
46066.206   7     
46099.539   7     
46132.872   7     
46166.205   7     
46199.538   7     
46232.871   7     
46266.204   7     
46299.537   7     
46332.870   7     
46366.203   7     
46399.536   7     
46432.869   7     
46466.202   7     
46499.535   7     
46532.868   7     
46566.201   7     
46599.534   7     
46632.867   7     
46666.200   7     
46699.533   7     
46732.866   7     
46766.199   7     
46799.532   7     
46832.865   7     
46866.198   7     
46899.531   7     
46932.864   7     
46966.197   7     
46999.530   7     
47032.863   7     
47066.196   7     
47099.529   7     
47132.862   7     
47166.195   7     
47199.528   7     
47232.861   7     
47266.194   7     
47299.527   7     
47332.860   7     
47366.193   7     
47399.526   7     
47432.859   7     
47466.192   7     
47499.525   7     
47532.858   7     
47566.191   7     
47599.524   7     
47632.857   7     
47666.190   7     
47699.523   7     
47732.856   7     
47766.189   7     
47799.522   7     
47832.855   7     
47866.188   7     
47899.521   7     
47932.854   7     
47966.187   7     
47999.520   7     
48032.853   7     
48066.186   7     
48099.519   7     
48132.852   7     
48166.185   7     
48199.518   7     
48232.851   7     
48266.184   7     
48299.517   7     
48332.850   7     
48366.183   7     
48399.516   7     
48432.849   7     
48466.182   7     
48499.515   7     
48532.848   7     
48566.181   7     
48599.514   8     
48632.847   8     
48666.180   8     
48699.513   8     
48732.846   8     
48766.179   8     
48799.512   8     
48832.845   8     
48866.178   8     
48899.511   8     
48932.844   8     
48966.177   8     
48999.510   8     
49032.843   8     
49066.176   7     
49099.509   7     
49132.842   7     
49166.175   7     
49199.508   7     
49232.841   7     
49266.174   7     
49299.507   7     
49332.840   7     
49366.173   7     
49399.506   7     
49432.839   7     
49466.172   7     
49499.505   7     
49532.838   7     
49566.171   7     
49599.504   7     
49632.837   7     
49666.170   7     
49699.503   7     
49732.836   7     
49766.169   7     
49799.502   7     
49832.835   7     
49866.168   7     
49899.501   7     
49932.834   7     
49966.167   7     
49999.500   7     
50032.833   7     
50066.166   7     
50099.499   7     
50132.832   7     
50166.165   7     
50199.498   7     
50232.831   7     
50266.164   7     
50299.497   7     
50332.830   7     
50366.163   7     
50399.496   7     
50432.829   7     
50466.162   7     
50499.495   7     
50532.828   7     
50566.161   7     
50599.494   7     
50632.827   7     
50666.160   7     
50699.493   7     
50732.826   7     
50766.159   7     
50799.492   7     
50832.825   7     
50866.158   7     
50899.491   7     
50932.824   7     
50966.157   7     
50999.490   7     
51032.823   7     
51066.156   7     
51099.489   7     
51132.822   7     
51166.155   7     
51199.488   7     
51232.821   7     
51266.154   7     
51299.487   7     
51332.820   7     
51366.153   7     
51399.486   7     
51432.819   7     
51466.152   7     
51499.485   7     
51532.818   7     
51566.151   7     
51599.484   7     
51632.817   7     
51666.150   7     
51699.483   7     
51732.816   7     
51766.149   7     
51799.482   7     
51832.815   7     
51866.148   7     
51899.481   7     
51932.814   7     
51966.147   7     
51999.480   7     
52032.813   7     
52066.146   7     
52099.479   7     
52132.812   7     
52166.145   7     
52199.478   7     
52232.811   7     
52266.144   7     
52299.477   7     
52332.810   7     
52366.143   7     
52399.476   7     
52432.809   7     
52466.142   7     
52499.475   7     
52532.808   7     
52566.141   7     
52599.474   7     
52632.807   7     
52666.140   7     
52699.473   7     
52732.806   7     
52766.139   7     
52799.472   7     
52832.805   7     
52866.138   7     
52899.471   7     
52932.804   7     
52966.137   7     
52999.470   7     
53032.803   7     
53066.136   7     
53099.469   7     
53132.802   7     
53166.135   7     
53199.468   7     
53232.801   7     
53266.134   7     
53299.467   7     
53332.800   7     
53366.133   7     
53399.466   7     
53432.799   7     
53466.132   7     
53499.465   7     
53532.798   7     
53566.131   7     
53599.464   7     
53632.797   7     
53666.130   7     
53699.463   7     
53732.796   7     
53766.129   7     
53799.462   7     
53832.795   7     
53866.128   7     
53899.461   8     
53932.794   8     
53966.127   8     
53999.460   8     
54032.793   8     
54066.126   8     
54099.459   8     
54132.792   8     
54166.125   8     
54199.458   8     
54232.791   8     
54266.124   8     
54299.457   8     
54332.790   8     
54366.123   8     
54399.456   8     
54432.789   8     
54466.122   8     
54499.455   8     
54532.788   8     
54566.121   8     
54599.454   8     
54632.787   8     
54666.120   8     
54699.453   8     
54732.786   8     
54766.119   8     
54799.452   8     
54832.785   8     
54866.118   8     
54899.451   8     
54932.784   8     
54966.117   8     
54999.450   8     
55032.783   8     
55066.116   8     
55099.449   8     
55132.782   8     
55166.115   8     
55199.448   8     
55232.781   8     
55266.114   8     
55299.447   8     
55332.780   8     
55366.113   8     
55399.446   8     
55432.779   8     
55466.112   8     
55499.445   8     
55532.778   8     
55566.111   8     
55599.444   8     
55632.777   8     
55666.110   8     
55699.443   8     
55732.776   8     
55766.109   8     
55799.442   8     
55832.775   8     
55866.108   8     
55899.441   8     
55932.774   8     
55966.107   8     
55999.440   8     
56032.773   8     
56066.106   8     
56099.439   8     
56132.772   8     
56166.105   8     
56199.438   8     
56232.771   8     
56266.104   8     
56299.437   8     
56332.770   8     
56366.103   8     
56399.436   8     
56432.769   8     
56466.102   8     
56499.435   8     
56532.768   8     
56566.101   8     
56599.434   8     
56632.767   8     
56666.100   8     
56699.433   8     
56732.766   8     
56766.099   8     
56799.432   8     
56832.765   8     
56866.098   8     
56899.431   8     
56932.764   8     
56966.097   8     
56999.430   8     
57032.763   8     
57066.096   8     
57099.429   8     
57132.762   8     
57166.095   8     
57199.428   8     
57232.761   8     
57266.094   8     
57299.427   8     
57332.760   8     
57366.093   8     
57399.426   8     
57432.759   8     
57466.092   8     
57499.425   8     
57532.758   8     
57566.091   8     
57599.424   8     
57632.757   8     
57666.090   8     
57699.423   8     
57732.756   8     
57766.089   8     
57799.422   8     
57832.755   8     
57866.088   8     
57899.421   8     
57932.754   8     
57966.087   8     
57999.420   8     
58032.753   8     
58066.086   8     
58099.419   8     
58132.752   8     
58166.085   8     
58199.418   8     
58232.751   8     
58266.084   8     
58299.417   8     
58332.750   8     
58366.083   8     
58399.416   8     
58432.749   8     
58466.082   8     
58499.415   8     
58532.748   8     
58566.081   8     
58599.414   8     
58632.747   8     
58666.080   8     
58699.413   8     
58732.746   8     
58766.079   8     
58799.412   8     
58832.745   8     
58866.078   8     
58899.411   8     
58932.744   8     
58966.077   8     
58999.410   8     
59032.743   8     
59066.076   8     
59099.409   8     
59132.742   8     
59166.075   8     
59199.408   8     
59232.741   8     
59266.074   8     
59299.407   8     
59332.740   8     
59366.073   8     
59399.406   8     
59432.739   8     
59466.072   8     
59499.405   8     
59532.738   8     
59566.071   8     
59599.404   8     
59632.737   8     
59666.070   8     
59699.403   8     
59732.736   8     
59766.069   8     
59799.402   8     
59832.735   8     
59866.068   8     
59899.401   8     
59932.734   8     
59966.067   8     
59999.400   8     
60032.733   8     
60066.066   8     
60099.399   8     
60132.732   8     
60166.065   8     
60199.398   8     
60232.731   8     
60266.064   8     
60299.397   8     
60332.730   8     
60366.063   8     
60399.396   8     
60432.729   8     
60466.062   8     
60499.395   8     
60532.728   8     
60566.061   8     
60599.394   8     
60632.727   8     
60666.060   8     
60699.393   8     
60732.726   8     
60766.059   8     
60799.392   8     
60832.725   8     
60866.058   8     
60899.391   8     
60932.724   8     
60966.057   8     
60999.390   8     
61032.723   8     
61066.056   8     
61099.389   8     
61132.722   8     
61166.055   8     
61199.388   8     
61232.721   8     
61266.054   8     
61299.387   8     
61332.720   8     
61366.053   8     
61399.386   8     
61432.719   8     
61466.052   8     
61499.385   8     
61532.718   8     
61566.051   8     
61599.384   8     
61632.717   8     
61666.050   8     
61699.383   8     
61732.716   8     
61766.049   3     
61799.382   3     
61832.715   3     
61866.048   3     
61899.381   3     
61932.714   3     
61966.047   3     
61999.380   3     
62032.713   3     
62066.046   3     
62099.379   3     
62132.712   3     
62166.045   3     
62199.378   3     
62232.711   3     
62266.044   3     
62299.377   3     
62332.710   3     
62366.043   3     
62399.376   3     
62432.709   3     
62466.042   3     
62499.375   3     
62532.708   3     
62566.041   3     
62599.374   3     
62632.707   3     
62666.040   3     
62699.373   3     
62732.706   3     
62766.039   3     
62799.372   3     
62832.705   3     
62866.038   3     
62899.371   3     
62932.704   3     
62966.037   3     
62999.370   3     
63032.703   3     
63066.036   3     
63099.369   3     
63132.702   3     
63166.035   3     
63199.368   3     
63232.701   3     
63266.034   3     
63299.367   3     
63332.700   3     
63366.033   3     
63399.366   3     
63432.699   3     
63466.032   3     
63499.365   3     
63532.698   3     
63566.031   3     
63599.364   3     
63632.697   3     
63666.030   3     
63699.363   3     
63732.696   3     
63766.029   3     
63799.362   3     
63832.695   3     
63866.028   3     
63899.361   3     
63932.694   3     
63966.027   3     
63999.360   3     
64032.693   3     
64066.026   3     
64099.359   3     
64132.692   3     
64166.025   3     
64199.358   3     
64232.691   3     
64266.024   3     
64299.357   3     
64332.690   3     
64366.023   3     
64399.356   3     
64432.689   3     
64466.022   3     
64499.355   3     
64532.688   3     
64566.021   3     
64599.354   3     
64632.687   3     
64666.020   3     
64699.353   3     
64732.686   3     
64766.019   3     
64799.352   3     
64832.685   3     
64866.018   3     
64899.351   3     
64932.684   3     
64966.017   3     
64999.350   3     
65032.683   3     
65066.016   3     
65099.349   3     
65132.682   3     
65166.015   3     
65199.348   5     
65232.681   5     
65266.014   5     
65299.347   5     
65332.680   5     
65366.013   5     
65399.346   5     
65432.679   5     
65466.012   5     
65499.345   5     
65532.678   5     
65566.011   5     
65599.344   5     
65632.677   5     
65666.010   5     
65699.343   5     
65732.676   5     
65766.009   5     
65799.342   5     
65832.675   5     
65866.008   5     
65899.341   5     
65932.674   5     
65966.007   5     
65999.340   5     
66032.673   5     
66066.006   5     
66099.339   5     
66132.672   5     
66166.005   5     
66199.338   5     
66232.671   5     
66266.004   5     
66299.337   5     
66332.670   5     
66366.003   5     
66399.336   5     
66432.669   5     
66466.002   5     
66499.335   5     
66532.668   5     
66566.001   5     
66599.334   5     
66632.667   5     
66666.000   5     
66699.333   5     
66732.666   5     
66765.999   5     
66799.332   5     
66832.665   5     
66865.998   5     
66899.331   5     
66932.664   5     
66965.997   5     
66999.330   5     
67032.663   5     
67065.996   5     
67099.329   5     
67132.662   5     
67165.995   5     
67199.328   5     
67232.661   5     
67265.994   5     
67299.327   5     
67332.660   5     
67365.993   5     
67399.326   5     
67432.659   5     
67465.992   5     
67499.325   5     
67532.658   5     
67565.991   5     
67599.324   5     
67632.657   5     
67665.990   5     
67699.323   5     
67732.656   5     
67765.989   5     
67799.322   5     
67832.655   5     
67865.988   5     
67899.321   5     
67932.654   5     
67965.987   5     
67999.320   5     
68032.653   5     
68065.986   5     
68099.319   5     
68132.652   5     
68165.985   5     
68199.318   5     
68232.651   5     
68265.984   7     
68299.317   7     
68332.650   7     
68365.983   7     
68399.316   7     
68432.649   7     
68465.982   7     
68499.315   7     
68532.648   7     
68565.981   7     
68599.314   7     
68632.647   7     
68665.980   7     
68699.313   7     
68732.646   7     
68765.979   7     
68799.312   7     
68832.645   7     
68865.978   7     
68899.311   7     
68932.644   7     
68965.977   7     
68999.310   7     
69032.643   7     
69065.976   7     
69099.309   7     
69132.642   7     
69165.975   7     
69199.308   7     
69232.641   7     
69265.974   7     
69299.307   7     
69332.640   7     
69365.973   7     
69399.306   7     
69432.639   7     
69465.972   7     
69499.305   7     
69532.638   7     
69565.971   7     
69599.304   7     
69632.637   7     
69665.970   7     
69699.303   7     
69732.636   7     
69765.969   7     
69799.302   7     
69832.635   7     
69865.968   7     
69899.301   7     
69932.634   7     
69965.967   7     
69999.300   7     
70032.633   7     
70065.966   7     
70099.299   7     
70132.632   7     
70165.965   7     
70199.298   7     
70232.631   7     
70265.964   7     
70299.297   7     
70332.630   7     
70365.963   7     
70399.296   7     
70432.629   7     
70465.962   7     
70499.295   7     
70532.628   7     
70565.961   7     
70599.294   7     
70632.627   7     
70665.960   7     
70699.293   7     
70732.626   7     
70765.959   7     
70799.292   7     
70832.625   7     
70865.958   7     
70899.291   7     
70932.624   7     
70965.957   7     
70999.290   7     
71032.623   7     
71065.956   7     
71099.289   7     
71132.622   7     
71165.955   7     
71199.288   7     
71232.621   7     
71265.954   7     
71299.287   7     
71332.620   7     
71365.953   7     
71399.286   7     
71432.619   7     
71465.952   7     
71499.285   7     
71532.618   7     
71565.951   7     
71599.284   7     
71632.617   7     
71665.950   7     
71699.283   7     
71732.616   7     
71765.949   7     
71799.282   7     
71832.615   7     
71865.948   7     
71899.281   7     
71932.614   7     
71965.947   7     
71999.280   7     
72032.613   7     
72065.946   7     
72099.279   7     
72132.612   7     
72165.945   7     
72199.278   7     
72232.611   7     
72265.944   7     
72299.277   7     
72332.610   7     
72365.943   7     
72399.276   7     
72432.609   7     
72465.942   7     
72499.275   7     
72532.608   7     
72565.941   7     
72599.274   7     
72632.607   7     
72665.940   7     
72699.273   7     
72732.606   7     
72765.939   7     
72799.272   7     
72832.605   7     
72865.938   7     
72899.271   7     
72932.604   7     
72965.937   7     
72999.270   7     
73032.603   7     
73065.936   7     
73099.269   7     
73132.602   7     
73165.935   7     
73199.268   7     
73232.601   7     
73265.934   7     
73299.267   7     
73332.600   7     
73365.933   7     
73399.266   7     
73432.599   7     
73465.932   7     
73499.265   7     
73532.598   7     
73565.931   7     
73599.264   7     
73632.597   7     
73665.930   7     
73699.263   7     
73732.596   7     
73765.929   7     
73799.262   7     
73832.595   7     
73865.928   7     
73899.261   7     
73932.594   7     
73965.927   7     
73999.260   7     
74032.593   7     
74065.926   7     
74099.259   7     
74132.592   7     
74165.925   7     
74199.258   7     
74232.591   7     
74265.924   7     
74299.257   7     
74332.590   7     
74365.923   7     
74399.256   7     
74432.589   7     
74465.922   7     
74499.255   7     
74532.588   7     
74565.921   7     
74599.254   7     
74632.587   7     
74665.920   7     
74699.253   7     
74732.586   7     
74765.919   7     
74799.252   7     
74832.585   7     
74865.918   7     
74899.251   7     
74932.584   7     
74965.917   7     
74999.250   7     
75032.583   7     
75065.916   7     
75099.249   7     
75132.582   7     
75165.915   7     
75199.248   7     
75232.581   7     
75265.914   7     
75299.247   7     
75332.580   7     
75365.913   7     
75399.246   7     
75432.579   7     
75465.912   7     
75499.245   7     
75532.578   7     
75565.911   7     
75599.244   7     
75632.577   7     
75665.910   7     
75699.243   7     
75732.576   7     
75765.909   7     
75799.242   7     
75832.575   7     
75865.908   7     
75899.241   7     
75932.574   7     
75965.907   7     
75999.240   7     
76032.573   7     
76065.906   7     
76099.239   8     
76132.572   8     
76165.905   8     
76199.238   8     
76232.571   8     
76265.904   8     
76299.237   8     
76332.570   8     
76365.903   8     
76399.236   8     
76432.569   8     
76465.902   8     
76499.235   8     
76532.568   8     
76565.901   8     
76599.234   8     
76632.567   8     
76665.900   8     
76699.233   8     
76732.566   8     
76765.899   8     
76799.232   8     
76832.565   8     
76865.898   8     
76899.231   8     
76932.564   8     
76965.897   8     
76999.230   8     
77032.563   8     
77065.896   8     
77099.229   8     
77132.562   8     
77165.895   8     
77199.228   8     
77232.561   8     
77265.894   8     
77299.227   8     
77332.560   8     
77365.893   8     
77399.226   8     
77432.559   8     
77465.892   8     
77499.225   8     
77532.558   8     
77565.891   8     
77599.224   8     
77632.557   8     
77665.890   8     
77699.223   8     
77732.556   8     
77765.889   8     
77799.222   8     
77832.555   8     
77865.888   8     
77899.221   8     
77932.554   8     
77965.887   8     
77999.220   8     
78032.553   8     
78065.886   8     
78099.219   8     
78132.552   8     
78165.885   8     
78199.218   8     
78232.551   8     
78265.884   8     
78299.217   8     
78332.550   8     
78365.883   8     
78399.216   8     
78432.549   8     
78465.882   8     
78499.215   8     
78532.548   8     
78565.881   8     
78599.214   8     
78632.547   8     
78665.880   8     
78699.213   8     
78732.546   8     
78765.879   8     
78799.212   8     
78832.545   8     
78865.878   8     
78899.211   8     
78932.544   8     
78965.877   8     
78999.210   8     
79032.543   8     
79065.876   8     
79099.209   8     
79132.542   8     
79165.875   8     
79199.208   8     
79232.541   8     
79265.874   8     
79299.207   8     
79332.540   8     
79365.873   8     
79399.206   8     
79432.539   8     
79465.872   8     
79499.205   8     
79532.538   8     
79565.871   8     
79599.204   8     
79632.537   8     
79665.870   8     
79699.203   8     
79732.536   8     
79765.869   8     
79799.202   8     
79832.535   8     
79865.868   8     
79899.201   8     
79932.534   8     
79965.867   8     
79999.200   8     
80032.533   8     
80065.866   8     
80099.199   8     
80132.532   8     
80165.865   8     
80199.198   8     
80232.531   8     
80265.864   8     
80299.197   8     
80332.530   8     
80365.863   8     
80399.196   8     
80432.529   8     
80465.862   8     
80499.195   8     
80532.528   8     
80565.861   8     
80599.194   8     
80632.527   8     
80665.860   8     
80699.193   8     
80732.526   8     
80765.859   8     
80799.192   8     
80832.525   8     
80865.858   8     
80899.191   8     
80932.524   3     
80965.857   3     
80999.190   3     
81032.523   3     
81065.856   3     
81099.189   3     
81132.522   3     
81165.855   3     
81199.188   3     
81232.521   3     
81265.854   3     
81299.187   3     
81332.520   3     
81365.853   3     
81399.186   3     
81432.519   3     
81465.852   3     
81499.185   3     
81532.518   3     
81565.851   3     
81599.184   3     
81632.517   3     
81665.850   3     
81699.183   3     
81732.516   3     
81765.849   3     
81799.182   3     
81832.515   3     
81865.848   3     
81899.181   3     
81932.514   3     
81965.847   3     
81999.180   3     
82032.513   3     
82065.846   3     
82099.179   3     
82132.512   3     
82165.845   3     
82199.178   3     
82232.511   3     
82265.844   3     
82299.177   3     
82332.510   3     
82365.843   3     
82399.176   3     
82432.509   3     
82465.842   3     
82499.175   3     
82532.508   3     
82565.841   3     
82599.174   3     
82632.507   3     
82665.840   3     
82699.173   3     
82732.506   3     
82765.839   3     
82799.172   3     
82832.505   3     
82865.838   3     
82899.171   3     
82932.504   3     
82965.837   3     
82999.170   3     
83032.503   3     
83065.836   3     
83099.169   3     
83132.502   3     
83165.835   3     
83199.168   3     
83232.501   3     
83265.834   3     
83299.167   3     
83332.500   3     
83365.833   3     
83399.166   3     
83432.499   3     
83465.832   3     
83499.165   3     
83532.498   3     
83565.831   3     
83599.164   3     
83632.497   3     
83665.830   3     
83699.163   3     
83732.496   3     
83765.829   3     
83799.162   3     
83832.495   6     
83865.828   6     
83899.161   6     
83932.494   6     
83965.827   6     
83999.160   6     
84032.493   6     
84065.826   6     
84099.159   6     
84132.492   6     
84165.825   6     
84199.158   6     
84232.491   6     
84265.824   6     
84299.157   6     
84332.490   6     
84365.823   6     
84399.156   6     
84432.489   6     
84465.822   6     
84499.155   6     
84532.488   6     
84565.821   6     
84599.154   6     
84632.487   6     
84665.820   6     
84699.153   6     
84732.486   6     
84765.819   6     
84799.152   6     
84832.485   6     
84865.818   6     
84899.151   6     
84932.484   6     
84965.817   6     
84999.150   6     
85032.483   6     
85065.816   6     
85099.149   6     
85132.482   6     
85165.815   6     
85199.148   6     
85232.481   6     
85265.814   6     
85299.147   6     
85332.480   6     
85365.813   6     
85399.146   6     
85432.479   6     
85465.812   6     
85499.145   6     
85532.478   6     
85565.811   6     
85599.144   6     
85632.477   6     
85665.810   6     
85699.143   6     
85732.476   6     
85765.809   6     
85799.142   6     
85832.475   6     
85865.808   6     
85899.141   6     
85932.474   6     
85965.807   6     
85999.140   6     
86032.473   6     
86065.806   6     
86099.139   6     
86132.472   6     
86165.805   6     
86199.138   6     
86232.471   6     
86265.804   6     
86299.137   6     
86332.470   6     
86365.803   6     
86399.136   3     
86432.469   3     
86465.802   3     
86499.135   3     
86532.468   3     
86565.801   3     
86599.134   3     
86632.467   3     
86665.800   3     
86699.133   3     
86732.466   3     
86765.799   3     
86799.132   3     
86832.465   3     
86865.798   3     
86899.131   3     
86932.464   3     
86965.797   3     
86999.130   3     
87032.463   3     
87065.796   3     
87099.129   3     
87132.462   3     
87165.795   3     
87199.128   3     
87232.461   6     
87265.794   6     
87299.127   6     
87332.460   6     
87365.793   6     
87399.126   6     
87432.459   6     
87465.792   6     
87499.125   6     
87532.458   6     
87565.791   6     
87599.124   6     
87632.457   6     
87665.790   6     
87699.123   6     
87732.456   6     
87765.789   6     
87799.122   6     
87832.455   6     
87865.788   6     
87899.121   6     
87932.454   6     
87965.787   6     
87999.120   6     
88032.453   6     
88065.786   6     
88099.119   6     
88132.452   6     
88165.785   6     
88199.118   6     
88232.451   6     
88265.784   6     
88299.117   6     
88332.450   6     
88365.783   6     
88399.116   6     
88432.449   6     
88465.782   6     
88499.115   6     
88532.448   6     
88565.781   6     
88599.114   6     
88632.447   6     
88665.780   6     
88699.113   6     
88732.446   6     
88765.779   6     
88799.112   6     
88832.445   6     
88865.778   6     
88899.111   6     
88932.444   6     
88965.777   6     
88999.110   6     
89032.443   6     
89065.776   6     
89099.109   6     
89132.442   6     
89165.775   6     
89199.108   3     
89232.441   3     
89265.774   3     
89299.107   3     
89332.440   3     
89365.773   3     
89399.106   3     
89432.439   3     
89465.772   3     
89499.105   3     
89532.438   3     
89565.771   3     
89599.104   3     
89632.437   3     
89665.770   3     
89699.103   3     
89732.436   3     
89765.769   3     
89799.102   3     
89832.435   3     
89865.768   3     
89899.101   3     
89932.434   3     
89965.767   6     
89999.100   6     
90032.433   6     
90065.766   6     
90099.099   6     
90132.432   6     
90165.765   6     
90199.098   6     
90232.431   6     
90265.764   6     
90299.097   6     
90332.430   6     
90365.763   6     
90399.096   6     
90432.429   6     
90465.762   6     
90499.095   6     
90532.428   6     
90565.761   6     
90599.094   6     
90632.427   6     
90665.760   6     
90699.093   6     
90732.426   6     
90765.759   6     
90799.092   6     
90832.425   6     
90865.758   6     
90899.091   6     
90932.424   6     
90965.757   6     
90999.090   6     
91032.423   6     
91065.756   6     
91099.089   6     
91132.422   6     
91165.755   6     
91199.088   6     
91232.421   6     
91265.754   6     
91299.087   6     
91332.420   6     
91365.753   6     
91399.086   6     
91432.419   6     
91465.752   6     
91499.085   6     
91532.418   6     
91565.751   6     
91599.084   6     
91632.417   6     
91665.750   6     
91699.083   6     
91732.416   6     
91765.749   6     
91799.082   6     
91832.415   6     
91865.748   6     
91899.081   6     
91932.414   6     
91965.747   6     
91999.080   6     
92032.413   6     
92065.746   6     
92099.079   6     
92132.412   6     
92165.745   6     
92199.078   6     
92232.411   6     
92265.744   6     
92299.077   6     
92332.410   6     
92365.743   6     
92399.076   6     
92432.409   6     
92465.742   6     
92499.075   6     
92532.408   6     
92565.741   6     
92599.074   6     
92632.407   6     
92665.740   6     
92699.073   6     
92732.406   6     
92765.739   6     
92799.072   6     
92832.405   6     
92865.738   6     
92899.071   6     
92932.404   6     
92965.737   6     
92999.070   6     
93032.403   6     
93065.736   6     
93099.069   6     
93132.402   6     
93165.735   6     
93199.068   6     
93232.401   6     
93265.734   6     
93299.067   6     
93332.400   6     
93365.733   6     
93399.066   6     
93432.399   6     
93465.732   6     
93499.065   6     
93532.398   6     
93565.731   6     
93599.064   6     
93632.397   6     
93665.730   6     
93699.063   6     
93732.396   6     
93765.729   6     
93799.062   6     
93832.395   6     
93865.728   6     
93899.061   6     
93932.394   6     
93965.727   6     
93999.060   6     
94032.393   6     
94065.726   6     
94099.059   6     
94132.392   6     
94165.725   6     
94199.058   6     
94232.391   6     
94265.724   6     
94299.057   6     
94332.390   6     
94365.723   6     
94399.056   6     
94432.389   6     
94465.722   6     
94499.055   6     
94532.388   6     
94565.721   6     
94599.054   6     
94632.387   6     
94665.720   6     
94699.053   6     
94732.386   6     
94765.719   6     
94799.052   6     
94832.385   6     
94865.718   6     
94899.051   6     
94932.384   6     
94965.717   6     
94999.050   6     
95032.383   6     
95065.716   6     
95099.049   6     
95132.382   6     
95165.715   6     
95199.048   6     
95232.381   6     
95265.714   6     
95299.047   6     
95332.380   6     
95365.713   6     
95399.046   6     
95432.379   6     
95465.712   6     
95499.045   6     
95532.378   6     
95565.711   6     
95599.044   6     
95632.377   6     
95665.710   7     
95699.043   7     
95732.376   7     
95765.709   7     
95799.042   7     
95832.375   7     
95865.708   7     
95899.041   7     
95932.374   7     
95965.707   7     
95999.040   7     
96032.373   7     
96065.706   7     
96099.039   7     
96132.372   7     
96165.705   7     
96199.038   7     
96232.371   7     
96265.704   7     
96299.037   7     
96332.370   7     
96365.703   7     
96399.036   7     
96432.369   7     
96465.702   7     
96499.035   7     
96532.368   7     
96565.701   7     
96599.034   7     
96632.367   7     
96665.700   7     
96699.033   7     
96732.366   7     
96765.699   7     
96799.032   7     
96832.365   7     
96865.698   7     
96899.031   7     
96932.364   7     
96965.697   7     
96999.030   7     
97032.363   7     
97065.696   7     
97099.029   7     
97132.362   7     
97165.695   7     
97199.028   7     
97232.361   7     
97265.694   7     
97299.027   7     
97332.360   7     
97365.693   7     
97399.026   7     
97432.359   7     
97465.692   7     
97499.025   7     
97532.358   7     
97565.691   7     
97599.024   7     
97632.357   7     
97665.690   7     
97699.023   7     
97732.356   7     
97765.689   7     
97799.022   7     
97832.355   7     
97865.688   7     
97899.021   7     
97932.354   7     
97965.687   7     
97999.020   7     
98032.353   7     
98065.686   7     
98099.019   7     
98132.352   7     
98165.685   7     
98199.018   7     
98232.351   7     
98265.684   7     
98299.017   7     
98332.350   7     
98365.683   7     
98399.016   7     
98432.349   7     
98465.682   7     
98499.015   7     
98532.348   7     
98565.681   7     
98599.014   7     
98632.347   7     
98665.680   7     
98699.013   7     
98732.346   7     
98765.679   7     
98799.012   7     
98832.345   7     
98865.678   7     
98899.011   7     
98932.344   7     
98965.677   7     
98999.010   7     
99032.343   7     
99065.676   7     
99099.009   7     
99132.342   7     
99165.675   7     
99199.008   7     
99232.341   7     
99265.674   7     
99299.007   7     
99332.340   7     
99365.673   7     
99399.006   7     
99432.339   7     
99465.672   7     
99499.005   7     
99532.338   7     
99565.671   7     
99599.004   7     
99632.337   7     
99665.670   7     
99699.003   7     
99732.336   7     
99765.669   7     
99799.002   7     
99832.335   7     
99865.668   7     
99899.001   7     
99932.334   7     
99965.667   7     
99999.000   7     
100032.333  7     
100065.666  8     
100098.999  8     
100132.332  8     
100165.665  8     
100198.998  8     
100232.331  8     
100265.664  8     
100298.997  8     
100332.330  8     
100365.663  8     
100398.996  8     
100432.329  8     
100465.662  8     
100498.995  8     
100532.328  8     
100565.661  8     
100598.994  8     
100632.327  8     
100665.660  8     
100698.993  8     
100732.326  8     
100765.659  8     
100798.992  8     
100832.325  8     
100865.658  8     
100898.991  8     
100932.324  8     
100965.657  8     
100998.990  8     
101032.323  8     
101065.656  8     
101098.989  8     
101132.322  8     
101165.655  8     
101198.988  8     
101232.321  8     
101265.654  8     
101298.987  8     
101332.320  8     
101365.653  8     
101398.986  8     
101432.319  8     
101465.652  8     
101498.985  8     
101532.318  8     
101565.651  8     
101598.984  8     
101632.317  8     
101665.650  8     
101698.983  8     
101732.316  8     
101765.649  8     
101798.982  8     
101832.315  8     
101865.648  8     
101898.981  8     
101932.314  8     
101965.647  8     
101998.980  8     
102032.313  8     
102065.646  8     
102098.979  8     
102132.312  8     
102165.645  8     
102198.978  8     
102232.311  8     
102265.644  8     
102298.977  8     
102332.310  8     
102365.643  8     
102398.976  8     
102432.309  8     
102465.642  8     
102498.975  8     
102532.308  8     
102565.641  8     
102598.974  8     
102632.307  8     
102665.640  8     
102698.973  8     
102732.306  8     
102765.639  8     
102798.972  8     
102832.305  8     
102865.638  8     
102898.971  8     
102932.304  8     
102965.637  8     
102998.970  8     
103032.303  8     
103065.636  8     
103098.969  8     
103132.302  8     
103165.635  8     
103198.968  8     
103232.301  8     
103265.634  8     
103298.967  8     
103332.300  8     
103365.633  8     
103398.966  8     
103432.299  8     
103465.632  8     
103498.965  8     
103532.298  8     
103565.631  8     
103598.964  8     
103632.297  8     
103665.630  8     
103698.963  8     
103732.296  8     
103765.629  8     
103798.962  8     
103832.295  8     
103865.628  8     
103898.961  8     
103932.294  8     
103965.627  8     
103998.960  8     
104032.293  8     
104065.626  8     
104098.959  8     
104132.292  8     
104165.625  8     
104198.958  8     
104232.291  8     
104265.624  8     
104298.957  8     
104332.290  8     
104365.623  8     
104398.956  8     
104432.289  8     
104465.622  8     
104498.955  8     
104532.288  8     
104565.621  8     
104598.954  8     
104632.287  8     
104665.620  8     
104698.953  8     
104732.286  9     
104765.619  9     
104798.952  9     
104832.285  9     
104865.618  9     
104898.951  9     
104932.284  9     
104965.617  9     
104998.950  9     
105032.283  9     
105065.616  9     
105098.949  9     
105132.282  9     
105165.615  9     
105198.948  9     
105232.281  9     
105265.614  9     
105298.947  9     
105332.280  9     
105365.613  9     
105398.946  9     
105432.279  9     
105465.612  9     
105498.945  9     
105532.278  9     
105565.611  9     
105598.944  9     
105632.277  9     
105665.610  9     
105698.943  9     
105732.276  9     
105765.609  9     
105798.942  9     
105832.275  9     
105865.608  9     
105898.941  9     
105932.274  9     
105965.607  9     
105998.940  9     
106032.273  9     
106065.606  9     
106098.939  9     
106132.272  9     
106165.605  9     
106198.938  9     
106232.271  9     
106265.604  9     
106298.937  9     
106332.270  9     
106365.603  9     
106398.936  9     
106432.269  9     
106465.602  9     
106498.935  9     
106532.268  9     
106565.601  9     
106598.934  9     
106632.267  9     
106665.600  9     
106698.933  9     
106732.266  9     
106765.599  9     
106798.932  9     
106832.265  9     
106865.598  9     
106898.931  9     
106932.264  9     
106965.597  9     
106998.930  9     
107032.263  9     
107065.596  9     
