Time (ms)   Label 
0.000       9     
33.333      9     
66.666      9     
99.999      9     
133.332     9     
166.665     9     
199.998     9     
233.331     9     
266.664     9     
299.997     9     
333.330     9     
366.663     9     
399.996     9     
433.329     9     
466.662     9     
499.995     9     
533.328     9     
566.661     9     
599.994     9     
633.327     9     
666.660     9     
699.993     9     
733.326     9     
766.659     1     
799.992     1     
833.325     1     
866.658     1     
899.991     1     
933.324     1     
966.657     1     
999.990     1     
1033.323    1     
1066.656    1     
1099.989    1     
1133.322    1     
1166.655    1     
1199.988    1     
1233.321    1     
1266.654    1     
1299.987    1     
1333.320    1     
1366.653    1     
1399.986    1     
1433.319    1     
1466.652    1     
1499.985    1     
1533.318    1     
1566.651    1     
1599.984    1     
1633.317    1     
1666.650    1     
1699.983    1     
1733.316    1     
1766.649    1     
1799.982    1     
1833.315    1     
1866.648    1     
1899.981    1     
1933.314    1     
1966.647    1     
1999.980    1     
2033.313    1     
2066.646    1     
2099.979    1     
2133.312    1     
2166.645    1     
2199.978    1     
2233.311    1     
2266.644    1     
2299.977    1     
2333.310    1     
2366.643    1     
2399.976    1     
2433.309    1     
2466.642    1     
2499.975    1     
2533.308    1     
2566.641    1     
2599.974    1     
2633.307    1     
2666.640    1     
2699.973    1     
2733.306    1     
2766.639    1     
2799.972    1     
2833.305    1     
2866.638    1     
2899.971    1     
2933.304    1     
2966.637    1     
2999.970    1     
3033.303    1     
3066.636    1     
3099.969    1     
3133.302    1     
3166.635    1     
3199.968    1     
3233.301    1     
3266.634    1     
3299.967    1     
3333.300    1     
3366.633    1     
3399.966    1     
3433.299    1     
3466.632    1     
3499.965    1     
3533.298    1     
3566.631    1     
3599.964    1     
3633.297    1     
3666.630    1     
3699.963    1     
3733.296    1     
3766.629    1     
3799.962    1     
3833.295    1     
3866.628    1     
3899.961    1     
3933.294    1     
3966.627    1     
3999.960    1     
4033.293    1     
4066.626    1     
4099.959    1     
4133.292    1     
4166.625    1     
4199.958    1     
4233.291    1     
4266.624    1     
4299.957    1     
4333.290    1     
4366.623    1     
4399.956    1     
4433.289    1     
4466.622    1     
4499.955    1     
4533.288    1     
4566.621    1     
4599.954    1     
4633.287    1     
4666.620    1     
4699.953    1     
4733.286    1     
4766.619    1     
4799.952    1     
4833.285    1     
4866.618    1     
4899.951    1     
4933.284    1     
4966.617    1     
4999.950    1     
5033.283    1     
5066.616    1     
5099.949    1     
5133.282    1     
5166.615    1     
5199.948    1     
5233.281    1     
5266.614    1     
5299.947    1     
5333.280    1     
5366.613    1     
5399.946    1     
5433.279    1     
5466.612    1     
5499.945    1     
5533.278    1     
5566.611    1     
5599.944    1     
5633.277    1     
5666.610    1     
5699.943    1     
5733.276    1     
5766.609    1     
5799.942    1     
5833.275    1     
5866.608    1     
5899.941    1     
5933.274    1     
5966.607    1     
5999.940    1     
6033.273    1     
6066.606    1     
6099.939    1     
6133.272    1     
6166.605    1     
6199.938    1     
6233.271    1     
6266.604    1     
6299.937    1     
6333.270    1     
6366.603    1     
6399.936    1     
6433.269    1     
6466.602    1     
6499.935    1     
6533.268    1     
6566.601    1     
6599.934    1     
6633.267    1     
6666.600    1     
6699.933    1     
6733.266    1     
6766.599    1     
6799.932    1     
6833.265    1     
6866.598    1     
6899.931    1     
6933.264    1     
6966.597    1     
6999.930    1     
7033.263    1     
7066.596    1     
7099.929    1     
7133.262    1     
7166.595    1     
7199.928    1     
7233.261    1     
7266.594    1     
7299.927    1     
7333.260    1     
7366.593    1     
7399.926    1     
7433.259    1     
7466.592    1     
7499.925    1     
7533.258    1     
7566.591    1     
7599.924    1     
7633.257    1     
7666.590    1     
7699.923    1     
7733.256    1     
7766.589    1     
7799.922    1     
7833.255    1     
7866.588    1     
7899.921    1     
7933.254    1     
7966.587    1     
7999.920    1     
8033.253    1     
8066.586    1     
8099.919    1     
8133.252    1     
8166.585    1     
8199.918    1     
8233.251    1     
8266.584    1     
8299.917    1     
8333.250    1     
8366.583    1     
8399.916    1     
8433.249    1     
8466.582    1     
8499.915    1     
8533.248    1     
8566.581    1     
8599.914    1     
8633.247    1     
8666.580    1     
8699.913    1     
8733.246    1     
8766.579    1     
8799.912    1     
8833.245    1     
8866.578    1     
8899.911    1     
8933.244    1     
8966.577    1     
8999.910    1     
9033.243    1     
9066.576    1     
9099.909    1     
9133.242    1     
9166.575    1     
9199.908    1     
9233.241    1     
9266.574    1     
9299.907    1     
9333.240    1     
9366.573    1     
9399.906    1     
9433.239    1     
9466.572    1     
9499.905    1     
9533.238    1     
9566.571    1     
9599.904    1     
9633.237    1     
9666.570    1     
9699.903    1     
9733.236    1     
9766.569    1     
9799.902    1     
9833.235    1     
9866.568    1     
9899.901    1     
9933.234    1     
9966.567    1     
9999.900    1     
10033.233   1     
10066.566   1     
10099.899   1     
10133.232   1     
10166.565   1     
10199.898   1     
10233.231   1     
10266.564   1     
10299.897   1     
10333.230   1     
10366.563   1     
10399.896   1     
10433.229   1     
10466.562   1     
10499.895   1     
10533.228   1     
10566.561   1     
10599.894   1     
10633.227   1     
10666.560   1     
10699.893   1     
10733.226   1     
10766.559   1     
10799.892   1     
10833.225   1     
10866.558   1     
10899.891   1     
10933.224   1     
10966.557   1     
10999.890   1     
11033.223   1     
11066.556   1     
11099.889   1     
11133.222   1     
11166.555   1     
11199.888   1     
11233.221   1     
11266.554   1     
11299.887   1     
11333.220   1     
11366.553   1     
11399.886   1     
11433.219   1     
11466.552   1     
11499.885   1     
11533.218   1     
11566.551   1     
11599.884   1     
11633.217   1     
11666.550   1     
11699.883   1     
11733.216   1     
11766.549   1     
11799.882   1     
11833.215   1     
11866.548   1     
11899.881   1     
11933.214   1     
11966.547   1     
11999.880   1     
12033.213   1     
12066.546   1     
12099.879   1     
12133.212   1     
12166.545   1     
12199.878   1     
12233.211   1     
12266.544   1     
12299.877   1     
12333.210   1     
12366.543   1     
12399.876   1     
12433.209   1     
12466.542   1     
12499.875   1     
12533.208   1     
12566.541   1     
12599.874   1     
12633.207   1     
12666.540   1     
12699.873   1     
12733.206   1     
12766.539   1     
12799.872   1     
12833.205   1     
12866.538   1     
12899.871   1     
12933.204   1     
12966.537   1     
12999.870   1     
13033.203   1     
13066.536   1     
13099.869   1     
13133.202   1     
13166.535   1     
13199.868   1     
13233.201   1     
13266.534   1     
13299.867   1     
13333.200   1     
13366.533   1     
13399.866   1     
13433.199   1     
13466.532   1     
13499.865   1     
13533.198   1     
13566.531   1     
13599.864   1     
13633.197   1     
13666.530   1     
13699.863   1     
13733.196   1     
13766.529   1     
13799.862   1     
13833.195   1     
13866.528   1     
13899.861   1     
13933.194   1     
13966.527   1     
13999.860   1     
14033.193   1     
14066.526   1     
14099.859   1     
14133.192   1     
14166.525   1     
14199.858   1     
14233.191   1     
14266.524   1     
14299.857   1     
14333.190   1     
14366.523   1     
14399.856   1     
14433.189   1     
14466.522   1     
14499.855   1     
14533.188   1     
14566.521   1     
14599.854   1     
14633.187   1     
14666.520   1     
14699.853   1     
14733.186   1     
14766.519   1     
14799.852   1     
14833.185   1     
14866.518   1     
14899.851   1     
14933.184   1     
14966.517   1     
14999.850   1     
15033.183   1     
15066.516   1     
15099.849   1     
15133.182   1     
15166.515   1     
15199.848   1     
15233.181   1     
15266.514   1     
15299.847   1     
15333.180   1     
15366.513   1     
15399.846   1     
15433.179   1     
15466.512   1     
15499.845   1     
15533.178   1     
15566.511   1     
15599.844   1     
15633.177   1     
15666.510   1     
15699.843   1     
15733.176   1     
15766.509   1     
15799.842   1     
15833.175   1     
15866.508   1     
15899.841   1     
15933.174   1     
15966.507   1     
15999.840   1     
16033.173   1     
16066.506   1     
16099.839   1     
16133.172   1     
16166.505   1     
16199.838   1     
16233.171   1     
16266.504   1     
16299.837   1     
16333.170   1     
16366.503   1     
16399.836   1     
16433.169   1     
16466.502   1     
16499.835   1     
16533.168   1     
16566.501   1     
16599.834   1     
16633.167   1     
16666.500   1     
16699.833   1     
16733.166   1     
16766.499   1     
16799.832   1     
16833.165   1     
16866.498   1     
16899.831   1     
16933.164   1     
16966.497   1     
16999.830   1     
17033.163   1     
17066.496   1     
17099.829   1     
17133.162   1     
17166.495   1     
17199.828   1     
17233.161   1     
17266.494   1     
17299.827   1     
17333.160   1     
17366.493   1     
17399.826   1     
17433.159   1     
17466.492   1     
17499.825   1     
17533.158   1     
17566.491   1     
17599.824   1     
17633.157   1     
17666.490   1     
17699.823   1     
17733.156   1     
17766.489   1     
17799.822   1     
17833.155   1     
17866.488   1     
17899.821   1     
17933.154   1     
17966.487   1     
17999.820   1     
18033.153   1     
18066.486   1     
18099.819   1     
18133.152   1     
18166.485   1     
18199.818   1     
18233.151   1     
18266.484   1     
18299.817   1     
18333.150   1     
18366.483   1     
18399.816   1     
18433.149   1     
18466.482   1     
18499.815   1     
18533.148   1     
18566.481   1     
18599.814   1     
18633.147   1     
18666.480   1     
18699.813   1     
18733.146   1     
18766.479   1     
18799.812   1     
18833.145   1     
18866.478   1     
18899.811   1     
18933.144   1     
18966.477   1     
18999.810   1     
19033.143   1     
19066.476   1     
19099.809   1     
19133.142   1     
19166.475   1     
19199.808   1     
19233.141   1     
19266.474   1     
19299.807   1     
19333.140   1     
19366.473   1     
19399.806   1     
19433.139   1     
19466.472   1     
19499.805   1     
19533.138   1     
19566.471   1     
19599.804   1     
19633.137   1     
19666.470   1     
19699.803   1     
19733.136   1     
19766.469   1     
19799.802   1     
19833.135   1     
19866.468   1     
19899.801   1     
19933.134   1     
19966.467   1     
19999.800   1     
20033.133   1     
20066.466   1     
20099.799   1     
20133.132   1     
20166.465   1     
20199.798   1     
20233.131   1     
20266.464   1     
20299.797   1     
20333.130   1     
20366.463   1     
20399.796   1     
20433.129   1     
20466.462   1     
20499.795   1     
20533.128   1     
20566.461   1     
20599.794   1     
20633.127   2     
20666.460   2     
20699.793   2     
20733.126   2     
20766.459   2     
20799.792   2     
20833.125   2     
20866.458   2     
20899.791   2     
20933.124   2     
20966.457   2     
20999.790   2     
21033.123   2     
21066.456   2     
21099.789   2     
21133.122   2     
21166.455   2     
21199.788   2     
21233.121   2     
21266.454   2     
21299.787   2     
21333.120   2     
21366.453   2     
21399.786   2     
21433.119   2     
21466.452   2     
21499.785   2     
21533.118   2     
21566.451   2     
21599.784   2     
21633.117   2     
21666.450   2     
21699.783   2     
21733.116   2     
21766.449   2     
21799.782   2     
21833.115   2     
21866.448   2     
21899.781   2     
21933.114   2     
21966.447   2     
21999.780   2     
22033.113   2     
22066.446   2     
22099.779   2     
22133.112   2     
22166.445   2     
22199.778   2     
22233.111   2     
22266.444   2     
22299.777   2     
22333.110   2     
22366.443   2     
22399.776   2     
22433.109   2     
22466.442   2     
22499.775   2     
22533.108   2     
22566.441   2     
22599.774   2     
22633.107   2     
22666.440   2     
22699.773   2     
22733.106   2     
22766.439   2     
22799.772   2     
22833.105   2     
22866.438   2     
22899.771   2     
22933.104   2     
22966.437   2     
22999.770   2     
23033.103   2     
23066.436   2     
23099.769   2     
23133.102   2     
23166.435   2     
23199.768   2     
23233.101   2     
23266.434   2     
23299.767   2     
23333.100   2     
23366.433   2     
23399.766   2     
23433.099   2     
23466.432   2     
23499.765   2     
23533.098   2     
23566.431   2     
23599.764   2     
23633.097   2     
23666.430   2     
23699.763   2     
23733.096   2     
23766.429   2     
23799.762   2     
23833.095   2     
23866.428   2     
23899.761   2     
23933.094   2     
23966.427   2     
23999.760   2     
24033.093   2     
24066.426   2     
24099.759   2     
24133.092   2     
24166.425   2     
24199.758   2     
24233.091   2     
24266.424   2     
24299.757   2     
24333.090   2     
24366.423   2     
24399.756   2     
24433.089   2     
24466.422   2     
24499.755   2     
24533.088   2     
24566.421   2     
24599.754   2     
24633.087   2     
24666.420   2     
24699.753   2     
24733.086   2     
24766.419   2     
24799.752   2     
24833.085   2     
24866.418   2     
24899.751   2     
24933.084   2     
24966.417   2     
24999.750   2     
25033.083   2     
25066.416   2     
25099.749   2     
25133.082   2     
25166.415   2     
25199.748   2     
25233.081   2     
25266.414   2     
25299.747   2     
25333.080   2     
25366.413   2     
25399.746   2     
25433.079   2     
25466.412   2     
25499.745   2     
25533.078   2     
25566.411   2     
25599.744   2     
25633.077   2     
25666.410   2     
25699.743   2     
25733.076   2     
25766.409   2     
25799.742   2     
25833.075   2     
25866.408   2     
25899.741   2     
25933.074   2     
25966.407   2     
25999.740   2     
26033.073   2     
26066.406   2     
26099.739   2     
26133.072   2     
26166.405   2     
26199.738   2     
26233.071   2     
26266.404   2     
26299.737   2     
26333.070   2     
26366.403   2     
26399.736   2     
26433.069   2     
26466.402   2     
26499.735   2     
26533.068   2     
26566.401   2     
26599.734   2     
26633.067   2     
26666.400   2     
26699.733   2     
26733.066   2     
26766.399   2     
26799.732   2     
26833.065   2     
26866.398   2     
26899.731   2     
26933.064   2     
26966.397   2     
26999.730   2     
27033.063   2     
27066.396   2     
27099.729   2     
27133.062   2     
27166.395   2     
27199.728   2     
27233.061   2     
27266.394   2     
27299.727   2     
27333.060   2     
27366.393   2     
27399.726   2     
27433.059   2     
27466.392   2     
27499.725   2     
27533.058   2     
27566.391   2     
27599.724   2     
27633.057   2     
27666.390   2     
27699.723   2     
27733.056   2     
27766.389   2     
27799.722   2     
27833.055   2     
27866.388   2     
27899.721   2     
27933.054   2     
27966.387   2     
27999.720   2     
28033.053   2     
28066.386   2     
28099.719   2     
28133.052   2     
28166.385   2     
28199.718   2     
28233.051   2     
28266.384   2     
28299.717   2     
28333.050   2     
28366.383   2     
28399.716   2     
28433.049   2     
28466.382   2     
28499.715   2     
28533.048   2     
28566.381   2     
28599.714   2     
28633.047   2     
28666.380   2     
28699.713   2     
28733.046   2     
28766.379   2     
28799.712   2     
28833.045   2     
28866.378   2     
28899.711   2     
28933.044   2     
28966.377   2     
28999.710   2     
29033.043   2     
29066.376   2     
29099.709   2     
29133.042   2     
29166.375   2     
29199.708   2     
29233.041   2     
29266.374   2     
29299.707   2     
29333.040   2     
29366.373   2     
29399.706   2     
29433.039   2     
29466.372   2     
29499.705   2     
29533.038   2     
29566.371   2     
29599.704   2     
29633.037   2     
29666.370   2     
29699.703   2     
29733.036   2     
29766.369   2     
29799.702   2     
29833.035   2     
29866.368   2     
29899.701   3     
29933.034   3     
29966.367   3     
29999.700   3     
30033.033   3     
30066.366   3     
30099.699   3     
30133.032   3     
30166.365   3     
30199.698   3     
30233.031   3     
30266.364   3     
30299.697   3     
30333.030   3     
30366.363   3     
30399.696   3     
30433.029   3     
30466.362   3     
30499.695   3     
30533.028   3     
30566.361   3     
30599.694   3     
30633.027   3     
30666.360   3     
30699.693   3     
30733.026   3     
30766.359   3     
30799.692   3     
30833.025   3     
30866.358   3     
30899.691   3     
30933.024   3     
30966.357   3     
30999.690   3     
31033.023   3     
31066.356   3     
31099.689   3     
31133.022   3     
31166.355   3     
31199.688   3     
31233.021   3     
31266.354   3     
31299.687   3     
31333.020   3     
31366.353   3     
31399.686   3     
31433.019   3     
31466.352   3     
31499.685   3     
31533.018   3     
31566.351   3     
31599.684   3     
31633.017   3     
31666.350   3     
31699.683   3     
31733.016   3     
31766.349   3     
31799.682   3     
31833.015   3     
31866.348   3     
31899.681   3     
31933.014   3     
31966.347   3     
31999.680   3     
32033.013   3     
32066.346   3     
32099.679   3     
32133.012   3     
32166.345   3     
32199.678   3     
32233.011   3     
32266.344   3     
32299.677   3     
32333.010   3     
32366.343   3     
32399.676   3     
32433.009   3     
32466.342   3     
32499.675   3     
32533.008   3     
32566.341   3     
32599.674   3     
32633.007   3     
32666.340   3     
32699.673   3     
32733.006   3     
32766.339   3     
32799.672   3     
32833.005   3     
32866.338   3     
32899.671   3     
32933.004   3     
32966.337   4     
32999.670   4     
33033.003   4     
33066.336   4     
33099.669   4     
33133.002   4     
33166.335   4     
33199.668   4     
33233.001   4     
33266.334   4     
33299.667   4     
33333.000   4     
33366.333   4     
33399.666   4     
33432.999   4     
33466.332   4     
33499.665   4     
33532.998   4     
33566.331   4     
33599.664   4     
33632.997   4     
33666.330   4     
33699.663   4     
33732.996   4     
33766.329   4     
33799.662   4     
33832.995   4     
33866.328   4     
33899.661   4     
33932.994   4     
33966.327   4     
33999.660   4     
34032.993   4     
34066.326   4     
34099.659   4     
34132.992   4     
34166.325   4     
34199.658   4     
34232.991   4     
34266.324   4     
34299.657   4     
34332.990   4     
34366.323   4     
34399.656   4     
34432.989   4     
34466.322   4     
34499.655   4     
34532.988   4     
34566.321   4     
34599.654   4     
34632.987   4     
34666.320   4     
34699.653   4     
34732.986   4     
34766.319   4     
34799.652   4     
34832.985   4     
34866.318   4     
34899.651   4     
34932.984   4     
34966.317   4     
34999.650   4     
35032.983   4     
35066.316   4     
35099.649   4     
35132.982   4     
35166.315   4     
35199.648   4     
35232.981   4     
35266.314   4     
35299.647   4     
35332.980   4     
35366.313   4     
35399.646   4     
35432.979   4     
35466.312   4     
35499.645   4     
35532.978   4     
35566.311   4     
35599.644   4     
35632.977   4     
35666.310   4     
35699.643   4     
35732.976   4     
35766.309   4     
35799.642   4     
35832.975   4     
35866.308   4     
35899.641   4     
35932.974   4     
35966.307   4     
35999.640   4     
36032.973   4     
36066.306   4     
36099.639   4     
36132.972   4     
36166.305   4     
36199.638   4     
36232.971   4     
36266.304   4     
36299.637   4     
36332.970   4     
36366.303   4     
36399.636   4     
36432.969   4     
36466.302   4     
36499.635   4     
36532.968   4     
36566.301   4     
36599.634   4     
36632.967   4     
36666.300   4     
36699.633   4     
36732.966   4     
36766.299   4     
36799.632   4     
36832.965   7     
36866.298   7     
36899.631   7     
36932.964   7     
36966.297   7     
36999.630   7     
37032.963   7     
37066.296   7     
37099.629   7     
37132.962   7     
37166.295   7     
37199.628   7     
37232.961   7     
37266.294   7     
37299.627   7     
37332.960   7     
37366.293   7     
37399.626   7     
37432.959   7     
37466.292   7     
37499.625   7     
37532.958   7     
37566.291   7     
37599.624   7     
37632.957   7     
37666.290   7     
37699.623   7     
37732.956   7     
37766.289   7     
37799.622   7     
37832.955   7     
37866.288   7     
37899.621   7     
37932.954   7     
37966.287   7     
37999.620   7     
38032.953   7     
38066.286   7     
38099.619   7     
38132.952   7     
38166.285   7     
38199.618   7     
38232.951   7     
38266.284   7     
38299.617   7     
38332.950   7     
38366.283   7     
38399.616   7     
38432.949   7     
38466.282   7     
38499.615   7     
38532.948   7     
38566.281   7     
38599.614   7     
38632.947   7     
38666.280   7     
38699.613   7     
38732.946   7     
38766.279   7     
38799.612   7     
38832.945   7     
38866.278   7     
38899.611   7     
38932.944   7     
38966.277   7     
38999.610   7     
39032.943   7     
39066.276   7     
39099.609   7     
39132.942   7     
39166.275   7     
39199.608   7     
39232.941   7     
39266.274   7     
39299.607   7     
39332.940   7     
39366.273   7     
39399.606   7     
39432.939   7     
39466.272   7     
39499.605   7     
39532.938   7     
39566.271   7     
39599.604   7     
39632.937   7     
39666.270   7     
39699.603   7     
39732.936   7     
39766.269   7     
39799.602   7     
39832.935   7     
39866.268   7     
39899.601   7     
39932.934   7     
39966.267   7     
39999.600   7     
40032.933   7     
40066.266   7     
40099.599   7     
40132.932   7     
40166.265   7     
40199.598   7     
40232.931   7     
40266.264   7     
40299.597   7     
40332.930   7     
40366.263   7     
40399.596   7     
40432.929   7     
40466.262   7     
40499.595   7     
40532.928   7     
40566.261   7     
40599.594   7     
40632.927   7     
40666.260   7     
40699.593   7     
40732.926   7     
40766.259   7     
40799.592   7     
40832.925   7     
40866.258   7     
40899.591   7     
40932.924   7     
40966.257   7     
40999.590   7     
41032.923   7     
41066.256   7     
41099.589   7     
41132.922   7     
41166.255   7     
41199.588   7     
41232.921   7     
41266.254   7     
41299.587   7     
41332.920   7     
41366.253   7     
41399.586   7     
41432.919   7     
41466.252   7     
41499.585   7     
41532.918   7     
41566.251   7     
41599.584   7     
41632.917   7     
41666.250   7     
41699.583   7     
41732.916   7     
41766.249   7     
41799.582   8     
41832.915   8     
41866.248   8     
41899.581   8     
41932.914   8     
41966.247   8     
41999.580   8     
42032.913   8     
42066.246   8     
42099.579   8     
42132.912   8     
42166.245   8     
42199.578   8     
42232.911   8     
42266.244   8     
42299.577   8     
42332.910   8     
42366.243   8     
42399.576   8     
42432.909   8     
42466.242   8     
42499.575   8     
42532.908   8     
42566.241   8     
42599.574   8     
42632.907   8     
42666.240   8     
42699.573   8     
42732.906   8     
42766.239   8     
42799.572   8     
42832.905   8     
42866.238   8     
42899.571   8     
42932.904   8     
42966.237   8     
42999.570   8     
43032.903   8     
43066.236   8     
43099.569   8     
43132.902   8     
43166.235   8     
43199.568   8     
43232.901   8     
43266.234   8     
43299.567   8     
43332.900   8     
43366.233   8     
43399.566   8     
43432.899   8     
43466.232   8     
43499.565   8     
43532.898   8     
43566.231   8     
43599.564   8     
43632.897   8     
43666.230   8     
43699.563   8     
43732.896   8     
43766.229   8     
43799.562   8     
43832.895   8     
43866.228   8     
43899.561   8     
43932.894   8     
43966.227   8     
43999.560   8     
44032.893   8     
44066.226   8     
44099.559   8     
44132.892   8     
44166.225   8     
44199.558   8     
44232.891   8     
44266.224   8     
44299.557   8     
44332.890   8     
44366.223   8     
44399.556   8     
44432.889   8     
44466.222   8     
44499.555   8     
44532.888   8     
44566.221   8     
44599.554   8     
44632.887   8     
44666.220   8     
44699.553   8     
44732.886   8     
44766.219   8     
44799.552   8     
44832.885   8     
44866.218   8     
44899.551   8     
44932.884   8     
44966.217   8     
44999.550   8     
45032.883   8     
45066.216   8     
45099.549   8     
45132.882   8     
45166.215   8     
45199.548   8     
45232.881   8     
45266.214   8     
45299.547   8     
45332.880   8     
45366.213   8     
45399.546   8     
45432.879   8     
45466.212   8     
45499.545   8     
45532.878   8     
45566.211   8     
45599.544   8     
45632.877   8     
45666.210   8     
45699.543   8     
45732.876   8     
45766.209   8     
45799.542   8     
45832.875   8     
45866.208   8     
45899.541   8     
45932.874   8     
45966.207   8     
45999.540   8     
46032.873   8     
46066.206   8     
46099.539   8     
46132.872   8     
46166.205   8     
46199.538   8     
46232.871   8     
46266.204   8     
46299.537   8     
46332.870   8     
46366.203   8     
46399.536   8     
46432.869   8     
46466.202   8     
46499.535   8     
46532.868   8     
46566.201   8     
46599.534   8     
46632.867   8     
46666.200   8     
46699.533   8     
46732.866   8     
46766.199   8     
46799.532   8     
46832.865   8     
46866.198   8     
46899.531   8     
46932.864   8     
46966.197   8     
46999.530   8     
47032.863   8     
47066.196   8     
47099.529   8     
47132.862   8     
47166.195   8     
47199.528   8     
47232.861   8     
47266.194   8     
47299.527   8     
47332.860   8     
47366.193   8     
47399.526   8     
47432.859   8     
47466.192   8     
47499.525   8     
47532.858   8     
47566.191   8     
47599.524   8     
47632.857   3     
47666.190   3     
47699.523   3     
47732.856   3     
47766.189   3     
47799.522   3     
47832.855   3     
47866.188   3     
47899.521   3     
47932.854   3     
47966.187   3     
47999.520   3     
48032.853   3     
48066.186   3     
48099.519   3     
48132.852   3     
48166.185   3     
48199.518   3     
48232.851   3     
48266.184   3     
48299.517   3     
48332.850   3     
48366.183   3     
48399.516   3     
48432.849   3     
48466.182   3     
48499.515   3     
48532.848   3     
48566.181   3     
48599.514   3     
48632.847   3     
48666.180   3     
48699.513   3     
48732.846   3     
48766.179   3     
48799.512   3     
48832.845   3     
48866.178   3     
48899.511   3     
48932.844   3     
48966.177   3     
48999.510   3     
49032.843   3     
49066.176   3     
49099.509   3     
49132.842   3     
49166.175   3     
49199.508   3     
49232.841   3     
49266.174   3     
49299.507   3     
49332.840   3     
49366.173   3     
49399.506   3     
49432.839   3     
49466.172   3     
49499.505   3     
49532.838   3     
49566.171   3     
49599.504   3     
49632.837   3     
49666.170   3     
49699.503   3     
49732.836   3     
49766.169   3     
49799.502   3     
49832.835   3     
49866.168   3     
49899.501   3     
49932.834   3     
49966.167   3     
49999.500   3     
50032.833   3     
50066.166   3     
50099.499   3     
50132.832   3     
50166.165   3     
50199.498   3     
50232.831   3     
50266.164   3     
50299.497   3     
50332.830   3     
50366.163   3     
50399.496   3     
50432.829   3     
50466.162   3     
50499.495   3     
50532.828   3     
50566.161   3     
50599.494   3     
50632.827   3     
50666.160   3     
50699.493   3     
50732.826   3     
50766.159   3     
50799.492   3     
50832.825   3     
50866.158   3     
50899.491   3     
50932.824   3     
50966.157   3     
50999.490   3     
51032.823   3     
51066.156   3     
51099.489   3     
51132.822   3     
51166.155   3     
51199.488   3     
51232.821   3     
51266.154   3     
51299.487   3     
51332.820   3     
51366.153   3     
51399.486   3     
51432.819   3     
51466.152   3     
51499.485   3     
51532.818   3     
51566.151   3     
51599.484   5     
51632.817   5     
51666.150   5     
51699.483   5     
51732.816   5     
51766.149   5     
51799.482   5     
51832.815   5     
51866.148   5     
51899.481   5     
51932.814   5     
51966.147   5     
51999.480   5     
52032.813   5     
52066.146   5     
52099.479   5     
52132.812   5     
52166.145   5     
52199.478   5     
52232.811   5     
52266.144   5     
52299.477   5     
52332.810   5     
52366.143   5     
52399.476   5     
52432.809   5     
52466.142   5     
52499.475   5     
52532.808   5     
52566.141   5     
52599.474   5     
52632.807   5     
52666.140   5     
52699.473   5     
52732.806   5     
52766.139   5     
52799.472   5     
52832.805   5     
52866.138   5     
52899.471   5     
52932.804   5     
52966.137   5     
52999.470   5     
53032.803   5     
53066.136   5     
53099.469   5     
53132.802   5     
53166.135   5     
53199.468   5     
53232.801   5     
53266.134   5     
53299.467   5     
53332.800   5     
53366.133   5     
53399.466   5     
53432.799   5     
53466.132   5     
53499.465   5     
53532.798   5     
53566.131   5     
53599.464   5     
53632.797   5     
53666.130   5     
53699.463   5     
53732.796   5     
53766.129   5     
53799.462   5     
53832.795   5     
53866.128   7     
53899.461   7     
53932.794   7     
53966.127   7     
53999.460   7     
54032.793   7     
54066.126   7     
54099.459   7     
54132.792   7     
54166.125   7     
54199.458   7     
54232.791   7     
54266.124   7     
54299.457   7     
54332.790   7     
54366.123   7     
54399.456   7     
54432.789   7     
54466.122   7     
54499.455   7     
54532.788   7     
54566.121   7     
54599.454   7     
54632.787   7     
54666.120   7     
54699.453   7     
54732.786   7     
54766.119   7     
54799.452   7     
54832.785   7     
54866.118   7     
54899.451   7     
54932.784   7     
54966.117   7     
54999.450   7     
55032.783   7     
55066.116   7     
55099.449   7     
55132.782   7     
55166.115   7     
55199.448   7     
55232.781   7     
55266.114   7     
55299.447   7     
55332.780   7     
55366.113   7     
55399.446   7     
55432.779   7     
55466.112   7     
55499.445   7     
55532.778   7     
55566.111   7     
55599.444   7     
55632.777   7     
55666.110   7     
55699.443   7     
55732.776   7     
55766.109   7     
55799.442   7     
55832.775   7     
55866.108   7     
55899.441   7     
55932.774   7     
55966.107   7     
55999.440   7     
56032.773   7     
56066.106   7     
56099.439   7     
56132.772   7     
56166.105   7     
56199.438   7     
56232.771   7     
56266.104   7     
56299.437   7     
56332.770   7     
56366.103   7     
56399.436   7     
56432.769   7     
56466.102   7     
56499.435   7     
56532.768   7     
56566.101   7     
56599.434   7     
56632.767   7     
56666.100   7     
56699.433   7     
56732.766   7     
56766.099   7     
56799.432   7     
56832.765   7     
56866.098   7     
56899.431   7     
56932.764   7     
56966.097   7     
56999.430   7     
57032.763   7     
57066.096   7     
57099.429   7     
57132.762   7     
57166.095   7     
57199.428   7     
57232.761   7     
57266.094   7     
57299.427   7     
57332.760   7     
57366.093   7     
57399.426   7     
57432.759   7     
57466.092   7     
57499.425   7     
57532.758   7     
57566.091   7     
57599.424   7     
57632.757   7     
57666.090   7     
57699.423   7     
57732.756   7     
57766.089   7     
57799.422   7     
57832.755   7     
57866.088   7     
57899.421   7     
57932.754   7     
57966.087   7     
57999.420   7     
58032.753   7     
58066.086   7     
58099.419   7     
58132.752   7     
58166.085   7     
58199.418   7     
58232.751   7     
58266.084   7     
58299.417   7     
58332.750   7     
58366.083   7     
58399.416   7     
58432.749   7     
58466.082   7     
58499.415   7     
58532.748   7     
58566.081   7     
58599.414   7     
58632.747   7     
58666.080   7     
58699.413   7     
58732.746   7     
58766.079   7     
58799.412   7     
58832.745   7     
58866.078   7     
58899.411   7     
58932.744   7     
58966.077   7     
58999.410   7     
59032.743   7     
59066.076   7     
59099.409   7     
59132.742   7     
59166.075   7     
59199.408   7     
59232.741   7     
59266.074   7     
59299.407   7     
59332.740   7     
59366.073   7     
59399.406   7     
59432.739   7     
59466.072   7     
59499.405   7     
59532.738   7     
59566.071   7     
59599.404   7     
59632.737   7     
59666.070   7     
59699.403   7     
59732.736   7     
59766.069   7     
59799.402   7     
59832.735   7     
59866.068   7     
59899.401   7     
59932.734   7     
59966.067   7     
59999.400   7     
60032.733   7     
60066.066   7     
60099.399   7     
60132.732   7     
60166.065   7     
60199.398   7     
60232.731   7     
60266.064   7     
60299.397   7     
60332.730   7     
60366.063   7     
60399.396   7     
60432.729   7     
60466.062   7     
60499.395   7     
60532.728   7     
60566.061   7     
60599.394   7     
60632.727   7     
60666.060   7     
60699.393   7     
60732.726   7     
60766.059   7     
60799.392   7     
60832.725   7     
60866.058   7     
60899.391   7     
60932.724   7     
60966.057   7     
60999.390   7     
61032.723   7     
61066.056   7     
61099.389   7     
61132.722   7     
61166.055   7     
61199.388   7     
61232.721   7     
61266.054   7     
61299.387   7     
61332.720   7     
61366.053   7     
61399.386   7     
61432.719   7     
61466.052   7     
61499.385   7     
61532.718   7     
61566.051   7     
61599.384   7     
61632.717   7     
61666.050   7     
61699.383   7     
61732.716   7     
61766.049   7     
61799.382   7     
61832.715   7     
61866.048   7     
61899.381   7     
61932.714   7     
61966.047   7     
61999.380   7     
62032.713   7     
62066.046   7     
62099.379   7     
62132.712   7     
62166.045   7     
62199.378   7     
62232.711   7     
62266.044   7     
62299.377   7     
62332.710   7     
62366.043   7     
62399.376   7     
62432.709   7     
62466.042   7     
62499.375   7     
62532.708   7     
62566.041   7     
62599.374   7     
62632.707   7     
62666.040   7     
62699.373   7     
62732.706   7     
62766.039   7     
62799.372   7     
62832.705   7     
62866.038   7     
62899.371   7     
62932.704   7     
62966.037   7     
62999.370   7     
63032.703   7     
63066.036   7     
63099.369   7     
63132.702   7     
63166.035   7     
63199.368   8     
63232.701   8     
63266.034   8     
63299.367   8     
63332.700   8     
63366.033   8     
63399.366   8     
63432.699   8     
63466.032   8     
63499.365   8     
63532.698   8     
63566.031   8     
63599.364   8     
63632.697   8     
63666.030   8     
63699.363   8     
63732.696   8     
63766.029   8     
63799.362   8     
63832.695   8     
63866.028   8     
63899.361   8     
63932.694   8     
63966.027   8     
63999.360   8     
64032.693   8     
64066.026   8     
64099.359   8     
64132.692   8     
64166.025   8     
64199.358   8     
64232.691   8     
64266.024   8     
64299.357   8     
64332.690   8     
64366.023   8     
64399.356   8     
64432.689   8     
64466.022   8     
64499.355   8     
64532.688   8     
64566.021   8     
64599.354   8     
64632.687   8     
64666.020   8     
64699.353   8     
64732.686   8     
64766.019   8     
64799.352   8     
64832.685   8     
64866.018   8     
64899.351   8     
64932.684   8     
64966.017   8     
64999.350   8     
65032.683   8     
65066.016   8     
65099.349   8     
65132.682   8     
65166.015   8     
65199.348   8     
65232.681   8     
65266.014   8     
65299.347   8     
65332.680   8     
65366.013   8     
65399.346   8     
65432.679   8     
65466.012   8     
65499.345   8     
65532.678   8     
65566.011   8     
65599.344   8     
65632.677   8     
65666.010   8     
65699.343   8     
65732.676   8     
65766.009   8     
65799.342   8     
65832.675   8     
65866.008   8     
65899.341   8     
65932.674   8     
65966.007   8     
65999.340   8     
66032.673   8     
66066.006   8     
66099.339   8     
66132.672   8     
66166.005   8     
66199.338   8     
66232.671   8     
66266.004   8     
66299.337   8     
66332.670   8     
66366.003   8     
66399.336   8     
66432.669   8     
66466.002   8     
66499.335   8     
66532.668   8     
66566.001   8     
66599.334   8     
66632.667   8     
66666.000   8     
66699.333   8     
66732.666   8     
66765.999   8     
66799.332   8     
66832.665   8     
66865.998   8     
66899.331   8     
66932.664   8     
66965.997   8     
66999.330   8     
67032.663   8     
67065.996   8     
67099.329   8     
67132.662   8     
67165.995   8     
67199.328   8     
67232.661   8     
67265.994   8     
67299.327   8     
67332.660   8     
67365.993   8     
67399.326   8     
67432.659   8     
67465.992   8     
67499.325   8     
67532.658   8     
67565.991   8     
67599.324   8     
67632.657   8     
67665.990   8     
67699.323   8     
67732.656   8     
67765.989   8     
67799.322   8     
67832.655   8     
67865.988   8     
67899.321   8     
67932.654   8     
67965.987   8     
67999.320   8     
68032.653   8     
68065.986   8     
68099.319   8     
68132.652   8     
68165.985   8     
68199.318   8     
68232.651   8     
68265.984   8     
68299.317   8     
68332.650   8     
68365.983   8     
68399.316   8     
68432.649   8     
68465.982   3     
68499.315   3     
68532.648   3     
68565.981   3     
68599.314   3     
68632.647   3     
68665.980   3     
68699.313   3     
68732.646   3     
68765.979   3     
68799.312   3     
68832.645   3     
68865.978   3     
68899.311   3     
68932.644   3     
68965.977   3     
68999.310   3     
69032.643   3     
69065.976   3     
69099.309   3     
69132.642   3     
69165.975   3     
69199.308   3     
69232.641   3     
69265.974   3     
69299.307   3     
69332.640   3     
69365.973   3     
69399.306   3     
69432.639   3     
69465.972   3     
69499.305   3     
69532.638   3     
69565.971   3     
69599.304   3     
69632.637   3     
69665.970   3     
69699.303   3     
69732.636   3     
69765.969   3     
69799.302   3     
69832.635   3     
69865.968   3     
69899.301   3     
69932.634   3     
69965.967   3     
69999.300   3     
70032.633   3     
70065.966   3     
70099.299   3     
70132.632   3     
70165.965   3     
70199.298   3     
70232.631   3     
70265.964   3     
70299.297   3     
70332.630   3     
70365.963   3     
70399.296   3     
70432.629   3     
70465.962   3     
70499.295   3     
70532.628   3     
70565.961   3     
70599.294   3     
70632.627   3     
70665.960   3     
70699.293   3     
70732.626   3     
70765.959   3     
70799.292   3     
70832.625   3     
70865.958   3     
70899.291   3     
70932.624   3     
70965.957   3     
70999.290   3     
71032.623   3     
71065.956   3     
71099.289   3     
71132.622   3     
71165.955   3     
71199.288   3     
71232.621   3     
71265.954   3     
71299.287   3     
71332.620   3     
71365.953   3     
71399.286   3     
71432.619   3     
71465.952   3     
71499.285   3     
71532.618   3     
71565.951   3     
71599.284   3     
71632.617   3     
71665.950   3     
71699.283   3     
71732.616   3     
71765.949   3     
71799.282   3     
71832.615   3     
71865.948   3     
71899.281   3     
71932.614   3     
71965.947   3     
71999.280   3     
72032.613   3     
72065.946   3     
72099.279   3     
72132.612   3     
72165.945   3     
72199.278   3     
72232.611   3     
72265.944   3     
72299.277   3     
72332.610   3     
72365.943   3     
72399.276   3     
72432.609   3     
72465.942   3     
72499.275   3     
72532.608   3     
72565.941   3     
72599.274   3     
72632.607   3     
72665.940   3     
72699.273   6     
72732.606   6     
72765.939   6     
72799.272   6     
72832.605   6     
72865.938   6     
72899.271   6     
72932.604   6     
72965.937   6     
72999.270   6     
73032.603   6     
73065.936   6     
73099.269   6     
73132.602   6     
73165.935   6     
73199.268   6     
73232.601   6     
73265.934   6     
73299.267   6     
73332.600   6     
73365.933   6     
73399.266   6     
73432.599   6     
73465.932   6     
73499.265   6     
73532.598   6     
73565.931   6     
73599.264   6     
73632.597   6     
73665.930   6     
73699.263   6     
73732.596   6     
73765.929   6     
73799.262   6     
73832.595   6     
73865.928   6     
73899.261   6     
73932.594   6     
73965.927   6     
73999.260   6     
74032.593   6     
74065.926   6     
74099.259   6     
74132.592   6     
74165.925   6     
74199.258   6     
74232.591   6     
74265.924   6     
74299.257   6     
74332.590   6     
74365.923   6     
74399.256   6     
74432.589   6     
74465.922   6     
74499.255   6     
74532.588   6     
74565.921   6     
74599.254   6     
74632.587   6     
74665.920   6     
74699.253   6     
74732.586   6     
74765.919   6     
74799.252   6     
74832.585   6     
74865.918   6     
74899.251   6     
74932.584   6     
74965.917   6     
74999.250   7     
75032.583   7     
75065.916   7     
75099.249   7     
75132.582   7     
75165.915   7     
75199.248   7     
75232.581   7     
75265.914   7     
75299.247   7     
75332.580   7     
75365.913   7     
75399.246   7     
75432.579   7     
75465.912   7     
75499.245   7     
75532.578   7     
75565.911   7     
75599.244   7     
75632.577   7     
75665.910   7     
75699.243   7     
75732.576   7     
75765.909   7     
75799.242   7     
75832.575   7     
75865.908   7     
75899.241   7     
75932.574   7     
75965.907   7     
75999.240   7     
76032.573   7     
76065.906   7     
76099.239   7     
76132.572   7     
76165.905   7     
76199.238   7     
76232.571   7     
76265.904   7     
76299.237   7     
76332.570   7     
76365.903   7     
76399.236   7     
76432.569   7     
76465.902   7     
76499.235   7     
76532.568   7     
76565.901   7     
76599.234   7     
76632.567   7     
76665.900   7     
76699.233   7     
76732.566   7     
76765.899   7     
76799.232   7     
76832.565   7     
76865.898   7     
76899.231   7     
76932.564   7     
76965.897   7     
76999.230   7     
77032.563   7     
77065.896   7     
77099.229   7     
77132.562   7     
77165.895   7     
77199.228   7     
77232.561   7     
77265.894   7     
77299.227   7     
77332.560   7     
77365.893   7     
77399.226   7     
77432.559   7     
77465.892   7     
77499.225   7     
77532.558   7     
77565.891   7     
77599.224   7     
77632.557   7     
77665.890   7     
77699.223   7     
77732.556   7     
77765.889   7     
77799.222   7     
77832.555   7     
77865.888   7     
77899.221   7     
77932.554   7     
77965.887   7     
77999.220   7     
78032.553   7     
78065.886   7     
78099.219   7     
78132.552   7     
78165.885   7     
78199.218   7     
78232.551   7     
78265.884   7     
78299.217   7     
78332.550   7     
78365.883   7     
78399.216   7     
78432.549   7     
78465.882   7     
78499.215   7     
78532.548   7     
78565.881   7     
78599.214   7     
78632.547   7     
78665.880   7     
78699.213   7     
78732.546   7     
78765.879   7     
78799.212   7     
78832.545   7     
78865.878   7     
78899.211   7     
78932.544   7     
78965.877   7     
78999.210   7     
79032.543   7     
79065.876   7     
79099.209   7     
79132.542   7     
79165.875   7     
79199.208   7     
79232.541   7     
79265.874   7     
79299.207   7     
79332.540   7     
79365.873   7     
79399.206   7     
79432.539   7     
79465.872   7     
79499.205   7     
79532.538   7     
79565.871   7     
79599.204   7     
79632.537   7     
79665.870   7     
79699.203   7     
79732.536   7     
79765.869   7     
79799.202   7     
79832.535   7     
79865.868   7     
79899.201   7     
79932.534   7     
79965.867   7     
79999.200   7     
80032.533   7     
80065.866   7     
80099.199   7     
80132.532   7     
80165.865   7     
80199.198   7     
80232.531   7     
80265.864   7     
80299.197   7     
80332.530   7     
80365.863   7     
80399.196   7     
80432.529   7     
80465.862   7     
80499.195   7     
80532.528   7     
80565.861   7     
80599.194   7     
80632.527   7     
80665.860   7     
80699.193   7     
80732.526   7     
80765.859   7     
80799.192   7     
80832.525   7     
80865.858   7     
80899.191   7     
80932.524   8     
80965.857   8     
80999.190   8     
81032.523   8     
81065.856   8     
81099.189   8     
81132.522   8     
81165.855   8     
81199.188   8     
81232.521   8     
81265.854   8     
81299.187   8     
81332.520   8     
81365.853   8     
81399.186   8     
81432.519   8     
81465.852   8     
81499.185   8     
81532.518   8     
81565.851   8     
81599.184   8     
81632.517   8     
81665.850   8     
81699.183   8     
81732.516   8     
81765.849   8     
81799.182   8     
81832.515   8     
81865.848   8     
81899.181   8     
81932.514   8     
81965.847   8     
81999.180   8     
82032.513   8     
82065.846   8     
82099.179   8     
82132.512   8     
82165.845   8     
82199.178   8     
82232.511   8     
82265.844   8     
82299.177   8     
82332.510   8     
82365.843   8     
82399.176   8     
82432.509   8     
82465.842   8     
82499.175   8     
82532.508   8     
82565.841   8     
82599.174   8     
82632.507   8     
82665.840   8     
82699.173   8     
82732.506   8     
82765.839   8     
82799.172   8     
82832.505   8     
82865.838   8     
82899.171   8     
82932.504   8     
82965.837   8     
82999.170   8     
83032.503   8     
83065.836   8     
83099.169   8     
83132.502   8     
83165.835   8     
83199.168   8     
83232.501   8     
83265.834   8     
83299.167   8     
83332.500   8     
83365.833   8     
83399.166   8     
83432.499   8     
83465.832   8     
83499.165   8     
83532.498   8     
83565.831   8     
83599.164   8     
83632.497   8     
83665.830   8     
83699.163   8     
83732.496   8     
83765.829   8     
83799.162   8     
83832.495   8     
83865.828   8     
83899.161   8     
83932.494   8     
83965.827   8     
83999.160   8     
84032.493   8     
84065.826   8     
84099.159   8     
84132.492   8     
84165.825   8     
84199.158   8     
84232.491   8     
84265.824   8     
84299.157   8     
84332.490   8     
84365.823   8     
84399.156   8     
84432.489   8     
84465.822   8     
84499.155   8     
84532.488   8     
84565.821   8     
84599.154   8     
84632.487   8     
84665.820   8     
84699.153   8     
84732.486   8     
84765.819   8     
84799.152   8     
84832.485   8     
84865.818   8     
84899.151   8     
84932.484   8     
84965.817   8     
84999.150   8     
85032.483   8     
85065.816   8     
85099.149   8     
85132.482   8     
85165.815   8     
85199.148   8     
85232.481   8     
85265.814   8     
85299.147   8     
85332.480   8     
85365.813   8     
85399.146   8     
85432.479   9     
85465.812   9     
85499.145   9     
85532.478   9     
85565.811   9     
85599.144   9     
85632.477   9     
85665.810   9     
85699.143   9     
85732.476   9     
85765.809   9     
85799.142   9     
85832.475   9     
85865.808   9     
85899.141   9     
85932.474   9     
85965.807   9     
85999.140   9     
86032.473   9     
86065.806   9     
86099.139   9     
86132.472   9     
86165.805   9     
86199.138   9     
86232.471   9     
86265.804   9     
86299.137   9     
86332.470   9     
86365.803   9     
86399.136   9     
86432.469   9     
86465.802   9     
86499.135   9     
86532.468   9     
86565.801   9     
86599.134   9     
86632.467   9     
86665.800   9     
