Time (ms)   Label 
0.000       9     
33.333      9     
66.666      9     
99.999      9     
133.332     9     
166.665     9     
199.998     9     
233.331     9     
266.664     9     
299.997     9     
333.330     9     
366.663     9     
399.996     9     
433.329     9     
466.662     9     
499.995     9     
533.328     9     
566.661     9     
599.994     9     
633.327     9     
666.660     9     
699.993     9     
733.326     9     
766.659     9     
799.992     9     
833.325     9     
866.658     9     
899.991     9     
933.324     9     
966.657     9     
999.990     9     
1033.323    9     
1066.656    9     
1099.989    9     
1133.322    9     
1166.655    9     
1199.988    9     
1233.321    9     
1266.654    9     
1299.987    9     
1333.320    9     
1366.653    9     
1399.986    9     
1433.319    9     
1466.652    9     
1499.985    9     
1533.318    9     
1566.651    9     
1599.984    9     
1633.317    9     
1666.650    9     
1699.983    9     
1733.316    9     
1766.649    9     
1799.982    9     
1833.315    9     
1866.648    9     
1899.981    1     
1933.314    1     
1966.647    1     
1999.980    1     
2033.313    1     
2066.646    1     
2099.979    1     
2133.312    1     
2166.645    1     
2199.978    1     
2233.311    1     
2266.644    1     
2299.977    1     
2333.310    1     
2366.643    1     
2399.976    1     
2433.309    1     
2466.642    1     
2499.975    1     
2533.308    1     
2566.641    1     
2599.974    1     
2633.307    1     
2666.640    1     
2699.973    1     
2733.306    1     
2766.639    1     
2799.972    1     
2833.305    1     
2866.638    1     
2899.971    1     
2933.304    1     
2966.637    1     
2999.970    1     
3033.303    1     
3066.636    1     
3099.969    1     
3133.302    1     
3166.635    1     
3199.968    1     
3233.301    1     
3266.634    1     
3299.967    1     
3333.300    1     
3366.633    1     
3399.966    1     
3433.299    1     
3466.632    1     
3499.965    1     
3533.298    1     
3566.631    1     
3599.964    1     
3633.297    1     
3666.630    1     
3699.963    1     
3733.296    1     
3766.629    1     
3799.962    1     
3833.295    1     
3866.628    1     
3899.961    1     
3933.294    1     
3966.627    1     
3999.960    1     
4033.293    1     
4066.626    1     
4099.959    1     
4133.292    1     
4166.625    1     
4199.958    1     
4233.291    1     
4266.624    1     
4299.957    1     
4333.290    1     
4366.623    1     
4399.956    1     
4433.289    1     
4466.622    1     
4499.955    1     
4533.288    1     
4566.621    1     
4599.954    1     
4633.287    1     
4666.620    1     
4699.953    1     
4733.286    1     
4766.619    1     
4799.952    1     
4833.285    1     
4866.618    1     
4899.951    1     
4933.284    1     
4966.617    1     
4999.950    1     
5033.283    1     
5066.616    1     
5099.949    1     
5133.282    1     
5166.615    1     
5199.948    1     
5233.281    1     
5266.614    1     
5299.947    1     
5333.280    1     
5366.613    1     
5399.946    1     
5433.279    1     
5466.612    1     
5499.945    1     
5533.278    1     
5566.611    1     
5599.944    1     
5633.277    1     
5666.610    1     
5699.943    1     
5733.276    1     
5766.609    1     
5799.942    1     
5833.275    1     
5866.608    1     
5899.941    1     
5933.274    1     
5966.607    1     
5999.940    1     
6033.273    1     
6066.606    1     
6099.939    1     
6133.272    1     
6166.605    1     
6199.938    1     
6233.271    1     
6266.604    1     
6299.937    1     
6333.270    1     
6366.603    1     
6399.936    1     
6433.269    1     
6466.602    1     
6499.935    1     
6533.268    1     
6566.601    1     
6599.934    1     
6633.267    1     
6666.600    1     
6699.933    1     
6733.266    1     
6766.599    1     
6799.932    1     
6833.265    1     
6866.598    1     
6899.931    1     
6933.264    1     
6966.597    1     
6999.930    1     
7033.263    1     
7066.596    1     
7099.929    1     
7133.262    1     
7166.595    1     
7199.928    1     
7233.261    1     
7266.594    1     
7299.927    1     
7333.260    1     
7366.593    1     
7399.926    1     
7433.259    1     
7466.592    1     
7499.925    1     
7533.258    1     
7566.591    1     
7599.924    1     
7633.257    1     
7666.590    1     
7699.923    1     
7733.256    1     
7766.589    1     
7799.922    1     
7833.255    1     
7866.588    1     
7899.921    1     
7933.254    1     
7966.587    1     
7999.920    1     
8033.253    1     
8066.586    1     
8099.919    1     
8133.252    1     
8166.585    1     
8199.918    1     
8233.251    1     
8266.584    1     
8299.917    1     
8333.250    1     
8366.583    1     
8399.916    1     
8433.249    1     
8466.582    1     
8499.915    1     
8533.248    1     
8566.581    1     
8599.914    1     
8633.247    1     
8666.580    1     
8699.913    1     
8733.246    1     
8766.579    1     
8799.912    1     
8833.245    1     
8866.578    1     
8899.911    1     
8933.244    1     
8966.577    1     
8999.910    1     
9033.243    1     
9066.576    1     
9099.909    1     
9133.242    1     
9166.575    1     
9199.908    1     
9233.241    1     
9266.574    1     
9299.907    1     
9333.240    1     
9366.573    1     
9399.906    1     
9433.239    1     
9466.572    1     
9499.905    1     
9533.238    1     
9566.571    1     
9599.904    1     
9633.237    1     
9666.570    1     
9699.903    1     
9733.236    1     
9766.569    1     
9799.902    1     
9833.235    1     
9866.568    1     
9899.901    1     
9933.234    1     
9966.567    1     
9999.900    1     
10033.233   1     
10066.566   1     
10099.899   1     
10133.232   1     
10166.565   1     
10199.898   1     
10233.231   1     
10266.564   1     
10299.897   1     
10333.230   1     
10366.563   1     
10399.896   1     
10433.229   1     
10466.562   1     
10499.895   1     
10533.228   1     
10566.561   1     
10599.894   1     
10633.227   1     
10666.560   1     
10699.893   1     
10733.226   1     
10766.559   1     
10799.892   1     
10833.225   1     
10866.558   1     
10899.891   1     
10933.224   1     
10966.557   1     
10999.890   1     
11033.223   1     
11066.556   1     
11099.889   1     
11133.222   1     
11166.555   1     
11199.888   2     
11233.221   2     
11266.554   2     
11299.887   2     
11333.220   2     
11366.553   2     
11399.886   2     
11433.219   2     
11466.552   2     
11499.885   2     
11533.218   2     
11566.551   2     
11599.884   2     
11633.217   2     
11666.550   2     
11699.883   2     
11733.216   2     
11766.549   2     
11799.882   2     
11833.215   2     
11866.548   2     
11899.881   2     
11933.214   2     
11966.547   2     
11999.880   2     
12033.213   2     
12066.546   2     
12099.879   2     
12133.212   2     
12166.545   2     
12199.878   2     
12233.211   2     
12266.544   2     
12299.877   2     
12333.210   2     
12366.543   2     
12399.876   2     
12433.209   2     
12466.542   2     
12499.875   2     
12533.208   2     
12566.541   2     
12599.874   2     
12633.207   2     
12666.540   2     
12699.873   2     
12733.206   2     
12766.539   2     
12799.872   2     
12833.205   2     
12866.538   2     
12899.871   2     
12933.204   2     
12966.537   2     
12999.870   2     
13033.203   2     
13066.536   2     
13099.869   2     
13133.202   2     
13166.535   2     
13199.868   2     
13233.201   2     
13266.534   2     
13299.867   2     
13333.200   2     
13366.533   2     
13399.866   2     
13433.199   2     
13466.532   2     
13499.865   2     
13533.198   2     
13566.531   2     
13599.864   2     
13633.197   2     
13666.530   2     
13699.863   2     
13733.196   2     
13766.529   2     
13799.862   2     
13833.195   2     
13866.528   2     
13899.861   2     
13933.194   2     
13966.527   2     
13999.860   2     
14033.193   2     
14066.526   2     
14099.859   2     
14133.192   2     
14166.525   2     
14199.858   2     
14233.191   2     
14266.524   2     
14299.857   2     
14333.190   2     
14366.523   2     
14399.856   2     
14433.189   2     
14466.522   2     
14499.855   2     
14533.188   2     
14566.521   2     
14599.854   2     
14633.187   2     
14666.520   2     
14699.853   2     
14733.186   2     
14766.519   2     
14799.852   2     
14833.185   2     
14866.518   2     
14899.851   2     
14933.184   2     
14966.517   2     
14999.850   2     
15033.183   2     
15066.516   2     
15099.849   2     
15133.182   2     
15166.515   2     
15199.848   2     
15233.181   2     
15266.514   2     
15299.847   2     
15333.180   2     
15366.513   2     
15399.846   2     
15433.179   2     
15466.512   2     
15499.845   2     
15533.178   2     
15566.511   2     
15599.844   2     
15633.177   2     
15666.510   2     
15699.843   2     
15733.176   2     
15766.509   2     
15799.842   2     
15833.175   2     
15866.508   2     
15899.841   2     
15933.174   2     
15966.507   2     
15999.840   2     
16033.173   2     
16066.506   2     
16099.839   2     
16133.172   2     
16166.505   2     
16199.838   2     
16233.171   2     
16266.504   2     
16299.837   2     
16333.170   2     
16366.503   2     
16399.836   2     
16433.169   2     
16466.502   2     
16499.835   2     
16533.168   2     
16566.501   2     
16599.834   2     
16633.167   2     
16666.500   2     
16699.833   2     
16733.166   2     
16766.499   2     
16799.832   2     
16833.165   2     
16866.498   2     
16899.831   2     
16933.164   2     
16966.497   2     
16999.830   2     
17033.163   2     
17066.496   2     
17099.829   2     
17133.162   2     
17166.495   2     
17199.828   2     
17233.161   2     
17266.494   2     
17299.827   2     
17333.160   2     
17366.493   2     
17399.826   2     
17433.159   2     
17466.492   2     
17499.825   2     
17533.158   2     
17566.491   2     
17599.824   2     
17633.157   2     
17666.490   2     
17699.823   2     
17733.156   2     
17766.489   2     
17799.822   2     
17833.155   2     
17866.488   2     
17899.821   2     
17933.154   2     
17966.487   2     
17999.820   2     
18033.153   2     
18066.486   2     
18099.819   2     
18133.152   2     
18166.485   2     
18199.818   2     
18233.151   2     
18266.484   2     
18299.817   2     
18333.150   2     
18366.483   2     
18399.816   2     
18433.149   2     
18466.482   2     
18499.815   2     
18533.148   2     
18566.481   2     
18599.814   2     
18633.147   2     
18666.480   2     
18699.813   2     
18733.146   2     
18766.479   2     
18799.812   2     
18833.145   2     
18866.478   2     
18899.811   2     
18933.144   2     
18966.477   2     
18999.810   2     
19033.143   2     
19066.476   2     
19099.809   2     
19133.142   2     
19166.475   2     
19199.808   2     
19233.141   2     
19266.474   2     
19299.807   2     
19333.140   2     
19366.473   2     
19399.806   2     
19433.139   2     
19466.472   2     
19499.805   2     
19533.138   2     
19566.471   2     
19599.804   2     
19633.137   2     
19666.470   2     
19699.803   2     
19733.136   2     
19766.469   2     
19799.802   2     
19833.135   2     
19866.468   2     
19899.801   2     
19933.134   2     
19966.467   2     
19999.800   2     
20033.133   2     
20066.466   2     
20099.799   2     
20133.132   2     
20166.465   2     
20199.798   2     
20233.131   2     
20266.464   2     
20299.797   2     
20333.130   2     
20366.463   2     
20399.796   2     
20433.129   2     
20466.462   2     
20499.795   2     
20533.128   2     
20566.461   2     
20599.794   2     
20633.127   2     
20666.460   2     
20699.793   2     
20733.126   2     
20766.459   2     
20799.792   2     
20833.125   2     
20866.458   2     
20899.791   2     
20933.124   2     
20966.457   2     
20999.790   2     
21033.123   2     
21066.456   2     
21099.789   2     
21133.122   2     
21166.455   2     
21199.788   2     
21233.121   2     
21266.454   2     
21299.787   2     
21333.120   2     
21366.453   2     
21399.786   2     
21433.119   2     
21466.452   2     
21499.785   2     
21533.118   2     
21566.451   2     
21599.784   2     
21633.117   2     
21666.450   2     
21699.783   2     
21733.116   2     
21766.449   2     
21799.782   2     
21833.115   2     
21866.448   2     
21899.781   2     
21933.114   2     
21966.447   2     
21999.780   2     
22033.113   2     
22066.446   2     
22099.779   2     
22133.112   2     
22166.445   2     
22199.778   2     
22233.111   2     
22266.444   2     
22299.777   2     
22333.110   2     
22366.443   2     
22399.776   2     
22433.109   2     
22466.442   2     
22499.775   2     
22533.108   2     
22566.441   2     
22599.774   2     
22633.107   2     
22666.440   2     
22699.773   2     
22733.106   2     
22766.439   2     
22799.772   2     
22833.105   2     
22866.438   2     
22899.771   2     
22933.104   2     
22966.437   2     
22999.770   2     
23033.103   2     
23066.436   2     
23099.769   2     
23133.102   2     
23166.435   2     
23199.768   2     
23233.101   2     
23266.434   2     
23299.767   2     
23333.100   2     
23366.433   2     
23399.766   2     
23433.099   2     
23466.432   2     
23499.765   2     
23533.098   2     
23566.431   2     
23599.764   2     
23633.097   2     
23666.430   2     
23699.763   2     
23733.096   2     
23766.429   2     
23799.762   2     
23833.095   2     
23866.428   2     
23899.761   2     
23933.094   2     
23966.427   2     
23999.760   2     
24033.093   2     
24066.426   2     
24099.759   2     
24133.092   2     
24166.425   2     
24199.758   2     
24233.091   2     
24266.424   2     
24299.757   2     
24333.090   2     
24366.423   2     
24399.756   2     
24433.089   2     
24466.422   2     
24499.755   2     
24533.088   2     
24566.421   2     
24599.754   2     
24633.087   2     
24666.420   2     
24699.753   2     
24733.086   2     
24766.419   2     
24799.752   2     
24833.085   2     
24866.418   2     
24899.751   2     
24933.084   2     
24966.417   2     
24999.750   2     
25033.083   2     
25066.416   2     
25099.749   2     
25133.082   2     
25166.415   2     
25199.748   2     
25233.081   2     
25266.414   2     
25299.747   2     
25333.080   2     
25366.413   2     
25399.746   2     
25433.079   2     
25466.412   2     
25499.745   2     
25533.078   2     
25566.411   2     
25599.744   2     
25633.077   2     
25666.410   2     
25699.743   2     
25733.076   2     
25766.409   2     
25799.742   2     
25833.075   2     
25866.408   2     
25899.741   2     
25933.074   2     
25966.407   2     
25999.740   2     
26033.073   2     
26066.406   2     
26099.739   2     
26133.072   2     
26166.405   2     
26199.738   2     
26233.071   2     
26266.404   2     
26299.737   2     
26333.070   2     
26366.403   2     
26399.736   2     
26433.069   2     
26466.402   2     
26499.735   2     
26533.068   2     
26566.401   2     
26599.734   2     
26633.067   2     
26666.400   2     
26699.733   2     
26733.066   2     
26766.399   2     
26799.732   2     
26833.065   2     
26866.398   2     
26899.731   2     
26933.064   2     
26966.397   2     
26999.730   2     
27033.063   2     
27066.396   2     
27099.729   2     
27133.062   2     
27166.395   2     
27199.728   2     
27233.061   2     
27266.394   2     
27299.727   2     
27333.060   2     
27366.393   2     
27399.726   2     
27433.059   2     
27466.392   2     
27499.725   2     
27533.058   2     
27566.391   2     
27599.724   2     
27633.057   2     
27666.390   2     
27699.723   2     
27733.056   2     
27766.389   2     
27799.722   2     
27833.055   2     
27866.388   2     
27899.721   2     
27933.054   2     
27966.387   2     
27999.720   2     
28033.053   2     
28066.386   2     
28099.719   2     
28133.052   2     
28166.385   2     
28199.718   2     
28233.051   2     
28266.384   2     
28299.717   2     
28333.050   2     
28366.383   2     
28399.716   2     
28433.049   2     
28466.382   2     
28499.715   2     
28533.048   2     
28566.381   2     
28599.714   2     
28633.047   2     
28666.380   2     
28699.713   2     
28733.046   2     
28766.379   2     
28799.712   2     
28833.045   2     
28866.378   2     
28899.711   2     
28933.044   2     
28966.377   3     
28999.710   3     
29033.043   3     
29066.376   3     
29099.709   3     
29133.042   3     
29166.375   3     
29199.708   3     
29233.041   3     
29266.374   3     
29299.707   3     
29333.040   3     
29366.373   3     
29399.706   3     
29433.039   3     
29466.372   3     
29499.705   3     
29533.038   3     
29566.371   3     
29599.704   3     
29633.037   3     
29666.370   3     
29699.703   3     
29733.036   3     
29766.369   3     
29799.702   3     
29833.035   3     
29866.368   3     
29899.701   3     
29933.034   3     
29966.367   3     
29999.700   3     
30033.033   3     
30066.366   3     
30099.699   3     
30133.032   3     
30166.365   3     
30199.698   3     
30233.031   3     
30266.364   3     
30299.697   3     
30333.030   3     
30366.363   3     
30399.696   3     
30433.029   3     
30466.362   3     
30499.695   3     
30533.028   3     
30566.361   3     
30599.694   3     
30633.027   3     
30666.360   3     
30699.693   3     
30733.026   3     
30766.359   3     
30799.692   3     
30833.025   3     
30866.358   3     
30899.691   3     
30933.024   3     
30966.357   3     
30999.690   3     
31033.023   3     
31066.356   3     
31099.689   3     
31133.022   3     
31166.355   3     
31199.688   3     
31233.021   3     
31266.354   3     
31299.687   3     
31333.020   3     
31366.353   3     
31399.686   3     
31433.019   3     
31466.352   3     
31499.685   3     
31533.018   3     
31566.351   3     
31599.684   3     
31633.017   3     
31666.350   3     
31699.683   3     
31733.016   3     
31766.349   3     
31799.682   3     
31833.015   3     
31866.348   3     
31899.681   3     
31933.014   3     
31966.347   3     
31999.680   3     
32033.013   3     
32066.346   3     
32099.679   3     
32133.012   3     
32166.345   3     
32199.678   3     
32233.011   3     
32266.344   3     
32299.677   3     
32333.010   3     
32366.343   3     
32399.676   3     
32433.009   3     
32466.342   3     
32499.675   3     
32533.008   3     
32566.341   3     
32599.674   3     
32633.007   3     
32666.340   3     
32699.673   3     
32733.006   3     
32766.339   3     
32799.672   3     
32833.005   3     
32866.338   3     
32899.671   3     
32933.004   3     
32966.337   3     
32999.670   3     
33033.003   3     
33066.336   3     
33099.669   3     
33133.002   3     
33166.335   3     
33199.668   3     
33233.001   3     
33266.334   3     
33299.667   3     
33333.000   3     
33366.333   3     
33399.666   3     
33432.999   3     
33466.332   3     
33499.665   3     
33532.998   3     
33566.331   3     
33599.664   3     
33632.997   3     
33666.330   3     
33699.663   3     
33732.996   3     
33766.329   3     
33799.662   3     
33832.995   3     
33866.328   3     
33899.661   3     
33932.994   3     
33966.327   3     
33999.660   3     
34032.993   3     
34066.326   3     
34099.659   3     
34132.992   3     
34166.325   4     
34199.658   4     
34232.991   4     
34266.324   4     
34299.657   4     
34332.990   4     
34366.323   4     
34399.656   4     
34432.989   4     
34466.322   4     
34499.655   4     
34532.988   4     
34566.321   4     
34599.654   4     
34632.987   4     
34666.320   4     
34699.653   4     
34732.986   4     
34766.319   4     
34799.652   4     
34832.985   4     
34866.318   4     
34899.651   4     
34932.984   4     
34966.317   4     
34999.650   4     
35032.983   4     
35066.316   4     
35099.649   4     
35132.982   4     
35166.315   4     
35199.648   4     
35232.981   4     
35266.314   4     
35299.647   4     
35332.980   4     
35366.313   4     
35399.646   4     
35432.979   4     
35466.312   4     
35499.645   4     
35532.978   4     
35566.311   4     
35599.644   4     
35632.977   4     
35666.310   4     
35699.643   4     
35732.976   4     
35766.309   4     
35799.642   4     
35832.975   4     
35866.308   4     
35899.641   4     
35932.974   4     
35966.307   4     
35999.640   4     
36032.973   4     
36066.306   4     
36099.639   4     
36132.972   4     
36166.305   4     
36199.638   4     
36232.971   4     
36266.304   4     
36299.637   4     
36332.970   4     
36366.303   4     
36399.636   4     
36432.969   4     
36466.302   4     
36499.635   4     
36532.968   4     
36566.301   4     
36599.634   4     
36632.967   4     
36666.300   4     
36699.633   4     
36732.966   4     
36766.299   4     
36799.632   4     
36832.965   4     
36866.298   4     
36899.631   4     
36932.964   4     
36966.297   4     
36999.630   4     
37032.963   4     
37066.296   4     
37099.629   4     
37132.962   4     
37166.295   4     
37199.628   4     
37232.961   4     
37266.294   4     
37299.627   4     
37332.960   4     
37366.293   4     
37399.626   4     
37432.959   4     
37466.292   4     
37499.625   4     
37532.958   4     
37566.291   4     
37599.624   4     
37632.957   4     
37666.290   4     
37699.623   4     
37732.956   4     
37766.289   4     
37799.622   4     
37832.955   4     
37866.288   4     
37899.621   4     
37932.954   4     
37966.287   4     
37999.620   4     
38032.953   4     
38066.286   4     
38099.619   4     
38132.952   4     
38166.285   4     
38199.618   4     
38232.951   4     
38266.284   4     
38299.617   4     
38332.950   4     
38366.283   4     
38399.616   4     
38432.949   4     
38466.282   4     
38499.615   4     
38532.948   4     
38566.281   4     
38599.614   4     
38632.947   4     
38666.280   4     
38699.613   4     
38732.946   4     
38766.279   4     
38799.612   4     
38832.945   4     
38866.278   4     
38899.611   4     
38932.944   4     
38966.277   4     
38999.610   4     
39032.943   4     
39066.276   4     
39099.609   4     
39132.942   4     
39166.275   4     
39199.608   4     
39232.941   4     
39266.274   4     
39299.607   4     
39332.940   4     
39366.273   4     
39399.606   4     
39432.939   4     
39466.272   4     
39499.605   4     
39532.938   4     
39566.271   4     
39599.604   4     
39632.937   4     
39666.270   7     
39699.603   7     
39732.936   7     
39766.269   7     
39799.602   7     
39832.935   7     
39866.268   7     
39899.601   7     
39932.934   7     
39966.267   7     
39999.600   7     
40032.933   7     
40066.266   7     
40099.599   7     
40132.932   7     
40166.265   7     
40199.598   7     
40232.931   7     
40266.264   7     
40299.597   7     
40332.930   7     
40366.263   7     
40399.596   7     
40432.929   7     
40466.262   7     
40499.595   7     
40532.928   7     
40566.261   7     
40599.594   7     
40632.927   7     
40666.260   7     
40699.593   7     
40732.926   7     
40766.259   7     
40799.592   7     
40832.925   7     
40866.258   7     
40899.591   7     
40932.924   7     
40966.257   7     
40999.590   7     
41032.923   7     
41066.256   7     
41099.589   7     
41132.922   7     
41166.255   7     
41199.588   7     
41232.921   7     
41266.254   7     
41299.587   7     
41332.920   7     
41366.253   7     
41399.586   7     
41432.919   7     
41466.252   7     
41499.585   7     
41532.918   7     
41566.251   7     
41599.584   7     
41632.917   7     
41666.250   7     
41699.583   7     
41732.916   7     
41766.249   7     
41799.582   7     
41832.915   7     
41866.248   7     
41899.581   7     
41932.914   7     
41966.247   7     
41999.580   7     
42032.913   7     
42066.246   7     
42099.579   7     
42132.912   7     
42166.245   7     
42199.578   7     
42232.911   7     
42266.244   7     
42299.577   7     
42332.910   7     
42366.243   7     
42399.576   7     
42432.909   7     
42466.242   7     
42499.575   7     
42532.908   7     
42566.241   7     
42599.574   7     
42632.907   7     
42666.240   7     
42699.573   7     
42732.906   7     
42766.239   7     
42799.572   7     
42832.905   7     
42866.238   7     
42899.571   7     
42932.904   7     
42966.237   7     
42999.570   7     
43032.903   7     
43066.236   7     
43099.569   7     
43132.902   7     
43166.235   7     
43199.568   7     
43232.901   7     
43266.234   7     
43299.567   7     
43332.900   7     
43366.233   7     
43399.566   7     
43432.899   7     
43466.232   7     
43499.565   7     
43532.898   7     
43566.231   7     
43599.564   7     
43632.897   7     
43666.230   7     
43699.563   8     
43732.896   8     
43766.229   8     
43799.562   8     
43832.895   8     
43866.228   8     
43899.561   8     
43932.894   8     
43966.227   8     
43999.560   8     
44032.893   8     
44066.226   8     
44099.559   8     
44132.892   8     
44166.225   8     
44199.558   8     
44232.891   8     
44266.224   8     
44299.557   8     
44332.890   8     
44366.223   8     
44399.556   8     
44432.889   8     
44466.222   8     
44499.555   8     
44532.888   8     
44566.221   8     
44599.554   8     
44632.887   8     
44666.220   8     
44699.553   8     
44732.886   8     
44766.219   8     
44799.552   8     
44832.885   8     
44866.218   8     
44899.551   8     
44932.884   8     
44966.217   8     
44999.550   8     
45032.883   8     
45066.216   8     
45099.549   8     
45132.882   8     
45166.215   8     
45199.548   8     
45232.881   8     
45266.214   8     
45299.547   8     
45332.880   8     
45366.213   8     
45399.546   8     
45432.879   8     
45466.212   8     
45499.545   8     
45532.878   8     
45566.211   8     
45599.544   8     
45632.877   8     
45666.210   8     
45699.543   8     
45732.876   8     
45766.209   8     
45799.542   8     
45832.875   8     
45866.208   8     
45899.541   8     
45932.874   8     
45966.207   8     
45999.540   8     
46032.873   8     
46066.206   8     
46099.539   8     
46132.872   8     
46166.205   8     
46199.538   8     
46232.871   8     
46266.204   8     
46299.537   8     
46332.870   8     
46366.203   8     
46399.536   8     
46432.869   8     
46466.202   8     
46499.535   8     
46532.868   8     
46566.201   8     
46599.534   8     
46632.867   8     
46666.200   8     
46699.533   8     
46732.866   8     
46766.199   8     
46799.532   8     
46832.865   8     
46866.198   8     
46899.531   8     
46932.864   8     
46966.197   8     
46999.530   8     
47032.863   8     
47066.196   8     
47099.529   8     
47132.862   8     
47166.195   8     
47199.528   8     
47232.861   8     
47266.194   8     
47299.527   8     
47332.860   8     
47366.193   8     
47399.526   8     
47432.859   8     
47466.192   8     
47499.525   8     
47532.858   8     
47566.191   8     
47599.524   8     
47632.857   8     
47666.190   8     
47699.523   8     
47732.856   8     
47766.189   8     
47799.522   8     
47832.855   8     
47866.188   8     
47899.521   8     
47932.854   8     
47966.187   8     
47999.520   8     
48032.853   8     
48066.186   8     
48099.519   8     
48132.852   8     
48166.185   8     
48199.518   8     
48232.851   8     
48266.184   8     
48299.517   8     
48332.850   8     
48366.183   8     
48399.516   8     
48432.849   8     
48466.182   8     
48499.515   8     
48532.848   8     
48566.181   8     
48599.514   8     
48632.847   8     
48666.180   8     
48699.513   8     
48732.846   8     
48766.179   8     
48799.512   8     
48832.845   8     
48866.178   8     
48899.511   8     
48932.844   8     
48966.177   8     
48999.510   3     
49032.843   3     
49066.176   3     
49099.509   3     
49132.842   3     
49166.175   3     
49199.508   3     
49232.841   3     
49266.174   3     
49299.507   3     
49332.840   3     
49366.173   3     
49399.506   3     
49432.839   3     
49466.172   3     
49499.505   3     
49532.838   3     
49566.171   3     
49599.504   3     
49632.837   3     
49666.170   3     
49699.503   3     
49732.836   3     
49766.169   3     
49799.502   3     
49832.835   3     
49866.168   3     
49899.501   3     
49932.834   3     
49966.167   3     
49999.500   3     
50032.833   3     
50066.166   3     
50099.499   3     
50132.832   3     
50166.165   3     
50199.498   3     
50232.831   3     
50266.164   3     
50299.497   3     
50332.830   3     
50366.163   3     
50399.496   3     
50432.829   3     
50466.162   3     
50499.495   3     
50532.828   3     
50566.161   3     
50599.494   3     
50632.827   3     
50666.160   3     
50699.493   3     
50732.826   3     
50766.159   3     
50799.492   3     
50832.825   3     
50866.158   3     
50899.491   3     
50932.824   3     
50966.157   3     
50999.490   3     
51032.823   3     
51066.156   3     
51099.489   3     
51132.822   3     
51166.155   3     
51199.488   3     
51232.821   3     
51266.154   3     
51299.487   3     
51332.820   3     
51366.153   3     
51399.486   3     
51432.819   3     
51466.152   3     
51499.485   3     
51532.818   3     
51566.151   3     
51599.484   3     
51632.817   3     
51666.150   3     
51699.483   3     
51732.816   3     
51766.149   3     
51799.482   3     
51832.815   3     
51866.148   3     
51899.481   3     
51932.814   3     
51966.147   3     
51999.480   3     
52032.813   3     
52066.146   3     
52099.479   3     
52132.812   3     
52166.145   3     
52199.478   3     
52232.811   3     
52266.144   3     
52299.477   3     
52332.810   3     
52366.143   3     
52399.476   3     
52432.809   3     
52466.142   3     
52499.475   3     
52532.808   3     
52566.141   3     
52599.474   3     
52632.807   3     
52666.140   5     
52699.473   5     
52732.806   5     
52766.139   5     
52799.472   5     
52832.805   5     
52866.138   5     
52899.471   5     
52932.804   5     
52966.137   5     
52999.470   5     
53032.803   5     
53066.136   5     
53099.469   5     
53132.802   5     
53166.135   5     
53199.468   5     
53232.801   5     
53266.134   5     
53299.467   5     
53332.800   5     
53366.133   5     
53399.466   5     
53432.799   5     
53466.132   5     
53499.465   5     
53532.798   5     
53566.131   5     
53599.464   5     
53632.797   5     
53666.130   5     
53699.463   5     
53732.796   5     
53766.129   5     
53799.462   5     
53832.795   5     
53866.128   5     
53899.461   5     
53932.794   5     
53966.127   5     
53999.460   5     
54032.793   5     
54066.126   5     
54099.459   5     
54132.792   5     
54166.125   5     
54199.458   5     
54232.791   5     
54266.124   5     
54299.457   5     
54332.790   5     
54366.123   5     
54399.456   5     
54432.789   5     
54466.122   5     
54499.455   5     
54532.788   5     
54566.121   5     
54599.454   5     
54632.787   5     
54666.120   7     
54699.453   7     
54732.786   7     
54766.119   7     
54799.452   7     
54832.785   7     
54866.118   7     
54899.451   7     
54932.784   7     
54966.117   7     
54999.450   7     
55032.783   7     
55066.116   7     
55099.449   7     
55132.782   7     
55166.115   7     
55199.448   7     
55232.781   7     
55266.114   7     
55299.447   7     
55332.780   7     
55366.113   7     
55399.446   7     
55432.779   7     
55466.112   7     
55499.445   7     
55532.778   7     
55566.111   7     
55599.444   7     
55632.777   7     
55666.110   7     
55699.443   7     
55732.776   7     
55766.109   7     
55799.442   7     
55832.775   7     
55866.108   7     
55899.441   7     
55932.774   7     
55966.107   7     
55999.440   7     
56032.773   7     
56066.106   7     
56099.439   7     
56132.772   7     
56166.105   7     
56199.438   7     
56232.771   7     
56266.104   7     
56299.437   7     
56332.770   7     
56366.103   7     
56399.436   7     
56432.769   7     
56466.102   7     
56499.435   7     
56532.768   7     
56566.101   7     
56599.434   7     
56632.767   7     
56666.100   7     
56699.433   7     
56732.766   7     
56766.099   7     
56799.432   7     
56832.765   7     
56866.098   7     
56899.431   7     
56932.764   7     
56966.097   7     
56999.430   7     
57032.763   7     
57066.096   7     
57099.429   7     
57132.762   7     
57166.095   7     
57199.428   7     
57232.761   7     
57266.094   7     
57299.427   7     
57332.760   7     
57366.093   7     
57399.426   7     
57432.759   7     
57466.092   7     
57499.425   7     
57532.758   7     
57566.091   7     
57599.424   8     
57632.757   8     
57666.090   8     
57699.423   8     
57732.756   8     
57766.089   8     
57799.422   8     
57832.755   8     
57866.088   8     
57899.421   8     
57932.754   8     
57966.087   8     
57999.420   8     
58032.753   8     
58066.086   8     
58099.419   8     
58132.752   8     
58166.085   8     
58199.418   8     
58232.751   8     
58266.084   8     
58299.417   8     
58332.750   8     
58366.083   8     
58399.416   8     
58432.749   8     
58466.082   8     
58499.415   8     
58532.748   8     
58566.081   8     
58599.414   8     
58632.747   8     
58666.080   8     
58699.413   8     
58732.746   8     
58766.079   8     
58799.412   8     
58832.745   8     
58866.078   8     
58899.411   8     
58932.744   8     
58966.077   8     
58999.410   8     
59032.743   8     
59066.076   8     
59099.409   8     
59132.742   8     
59166.075   8     
59199.408   8     
59232.741   8     
59266.074   8     
59299.407   8     
59332.740   8     
59366.073   8     
59399.406   8     
59432.739   8     
59466.072   8     
59499.405   8     
59532.738   8     
59566.071   8     
59599.404   8     
59632.737   8     
59666.070   8     
59699.403   8     
59732.736   8     
59766.069   8     
59799.402   8     
59832.735   8     
59866.068   8     
59899.401   8     
59932.734   8     
59966.067   8     
59999.400   8     
60032.733   8     
60066.066   8     
60099.399   8     
60132.732   8     
60166.065   8     
60199.398   8     
60232.731   8     
60266.064   8     
60299.397   8     
60332.730   8     
60366.063   8     
60399.396   8     
60432.729   8     
60466.062   8     
60499.395   8     
60532.728   8     
60566.061   8     
60599.394   8     
60632.727   8     
60666.060   8     
60699.393   8     
60732.726   8     
60766.059   8     
60799.392   8     
60832.725   8     
60866.058   8     
60899.391   8     
60932.724   8     
60966.057   8     
60999.390   8     
61032.723   8     
61066.056   8     
61099.389   8     
61132.722   8     
61166.055   8     
61199.388   8     
61232.721   8     
61266.054   8     
61299.387   8     
61332.720   8     
61366.053   3     
61399.386   3     
61432.719   3     
61466.052   3     
61499.385   3     
61532.718   3     
61566.051   3     
61599.384   3     
61632.717   3     
61666.050   3     
61699.383   3     
61732.716   3     
61766.049   3     
61799.382   3     
61832.715   3     
61866.048   3     
61899.381   3     
61932.714   3     
61966.047   3     
61999.380   3     
62032.713   3     
62066.046   3     
62099.379   3     
62132.712   3     
62166.045   3     
62199.378   3     
62232.711   3     
62266.044   3     
62299.377   3     
62332.710   3     
62366.043   3     
62399.376   3     
62432.709   3     
62466.042   3     
62499.375   3     
62532.708   3     
62566.041   3     
62599.374   3     
62632.707   3     
62666.040   3     
62699.373   3     
62732.706   3     
62766.039   3     
62799.372   3     
62832.705   3     
62866.038   3     
62899.371   3     
62932.704   3     
62966.037   3     
62999.370   3     
63032.703   3     
63066.036   3     
63099.369   3     
63132.702   3     
63166.035   3     
63199.368   3     
63232.701   3     
63266.034   3     
63299.367   3     
63332.700   3     
63366.033   3     
63399.366   3     
63432.699   3     
63466.032   3     
63499.365   3     
63532.698   3     
63566.031   3     
63599.364   3     
63632.697   3     
63666.030   3     
63699.363   3     
63732.696   3     
63766.029   3     
63799.362   3     
63832.695   3     
63866.028   3     
63899.361   3     
63932.694   3     
63966.027   3     
63999.360   3     
64032.693   3     
64066.026   3     
64099.359   3     
64132.692   3     
64166.025   3     
64199.358   3     
64232.691   3     
64266.024   3     
64299.357   3     
64332.690   3     
64366.023   3     
64399.356   3     
64432.689   3     
64466.022   3     
64499.355   3     
64532.688   3     
64566.021   3     
64599.354   3     
64632.687   3     
64666.020   3     
64699.353   3     
64732.686   3     
64766.019   3     
64799.352   3     
64832.685   3     
64866.018   3     
64899.351   3     
64932.684   3     
64966.017   3     
64999.350   3     
65032.683   3     
65066.016   6     
65099.349   6     
65132.682   6     
65166.015   6     
65199.348   6     
65232.681   6     
65266.014   6     
65299.347   6     
65332.680   6     
65366.013   6     
65399.346   6     
65432.679   6     
65466.012   6     
65499.345   6     
65532.678   6     
65566.011   6     
65599.344   6     
65632.677   6     
65666.010   6     
65699.343   6     
65732.676   6     
65766.009   6     
65799.342   6     
65832.675   6     
65866.008   6     
65899.341   6     
65932.674   6     
65966.007   6     
65999.340   6     
66032.673   6     
66066.006   6     
66099.339   6     
66132.672   6     
66166.005   6     
66199.338   6     
66232.671   6     
66266.004   6     
66299.337   6     
66332.670   6     
66366.003   6     
66399.336   6     
66432.669   6     
66466.002   6     
66499.335   6     
66532.668   6     
66566.001   6     
66599.334   6     
66632.667   6     
66666.000   6     
66699.333   6     
66732.666   6     
66765.999   6     
66799.332   6     
66832.665   6     
66865.998   6     
66899.331   6     
66932.664   6     
66965.997   6     
66999.330   6     
67032.663   6     
67065.996   6     
67099.329   6     
67132.662   6     
67165.995   6     
67199.328   6     
67232.661   6     
67265.994   6     
67299.327   6     
67332.660   6     
67365.993   6     
67399.326   6     
67432.659   6     
67465.992   6     
67499.325   6     
67532.658   6     
67565.991   6     
67599.324   6     
67632.657   6     
67665.990   7     
67699.323   7     
67732.656   7     
67765.989   7     
67799.322   7     
67832.655   7     
67865.988   7     
67899.321   7     
67932.654   7     
67965.987   7     
67999.320   7     
68032.653   7     
68065.986   7     
68099.319   7     
68132.652   7     
68165.985   7     
68199.318   7     
68232.651   7     
68265.984   7     
68299.317   7     
68332.650   7     
68365.983   7     
68399.316   7     
68432.649   7     
68465.982   7     
68499.315   7     
68532.648   7     
68565.981   7     
68599.314   7     
68632.647   7     
68665.980   7     
68699.313   7     
68732.646   7     
68765.979   7     
68799.312   7     
68832.645   7     
68865.978   7     
68899.311   7     
68932.644   7     
68965.977   7     
68999.310   7     
69032.643   7     
69065.976   7     
69099.309   7     
69132.642   7     
69165.975   7     
69199.308   7     
69232.641   7     
69265.974   7     
69299.307   7     
69332.640   7     
69365.973   7     
69399.306   7     
69432.639   7     
69465.972   7     
69499.305   7     
69532.638   7     
69565.971   7     
69599.304   7     
69632.637   7     
69665.970   7     
69699.303   7     
69732.636   7     
69765.969   7     
69799.302   7     
69832.635   7     
69865.968   7     
69899.301   8     
69932.634   8     
69965.967   8     
69999.300   8     
70032.633   8     
70065.966   8     
70099.299   8     
70132.632   8     
70165.965   8     
70199.298   8     
70232.631   8     
70265.964   8     
70299.297   8     
70332.630   8     
70365.963   8     
70399.296   8     
70432.629   8     
70465.962   8     
70499.295   8     
70532.628   8     
70565.961   8     
70599.294   8     
70632.627   8     
70665.960   8     
70699.293   8     
70732.626   8     
70765.959   8     
70799.292   8     
70832.625   8     
70865.958   8     
70899.291   8     
70932.624   8     
70965.957   8     
70999.290   8     
71032.623   8     
71065.956   8     
71099.289   8     
71132.622   8     
71165.955   8     
71199.288   8     
71232.621   8     
71265.954   8     
71299.287   8     
71332.620   8     
71365.953   8     
71399.286   8     
71432.619   8     
71465.952   8     
71499.285   8     
71532.618   8     
71565.951   8     
71599.284   8     
71632.617   8     
71665.950   8     
71699.283   8     
71732.616   8     
71765.949   8     
71799.282   8     
71832.615   8     
71865.948   8     
71899.281   8     
71932.614   8     
71965.947   8     
71999.280   8     
72032.613   8     
72065.946   8     
72099.279   8     
72132.612   8     
72165.945   8     
72199.278   8     
72232.611   8     
72265.944   8     
72299.277   8     
72332.610   8     
72365.943   8     
72399.276   8     
72432.609   8     
72465.942   8     
72499.275   8     
72532.608   8     
72565.941   8     
72599.274   8     
72632.607   8     
72665.940   8     
72699.273   8     
72732.606   8     
72765.939   8     
72799.272   8     
72832.605   8     
72865.938   8     
72899.271   8     
72932.604   8     
72965.937   8     
72999.270   8     
73032.603   8     
73065.936   8     
73099.269   8     
73132.602   8     
73165.935   8     
73199.268   8     
73232.601   8     
73265.934   8     
73299.267   8     
73332.600   8     
73365.933   8     
73399.266   8     
73432.599   8     
73465.932   8     
73499.265   8     
73532.598   8     
73565.931   8     
73599.264   8     
73632.597   8     
73665.930   8     
73699.263   8     
73732.596   8     
73765.929   8     
73799.262   8     
73832.595   8     
73865.928   8     
73899.261   8     
73932.594   8     
73965.927   8     
73999.260   8     
74032.593   8     
74065.926   8     
74099.259   8     
74132.592   8     
74165.925   8     
74199.258   8     
74232.591   8     
74265.924   8     
74299.257   8     
74332.590   8     
74365.923   9     
74399.256   9     
74432.589   9     
74465.922   9     
74499.255   9     
74532.588   9     
74565.921   9     
74599.254   9     
74632.587   9     
74665.920   9     
74699.253   9     
74732.586   9     
74765.919   9     
74799.252   9     
74832.585   9     
74865.918   9     
74899.251   9     
74932.584   9     
74965.917   9     
74999.250   9     
75032.583   9     
75065.916   9     
75099.249   9     
75132.582   9     
75165.915   9     
75199.248   9     
75232.581   9     
75265.914   9     
75299.247   9     
75332.580   9     
75365.913   9     
75399.246   9     
75432.579   9     
75465.912   9     
75499.245   9     
75532.578   9     
75565.911   9     
75599.244   9     
75632.577   9     
75665.910   9     
75699.243   9     
75732.576   9     
75765.909   9     
75799.242   9     
75832.575   9     
75865.908   9     
75899.241   9     
75932.574   9     
75965.907   9     
75999.240   9     
76032.573   9     
76065.906   9     
76099.239   9     
76132.572   9     
76165.905   9     
76199.238   9     
76232.571   9     
76265.904   9     
