Time (ms)   Label 
0.000       9     
33.333      9     
66.666      9     
99.999      9     
133.332     9     
166.665     9     
199.998     9     
233.331     9     
266.664     9     
299.997     9     
333.330     9     
366.663     9     
399.996     9     
433.329     9     
466.662     9     
499.995     9     
533.328     9     
566.661     9     
599.994     9     
633.327     9     
666.660     9     
699.993     9     
733.326     9     
766.659     9     
799.992     9     
833.325     9     
866.658     9     
899.991     9     
933.324     9     
966.657     9     
999.990     9     
1033.323    9     
1066.656    9     
1099.989    9     
1133.322    9     
1166.655    9     
1199.988    9     
1233.321    9     
1266.654    1     
1299.987    1     
1333.320    1     
1366.653    1     
1399.986    1     
1433.319    1     
1466.652    1     
1499.985    1     
1533.318    1     
1566.651    1     
1599.984    1     
1633.317    1     
1666.650    1     
1699.983    1     
1733.316    1     
1766.649    1     
1799.982    1     
1833.315    1     
1866.648    1     
1899.981    1     
1933.314    1     
1966.647    1     
1999.980    1     
2033.313    1     
2066.646    1     
2099.979    1     
2133.312    1     
2166.645    1     
2199.978    1     
2233.311    1     
2266.644    1     
2299.977    1     
2333.310    1     
2366.643    1     
2399.976    1     
2433.309    1     
2466.642    1     
2499.975    1     
2533.308    1     
2566.641    1     
2599.974    1     
2633.307    1     
2666.640    1     
2699.973    1     
2733.306    1     
2766.639    1     
2799.972    1     
2833.305    1     
2866.638    1     
2899.971    1     
2933.304    1     
2966.637    1     
2999.970    1     
3033.303    1     
3066.636    1     
3099.969    1     
3133.302    1     
3166.635    1     
3199.968    1     
3233.301    1     
3266.634    1     
3299.967    1     
3333.300    1     
3366.633    1     
3399.966    1     
3433.299    1     
3466.632    1     
3499.965    1     
3533.298    1     
3566.631    1     
3599.964    1     
3633.297    1     
3666.630    1     
3699.963    1     
3733.296    1     
3766.629    1     
3799.962    1     
3833.295    1     
3866.628    1     
3899.961    1     
3933.294    1     
3966.627    1     
3999.960    1     
4033.293    1     
4066.626    1     
4099.959    1     
4133.292    1     
4166.625    1     
4199.958    1     
4233.291    1     
4266.624    1     
4299.957    1     
4333.290    1     
4366.623    1     
4399.956    1     
4433.289    1     
4466.622    1     
4499.955    1     
4533.288    1     
4566.621    1     
4599.954    1     
4633.287    1     
4666.620    1     
4699.953    1     
4733.286    1     
4766.619    1     
4799.952    1     
4833.285    1     
4866.618    1     
4899.951    1     
4933.284    1     
4966.617    1     
4999.950    1     
5033.283    1     
5066.616    1     
5099.949    1     
5133.282    1     
5166.615    1     
5199.948    1     
5233.281    1     
5266.614    1     
5299.947    1     
5333.280    1     
5366.613    1     
5399.946    1     
5433.279    1     
5466.612    1     
5499.945    1     
5533.278    1     
5566.611    1     
5599.944    1     
5633.277    1     
5666.610    1     
5699.943    1     
5733.276    1     
5766.609    1     
5799.942    1     
5833.275    1     
5866.608    1     
5899.941    1     
5933.274    1     
5966.607    1     
5999.940    1     
6033.273    1     
6066.606    1     
6099.939    1     
6133.272    1     
6166.605    1     
6199.938    1     
6233.271    1     
6266.604    1     
6299.937    1     
6333.270    1     
6366.603    1     
6399.936    1     
6433.269    1     
6466.602    1     
6499.935    1     
6533.268    1     
6566.601    1     
6599.934    1     
6633.267    1     
6666.600    1     
6699.933    1     
6733.266    1     
6766.599    1     
6799.932    1     
6833.265    1     
6866.598    1     
6899.931    1     
6933.264    1     
6966.597    1     
6999.930    1     
7033.263    1     
7066.596    1     
7099.929    1     
7133.262    1     
7166.595    1     
7199.928    1     
7233.261    1     
7266.594    1     
7299.927    1     
7333.260    1     
7366.593    1     
7399.926    1     
7433.259    1     
7466.592    1     
7499.925    1     
7533.258    1     
7566.591    1     
7599.924    1     
7633.257    1     
7666.590    1     
7699.923    1     
7733.256    1     
7766.589    1     
7799.922    1     
7833.255    1     
7866.588    1     
7899.921    1     
7933.254    1     
7966.587    1     
7999.920    1     
8033.253    1     
8066.586    1     
8099.919    1     
8133.252    1     
8166.585    1     
8199.918    1     
8233.251    1     
8266.584    1     
8299.917    1     
8333.250    1     
8366.583    1     
8399.916    1     
8433.249    1     
8466.582    1     
8499.915    1     
8533.248    1     
8566.581    1     
8599.914    1     
8633.247    1     
8666.580    1     
8699.913    1     
8733.246    1     
8766.579    1     
8799.912    1     
8833.245    1     
8866.578    1     
8899.911    1     
8933.244    1     
8966.577    1     
8999.910    1     
9033.243    1     
9066.576    1     
9099.909    1     
9133.242    1     
9166.575    1     
9199.908    1     
9233.241    1     
9266.574    1     
9299.907    1     
9333.240    1     
9366.573    1     
9399.906    1     
9433.239    1     
9466.572    1     
9499.905    1     
9533.238    1     
9566.571    1     
9599.904    1     
9633.237    1     
9666.570    1     
9699.903    1     
9733.236    1     
9766.569    1     
9799.902    1     
9833.235    1     
9866.568    1     
9899.901    1     
9933.234    1     
9966.567    1     
9999.900    1     
10033.233   1     
10066.566   1     
10099.899   1     
10133.232   1     
10166.565   1     
10199.898   1     
10233.231   1     
10266.564   1     
10299.897   1     
10333.230   1     
10366.563   1     
10399.896   1     
10433.229   1     
10466.562   1     
10499.895   1     
10533.228   1     
10566.561   1     
10599.894   1     
10633.227   1     
10666.560   1     
10699.893   1     
10733.226   1     
10766.559   1     
10799.892   1     
10833.225   1     
10866.558   1     
10899.891   1     
10933.224   1     
10966.557   1     
10999.890   1     
11033.223   1     
11066.556   1     
11099.889   1     
11133.222   1     
11166.555   1     
11199.888   1     
11233.221   1     
11266.554   1     
11299.887   1     
11333.220   1     
11366.553   1     
11399.886   1     
11433.219   1     
11466.552   1     
11499.885   1     
11533.218   1     
11566.551   1     
11599.884   1     
11633.217   1     
11666.550   1     
11699.883   1     
11733.216   1     
11766.549   1     
11799.882   1     
11833.215   1     
11866.548   1     
11899.881   1     
11933.214   1     
11966.547   1     
11999.880   1     
12033.213   1     
12066.546   1     
12099.879   1     
12133.212   1     
12166.545   1     
12199.878   1     
12233.211   1     
12266.544   1     
12299.877   1     
12333.210   1     
12366.543   1     
12399.876   1     
12433.209   1     
12466.542   1     
12499.875   1     
12533.208   1     
12566.541   1     
12599.874   1     
12633.207   1     
12666.540   1     
12699.873   1     
12733.206   1     
12766.539   1     
12799.872   1     
12833.205   1     
12866.538   1     
12899.871   1     
12933.204   1     
12966.537   1     
12999.870   1     
13033.203   1     
13066.536   1     
13099.869   1     
13133.202   1     
13166.535   1     
13199.868   1     
13233.201   1     
13266.534   1     
13299.867   1     
13333.200   1     
13366.533   1     
13399.866   1     
13433.199   1     
13466.532   1     
13499.865   1     
13533.198   1     
13566.531   1     
13599.864   1     
13633.197   1     
13666.530   1     
13699.863   1     
13733.196   1     
13766.529   1     
13799.862   1     
13833.195   1     
13866.528   1     
13899.861   1     
13933.194   2     
13966.527   2     
13999.860   2     
14033.193   2     
14066.526   2     
14099.859   2     
14133.192   2     
14166.525   2     
14199.858   2     
14233.191   2     
14266.524   2     
14299.857   2     
14333.190   2     
14366.523   2     
14399.856   2     
14433.189   2     
14466.522   2     
14499.855   2     
14533.188   2     
14566.521   2     
14599.854   2     
14633.187   2     
14666.520   2     
14699.853   2     
14733.186   2     
14766.519   2     
14799.852   2     
14833.185   2     
14866.518   2     
14899.851   2     
14933.184   2     
14966.517   2     
14999.850   2     
15033.183   2     
15066.516   2     
15099.849   2     
15133.182   2     
15166.515   2     
15199.848   2     
15233.181   2     
15266.514   2     
15299.847   2     
15333.180   2     
15366.513   2     
15399.846   2     
15433.179   2     
15466.512   2     
15499.845   2     
15533.178   2     
15566.511   2     
15599.844   2     
15633.177   2     
15666.510   2     
15699.843   2     
15733.176   2     
15766.509   2     
15799.842   2     
15833.175   2     
15866.508   2     
15899.841   2     
15933.174   2     
15966.507   2     
15999.840   2     
16033.173   2     
16066.506   2     
16099.839   2     
16133.172   2     
16166.505   2     
16199.838   2     
16233.171   2     
16266.504   2     
16299.837   2     
16333.170   2     
16366.503   2     
16399.836   2     
16433.169   2     
16466.502   2     
16499.835   2     
16533.168   2     
16566.501   2     
16599.834   2     
16633.167   2     
16666.500   2     
16699.833   2     
16733.166   2     
16766.499   2     
16799.832   2     
16833.165   2     
16866.498   2     
16899.831   2     
16933.164   2     
16966.497   2     
16999.830   2     
17033.163   2     
17066.496   2     
17099.829   2     
17133.162   2     
17166.495   2     
17199.828   2     
17233.161   2     
17266.494   2     
17299.827   2     
17333.160   2     
17366.493   2     
17399.826   2     
17433.159   2     
17466.492   2     
17499.825   2     
17533.158   2     
17566.491   2     
17599.824   2     
17633.157   2     
17666.490   2     
17699.823   2     
17733.156   2     
17766.489   2     
17799.822   2     
17833.155   2     
17866.488   2     
17899.821   2     
17933.154   2     
17966.487   2     
17999.820   2     
18033.153   2     
18066.486   2     
18099.819   2     
18133.152   2     
18166.485   2     
18199.818   2     
18233.151   2     
18266.484   2     
18299.817   2     
18333.150   2     
18366.483   2     
18399.816   2     
18433.149   2     
18466.482   2     
18499.815   2     
18533.148   2     
18566.481   2     
18599.814   2     
18633.147   2     
18666.480   2     
18699.813   2     
18733.146   2     
18766.479   2     
18799.812   2     
18833.145   2     
18866.478   2     
18899.811   2     
18933.144   2     
18966.477   2     
18999.810   2     
19033.143   2     
19066.476   2     
19099.809   2     
19133.142   2     
19166.475   2     
19199.808   2     
19233.141   2     
19266.474   2     
19299.807   2     
19333.140   2     
19366.473   2     
19399.806   2     
19433.139   2     
19466.472   2     
19499.805   2     
19533.138   2     
19566.471   2     
19599.804   2     
19633.137   2     
19666.470   2     
19699.803   2     
19733.136   2     
19766.469   2     
19799.802   2     
19833.135   2     
19866.468   2     
19899.801   2     
19933.134   2     
19966.467   2     
19999.800   2     
20033.133   2     
20066.466   2     
20099.799   2     
20133.132   2     
20166.465   2     
20199.798   2     
20233.131   2     
20266.464   2     
20299.797   2     
20333.130   2     
20366.463   2     
20399.796   2     
20433.129   2     
20466.462   2     
20499.795   2     
20533.128   2     
20566.461   2     
20599.794   2     
20633.127   2     
20666.460   2     
20699.793   2     
20733.126   2     
20766.459   2     
20799.792   2     
20833.125   2     
20866.458   2     
20899.791   2     
20933.124   2     
20966.457   2     
20999.790   2     
21033.123   2     
21066.456   2     
21099.789   2     
21133.122   2     
21166.455   2     
21199.788   2     
21233.121   2     
21266.454   2     
21299.787   2     
21333.120   2     
21366.453   2     
21399.786   2     
21433.119   2     
21466.452   2     
21499.785   2     
21533.118   2     
21566.451   2     
21599.784   2     
21633.117   2     
21666.450   2     
21699.783   2     
21733.116   2     
21766.449   2     
21799.782   2     
21833.115   2     
21866.448   2     
21899.781   2     
21933.114   2     
21966.447   2     
21999.780   2     
22033.113   2     
22066.446   2     
22099.779   2     
22133.112   2     
22166.445   2     
22199.778   2     
22233.111   2     
22266.444   2     
22299.777   2     
22333.110   2     
22366.443   2     
22399.776   2     
22433.109   2     
22466.442   2     
22499.775   2     
22533.108   2     
22566.441   2     
22599.774   2     
22633.107   2     
22666.440   2     
22699.773   2     
22733.106   2     
22766.439   2     
22799.772   2     
22833.105   2     
22866.438   2     
22899.771   2     
22933.104   2     
22966.437   2     
22999.770   2     
23033.103   2     
23066.436   2     
23099.769   2     
23133.102   2     
23166.435   2     
23199.768   2     
23233.101   2     
23266.434   2     
23299.767   2     
23333.100   2     
23366.433   2     
23399.766   2     
23433.099   2     
23466.432   2     
23499.765   2     
23533.098   2     
23566.431   2     
23599.764   2     
23633.097   2     
23666.430   2     
23699.763   2     
23733.096   2     
23766.429   2     
23799.762   2     
23833.095   2     
23866.428   2     
23899.761   2     
23933.094   2     
23966.427   2     
23999.760   2     
24033.093   2     
24066.426   2     
24099.759   2     
24133.092   2     
24166.425   2     
24199.758   2     
24233.091   2     
24266.424   2     
24299.757   2     
24333.090   2     
24366.423   2     
24399.756   2     
24433.089   2     
24466.422   2     
24499.755   2     
24533.088   2     
24566.421   2     
24599.754   2     
24633.087   2     
24666.420   2     
24699.753   2     
24733.086   2     
24766.419   2     
24799.752   2     
24833.085   2     
24866.418   2     
24899.751   2     
24933.084   2     
24966.417   2     
24999.750   2     
25033.083   2     
25066.416   2     
25099.749   2     
25133.082   2     
25166.415   2     
25199.748   2     
25233.081   2     
25266.414   2     
25299.747   2     
25333.080   2     
25366.413   2     
25399.746   2     
25433.079   2     
25466.412   2     
25499.745   2     
25533.078   2     
25566.411   2     
25599.744   2     
25633.077   2     
25666.410   2     
25699.743   2     
25733.076   2     
25766.409   2     
25799.742   2     
25833.075   2     
25866.408   2     
25899.741   2     
25933.074   2     
25966.407   2     
25999.740   2     
26033.073   2     
26066.406   2     
26099.739   2     
26133.072   2     
26166.405   2     
26199.738   2     
26233.071   2     
26266.404   2     
26299.737   2     
26333.070   2     
26366.403   2     
26399.736   2     
26433.069   2     
26466.402   2     
26499.735   2     
26533.068   2     
26566.401   2     
26599.734   2     
26633.067   2     
26666.400   2     
26699.733   2     
26733.066   2     
26766.399   2     
26799.732   2     
26833.065   2     
26866.398   2     
26899.731   2     
26933.064   2     
26966.397   2     
26999.730   2     
27033.063   2     
27066.396   2     
27099.729   2     
27133.062   2     
27166.395   2     
27199.728   2     
27233.061   2     
27266.394   2     
27299.727   2     
27333.060   2     
27366.393   2     
27399.726   2     
27433.059   2     
27466.392   2     
27499.725   2     
27533.058   2     
27566.391   2     
27599.724   2     
27633.057   2     
27666.390   2     
27699.723   2     
27733.056   2     
27766.389   2     
27799.722   2     
27833.055   2     
27866.388   2     
27899.721   2     
27933.054   2     
27966.387   2     
27999.720   2     
28033.053   2     
28066.386   2     
28099.719   2     
28133.052   2     
28166.385   2     
28199.718   2     
28233.051   2     
28266.384   2     
28299.717   2     
28333.050   2     
28366.383   2     
28399.716   2     
28433.049   2     
28466.382   2     
28499.715   2     
28533.048   2     
28566.381   2     
28599.714   2     
28633.047   2     
28666.380   2     
28699.713   2     
28733.046   2     
28766.379   2     
28799.712   2     
28833.045   2     
28866.378   2     
28899.711   2     
28933.044   2     
28966.377   2     
28999.710   2     
29033.043   2     
29066.376   2     
29099.709   2     
29133.042   2     
29166.375   2     
29199.708   2     
29233.041   2     
29266.374   2     
29299.707   2     
29333.040   2     
29366.373   2     
29399.706   2     
29433.039   2     
29466.372   2     
29499.705   2     
29533.038   2     
29566.371   2     
29599.704   2     
29633.037   2     
29666.370   2     
29699.703   2     
29733.036   2     
29766.369   2     
29799.702   2     
29833.035   2     
29866.368   2     
29899.701   2     
29933.034   2     
29966.367   2     
29999.700   2     
30033.033   2     
30066.366   2     
30099.699   2     
30133.032   2     
30166.365   2     
30199.698   2     
30233.031   2     
30266.364   2     
30299.697   2     
30333.030   2     
30366.363   2     
30399.696   2     
30433.029   2     
30466.362   2     
30499.695   2     
30533.028   2     
30566.361   2     
30599.694   2     
30633.027   2     
30666.360   2     
30699.693   2     
30733.026   2     
30766.359   2     
30799.692   3     
30833.025   3     
30866.358   3     
30899.691   3     
30933.024   3     
30966.357   3     
30999.690   3     
31033.023   3     
31066.356   3     
31099.689   3     
31133.022   3     
31166.355   3     
31199.688   3     
31233.021   3     
31266.354   3     
31299.687   3     
31333.020   3     
31366.353   3     
31399.686   3     
31433.019   3     
31466.352   3     
31499.685   3     
31533.018   3     
31566.351   3     
31599.684   3     
31633.017   3     
31666.350   3     
31699.683   3     
31733.016   3     
31766.349   3     
31799.682   3     
31833.015   3     
31866.348   3     
31899.681   3     
31933.014   3     
31966.347   3     
31999.680   3     
32033.013   3     
32066.346   3     
32099.679   3     
32133.012   3     
32166.345   3     
32199.678   3     
32233.011   3     
32266.344   3     
32299.677   3     
32333.010   3     
32366.343   3     
32399.676   3     
32433.009   3     
32466.342   3     
32499.675   3     
32533.008   3     
32566.341   3     
32599.674   3     
32633.007   3     
32666.340   3     
32699.673   3     
32733.006   3     
32766.339   3     
32799.672   3     
32833.005   3     
32866.338   3     
32899.671   3     
32933.004   3     
32966.337   3     
32999.670   4     
33033.003   4     
33066.336   4     
33099.669   4     
33133.002   4     
33166.335   4     
33199.668   4     
33233.001   4     
33266.334   4     
33299.667   4     
33333.000   4     
33366.333   4     
33399.666   4     
33432.999   4     
33466.332   4     
33499.665   4     
33532.998   4     
33566.331   4     
33599.664   4     
33632.997   4     
33666.330   4     
33699.663   4     
33732.996   4     
33766.329   4     
33799.662   4     
33832.995   4     
33866.328   4     
33899.661   4     
33932.994   4     
33966.327   4     
33999.660   4     
34032.993   4     
34066.326   4     
34099.659   4     
34132.992   4     
34166.325   4     
34199.658   4     
34232.991   4     
34266.324   4     
34299.657   4     
34332.990   4     
34366.323   4     
34399.656   4     
34432.989   4     
34466.322   4     
34499.655   4     
34532.988   4     
34566.321   4     
34599.654   4     
34632.987   4     
34666.320   4     
34699.653   4     
34732.986   4     
34766.319   4     
34799.652   4     
34832.985   4     
34866.318   4     
34899.651   4     
34932.984   4     
34966.317   4     
34999.650   4     
35032.983   4     
35066.316   4     
35099.649   4     
35132.982   4     
35166.315   4     
35199.648   4     
35232.981   4     
35266.314   4     
35299.647   4     
35332.980   4     
35366.313   4     
35399.646   4     
35432.979   4     
35466.312   4     
35499.645   4     
35532.978   4     
35566.311   4     
35599.644   4     
35632.977   4     
35666.310   4     
35699.643   4     
35732.976   4     
35766.309   4     
35799.642   4     
35832.975   4     
35866.308   4     
35899.641   4     
35932.974   4     
35966.307   4     
35999.640   4     
36032.973   4     
36066.306   4     
36099.639   4     
36132.972   4     
36166.305   4     
36199.638   4     
36232.971   4     
36266.304   4     
36299.637   4     
36332.970   4     
36366.303   4     
36399.636   4     
36432.969   4     
36466.302   4     
36499.635   4     
36532.968   4     
36566.301   4     
36599.634   4     
36632.967   4     
36666.300   4     
36699.633   4     
36732.966   4     
36766.299   4     
36799.632   4     
36832.965   4     
36866.298   4     
36899.631   4     
36932.964   4     
36966.297   4     
36999.630   4     
37032.963   4     
37066.296   4     
37099.629   4     
37132.962   4     
37166.295   4     
37199.628   4     
37232.961   4     
37266.294   4     
37299.627   4     
37332.960   4     
37366.293   4     
37399.626   4     
37432.959   4     
37466.292   4     
37499.625   4     
37532.958   4     
37566.291   4     
37599.624   4     
37632.957   4     
37666.290   4     
37699.623   4     
37732.956   4     
37766.289   4     
37799.622   4     
37832.955   4     
37866.288   4     
37899.621   4     
37932.954   4     
37966.287   4     
37999.620   4     
38032.953   4     
38066.286   4     
38099.619   4     
38132.952   4     
38166.285   4     
38199.618   4     
38232.951   4     
38266.284   4     
38299.617   4     
38332.950   4     
38366.283   4     
38399.616   4     
38432.949   4     
38466.282   4     
38499.615   4     
38532.948   4     
38566.281   4     
38599.614   4     
38632.947   4     
38666.280   4     
38699.613   4     
38732.946   4     
38766.279   4     
38799.612   4     
38832.945   1     
38866.278   7     
38899.611   7     
38932.944   7     
38966.277   7     
38999.610   7     
39032.943   7     
39066.276   7     
39099.609   7     
39132.942   7     
39166.275   7     
39199.608   7     
39232.941   7     
39266.274   7     
39299.607   7     
39332.940   7     
39366.273   7     
39399.606   7     
39432.939   7     
39466.272   7     
39499.605   7     
39532.938   7     
39566.271   7     
39599.604   7     
39632.937   7     
39666.270   7     
39699.603   7     
39732.936   7     
39766.269   7     
39799.602   7     
39832.935   7     
39866.268   7     
39899.601   7     
39932.934   7     
39966.267   7     
39999.600   7     
40032.933   7     
40066.266   7     
40099.599   7     
40132.932   7     
40166.265   7     
40199.598   7     
40232.931   7     
40266.264   7     
40299.597   7     
40332.930   7     
40366.263   7     
40399.596   7     
40432.929   7     
40466.262   7     
40499.595   7     
40532.928   7     
40566.261   7     
40599.594   7     
40632.927   7     
40666.260   7     
40699.593   7     
40732.926   7     
40766.259   7     
40799.592   7     
40832.925   7     
40866.258   7     
40899.591   7     
40932.924   7     
40966.257   7     
40999.590   7     
41032.923   7     
41066.256   7     
41099.589   7     
41132.922   7     
41166.255   7     
41199.588   7     
41232.921   7     
41266.254   7     
41299.587   7     
41332.920   7     
41366.253   7     
41399.586   7     
41432.919   7     
41466.252   7     
41499.585   7     
41532.918   7     
41566.251   7     
41599.584   7     
41632.917   7     
41666.250   7     
41699.583   7     
41732.916   7     
41766.249   7     
41799.582   7     
41832.915   7     
41866.248   7     
41899.581   7     
41932.914   7     
41966.247   7     
41999.580   7     
42032.913   7     
42066.246   7     
42099.579   7     
42132.912   7     
42166.245   7     
42199.578   7     
42232.911   7     
42266.244   7     
42299.577   7     
42332.910   7     
42366.243   7     
42399.576   7     
42432.909   7     
42466.242   7     
42499.575   7     
42532.908   7     
42566.241   7     
42599.574   7     
42632.907   7     
42666.240   7     
42699.573   7     
42732.906   7     
42766.239   7     
42799.572   7     
42832.905   7     
42866.238   7     
42899.571   7     
42932.904   7     
42966.237   7     
42999.570   7     
43032.903   7     
43066.236   7     
43099.569   7     
43132.902   7     
43166.235   7     
43199.568   7     
43232.901   7     
43266.234   7     
43299.567   7     
43332.900   7     
43366.233   7     
43399.566   7     
43432.899   7     
43466.232   7     
43499.565   7     
43532.898   7     
43566.231   7     
43599.564   7     
43632.897   7     
43666.230   7     
43699.563   7     
43732.896   7     
43766.229   7     
43799.562   7     
43832.895   7     
43866.228   7     
43899.561   7     
43932.894   7     
43966.227   7     
43999.560   7     
44032.893   7     
44066.226   7     
44099.559   7     
44132.892   7     
44166.225   7     
44199.558   7     
44232.891   7     
44266.224   7     
44299.557   7     
44332.890   7     
44366.223   7     
44399.556   7     
44432.889   7     
44466.222   7     
44499.555   7     
44532.888   7     
44566.221   7     
44599.554   7     
44632.887   7     
44666.220   7     
44699.553   7     
44732.886   7     
44766.219   7     
44799.552   7     
44832.885   7     
44866.218   7     
44899.551   7     
44932.884   7     
44966.217   7     
44999.550   7     
45032.883   7     
45066.216   7     
45099.549   7     
45132.882   7     
45166.215   7     
45199.548   7     
45232.881   7     
45266.214   7     
45299.547   8     
45332.880   8     
45366.213   8     
45399.546   8     
45432.879   8     
45466.212   8     
45499.545   8     
45532.878   8     
45566.211   8     
45599.544   8     
45632.877   8     
45666.210   8     
45699.543   8     
45732.876   8     
45766.209   8     
45799.542   8     
45832.875   8     
45866.208   8     
45899.541   8     
45932.874   8     
45966.207   8     
45999.540   8     
46032.873   8     
46066.206   8     
46099.539   8     
46132.872   8     
46166.205   8     
46199.538   8     
46232.871   8     
46266.204   8     
46299.537   8     
46332.870   8     
46366.203   8     
46399.536   8     
46432.869   8     
46466.202   8     
46499.535   8     
46532.868   8     
46566.201   8     
46599.534   8     
46632.867   8     
46666.200   8     
46699.533   8     
46732.866   8     
46766.199   8     
46799.532   8     
46832.865   8     
46866.198   8     
46899.531   8     
46932.864   8     
46966.197   8     
46999.530   8     
47032.863   8     
47066.196   8     
47099.529   8     
47132.862   8     
47166.195   8     
47199.528   8     
47232.861   8     
47266.194   8     
47299.527   8     
47332.860   8     
47366.193   8     
47399.526   8     
47432.859   8     
47466.192   8     
47499.525   8     
47532.858   8     
47566.191   8     
47599.524   8     
47632.857   8     
47666.190   8     
47699.523   8     
47732.856   8     
47766.189   8     
47799.522   8     
47832.855   8     
47866.188   8     
47899.521   8     
47932.854   8     
47966.187   8     
47999.520   8     
48032.853   8     
48066.186   8     
48099.519   8     
48132.852   8     
48166.185   8     
48199.518   8     
48232.851   8     
48266.184   8     
48299.517   8     
48332.850   8     
48366.183   8     
48399.516   8     
48432.849   8     
48466.182   8     
48499.515   8     
48532.848   8     
48566.181   8     
48599.514   8     
48632.847   8     
48666.180   8     
48699.513   8     
48732.846   8     
48766.179   8     
48799.512   8     
48832.845   8     
48866.178   8     
48899.511   8     
48932.844   8     
48966.177   8     
48999.510   8     
49032.843   8     
49066.176   8     
49099.509   8     
49132.842   8     
49166.175   8     
49199.508   8     
49232.841   8     
49266.174   8     
49299.507   8     
49332.840   8     
49366.173   8     
49399.506   8     
49432.839   8     
49466.172   8     
49499.505   8     
49532.838   8     
49566.171   8     
49599.504   8     
49632.837   8     
49666.170   8     
49699.503   8     
49732.836   8     
49766.169   8     
49799.502   8     
49832.835   8     
49866.168   8     
49899.501   8     
49932.834   8     
49966.167   8     
49999.500   8     
50032.833   8     
50066.166   8     
50099.499   8     
50132.832   8     
50166.165   8     
50199.498   8     
50232.831   8     
50266.164   8     
50299.497   8     
50332.830   8     
50366.163   8     
50399.496   8     
50432.829   8     
50466.162   8     
50499.495   8     
50532.828   8     
50566.161   8     
50599.494   8     
50632.827   8     
50666.160   8     
50699.493   8     
50732.826   8     
50766.159   8     
50799.492   8     
50832.825   8     
50866.158   8     
50899.491   8     
50932.824   8     
50966.157   8     
50999.490   8     
51032.823   8     
51066.156   8     
51099.489   8     
51132.822   8     
51166.155   8     
51199.488   8     
51232.821   8     
51266.154   8     
51299.487   8     
51332.820   8     
51366.153   8     
51399.486   8     
51432.819   8     
51466.152   8     
51499.485   8     
51532.818   8     
51566.151   8     
51599.484   8     
51632.817   8     
51666.150   8     
51699.483   8     
51732.816   8     
51766.149   3     
51799.482   3     
51832.815   3     
51866.148   3     
51899.481   3     
51932.814   3     
51966.147   3     
51999.480   3     
52032.813   3     
52066.146   3     
52099.479   3     
52132.812   3     
52166.145   3     
52199.478   3     
52232.811   3     
52266.144   3     
52299.477   3     
52332.810   3     
52366.143   3     
52399.476   3     
52432.809   3     
52466.142   3     
52499.475   3     
52532.808   3     
52566.141   3     
52599.474   3     
52632.807   3     
52666.140   3     
52699.473   3     
52732.806   3     
52766.139   3     
52799.472   3     
52832.805   3     
52866.138   3     
52899.471   3     
52932.804   3     
52966.137   3     
52999.470   3     
53032.803   3     
53066.136   3     
53099.469   3     
53132.802   3     
53166.135   3     
53199.468   3     
53232.801   3     
53266.134   3     
53299.467   3     
53332.800   3     
53366.133   3     
53399.466   3     
53432.799   3     
53466.132   3     
53499.465   3     
53532.798   3     
53566.131   3     
53599.464   3     
53632.797   3     
53666.130   3     
53699.463   3     
53732.796   3     
53766.129   3     
53799.462   3     
53832.795   3     
53866.128   3     
53899.461   3     
53932.794   3     
53966.127   3     
53999.460   3     
54032.793   3     
54066.126   3     
54099.459   3     
54132.792   3     
54166.125   3     
54199.458   3     
54232.791   3     
54266.124   3     
54299.457   3     
54332.790   3     
54366.123   3     
54399.456   3     
54432.789   3     
54466.122   3     
54499.455   3     
54532.788   3     
54566.121   3     
54599.454   3     
54632.787   3     
54666.120   3     
54699.453   3     
54732.786   3     
54766.119   3     
54799.452   3     
54832.785   3     
54866.118   3     
54899.451   3     
54932.784   3     
54966.117   3     
54999.450   3     
55032.783   3     
55066.116   3     
55099.449   3     
55132.782   3     
55166.115   3     
55199.448   3     
55232.781   3     
55266.114   3     
55299.447   3     
55332.780   3     
55366.113   3     
55399.446   3     
55432.779   3     
55466.112   3     
55499.445   3     
55532.778   3     
55566.111   3     
55599.444   3     
55632.777   3     
55666.110   3     
55699.443   3     
55732.776   3     
55766.109   3     
55799.442   3     
55832.775   3     
55866.108   3     
55899.441   3     
55932.774   3     
55966.107   3     
55999.440   3     
56032.773   3     
56066.106   3     
56099.439   3     
56132.772   3     
56166.105   3     
56199.438   5     
56232.771   5     
56266.104   5     
56299.437   5     
56332.770   5     
56366.103   5     
56399.436   5     
56432.769   5     
56466.102   5     
56499.435   5     
56532.768   5     
56566.101   5     
56599.434   5     
56632.767   5     
56666.100   5     
56699.433   5     
56732.766   5     
56766.099   5     
56799.432   5     
56832.765   5     
56866.098   5     
56899.431   5     
56932.764   5     
56966.097   5     
56999.430   5     
57032.763   5     
57066.096   5     
57099.429   5     
57132.762   5     
57166.095   5     
57199.428   5     
57232.761   5     
57266.094   5     
57299.427   5     
57332.760   5     
57366.093   5     
57399.426   5     
57432.759   5     
57466.092   5     
57499.425   5     
57532.758   5     
57566.091   5     
57599.424   5     
57632.757   5     
57666.090   5     
57699.423   5     
57732.756   5     
57766.089   5     
57799.422   5     
57832.755   5     
57866.088   5     
57899.421   5     
57932.754   5     
57966.087   5     
57999.420   5     
58032.753   5     
58066.086   5     
58099.419   5     
58132.752   5     
58166.085   5     
58199.418   5     
58232.751   5     
58266.084   5     
58299.417   5     
58332.750   5     
58366.083   5     
58399.416   5     
58432.749   5     
58466.082   5     
58499.415   5     
58532.748   5     
58566.081   5     
58599.414   5     
58632.747   5     
58666.080   5     
58699.413   5     
58732.746   5     
58766.079   5     
58799.412   5     
58832.745   5     
58866.078   5     
58899.411   5     
58932.744   5     
58966.077   5     
58999.410   7     
59032.743   7     
59066.076   7     
59099.409   7     
59132.742   7     
59166.075   7     
59199.408   7     
59232.741   7     
59266.074   7     
59299.407   7     
59332.740   7     
59366.073   7     
59399.406   7     
59432.739   7     
59466.072   7     
59499.405   7     
59532.738   7     
59566.071   7     
59599.404   7     
59632.737   7     
59666.070   7     
59699.403   7     
59732.736   7     
59766.069   7     
59799.402   7     
59832.735   7     
59866.068   7     
59899.401   7     
59932.734   7     
59966.067   7     
59999.400   7     
60032.733   7     
60066.066   7     
60099.399   7     
60132.732   7     
60166.065   7     
60199.398   7     
60232.731   7     
60266.064   7     
60299.397   7     
60332.730   7     
60366.063   7     
60399.396   7     
60432.729   7     
60466.062   7     
60499.395   7     
60532.728   7     
60566.061   7     
60599.394   7     
60632.727   7     
60666.060   7     
60699.393   7     
60732.726   7     
60766.059   7     
60799.392   7     
60832.725   7     
60866.058   7     
60899.391   7     
60932.724   7     
60966.057   7     
60999.390   7     
61032.723   7     
61066.056   7     
61099.389   7     
61132.722   7     
61166.055   7     
61199.388   7     
61232.721   7     
61266.054   7     
61299.387   7     
61332.720   7     
61366.053   7     
61399.386   7     
61432.719   7     
61466.052   7     
61499.385   7     
61532.718   7     
61566.051   7     
61599.384   7     
61632.717   7     
61666.050   7     
61699.383   7     
61732.716   7     
61766.049   7     
61799.382   7     
61832.715   7     
61866.048   7     
61899.381   7     
61932.714   7     
61966.047   7     
61999.380   7     
62032.713   7     
62066.046   7     
62099.379   7     
62132.712   7     
62166.045   7     
62199.378   7     
62232.711   7     
62266.044   7     
62299.377   7     
62332.710   7     
62366.043   7     
62399.376   7     
62432.709   7     
62466.042   7     
62499.375   7     
62532.708   7     
62566.041   7     
62599.374   7     
62632.707   7     
62666.040   7     
62699.373   7     
62732.706   7     
62766.039   7     
62799.372   7     
62832.705   7     
62866.038   7     
62899.371   7     
62932.704   7     
62966.037   7     
62999.370   7     
63032.703   7     
63066.036   7     
63099.369   7     
63132.702   7     
63166.035   7     
63199.368   7     
63232.701   7     
63266.034   7     
63299.367   7     
63332.700   7     
63366.033   7     
63399.366   7     
63432.699   7     
63466.032   7     
63499.365   7     
63532.698   7     
63566.031   7     
63599.364   7     
63632.697   7     
63666.030   7     
63699.363   7     
63732.696   7     
63766.029   7     
63799.362   7     
63832.695   7     
63866.028   7     
63899.361   7     
63932.694   7     
63966.027   7     
63999.360   7     
64032.693   7     
64066.026   7     
64099.359   7     
64132.692   7     
64166.025   7     
64199.358   7     
64232.691   7     
64266.024   7     
64299.357   7     
64332.690   7     
64366.023   7     
64399.356   7     
64432.689   7     
64466.022   7     
64499.355   7     
64532.688   7     
64566.021   7     
64599.354   7     
64632.687   7     
64666.020   7     
64699.353   7     
64732.686   7     
64766.019   7     
64799.352   7     
64832.685   7     
64866.018   7     
64899.351   7     
64932.684   7     
64966.017   7     
64999.350   7     
65032.683   7     
65066.016   7     
65099.349   7     
65132.682   7     
65166.015   7     
65199.348   7     
65232.681   7     
65266.014   7     
65299.347   7     
65332.680   7     
65366.013   7     
65399.346   8     
65432.679   8     
65466.012   8     
65499.345   8     
65532.678   8     
65566.011   8     
65599.344   8     
65632.677   8     
65666.010   8     
65699.343   8     
65732.676   8     
65766.009   8     
65799.342   8     
65832.675   8     
65866.008   8     
65899.341   8     
65932.674   8     
65966.007   8     
65999.340   8     
66032.673   8     
66066.006   8     
66099.339   8     
66132.672   8     
66166.005   8     
66199.338   8     
66232.671   8     
66266.004   8     
66299.337   8     
66332.670   8     
66366.003   8     
66399.336   8     
66432.669   8     
66466.002   8     
66499.335   8     
66532.668   8     
66566.001   8     
66599.334   8     
66632.667   8     
66666.000   8     
66699.333   8     
66732.666   8     
66765.999   8     
66799.332   8     
66832.665   8     
66865.998   8     
66899.331   8     
66932.664   8     
66965.997   8     
66999.330   8     
67032.663   8     
67065.996   8     
67099.329   8     
67132.662   8     
67165.995   8     
67199.328   8     
67232.661   8     
67265.994   8     
67299.327   8     
67332.660   8     
67365.993   8     
67399.326   8     
67432.659   8     
67465.992   8     
67499.325   8     
67532.658   8     
67565.991   8     
67599.324   8     
67632.657   8     
67665.990   8     
67699.323   8     
67732.656   8     
67765.989   8     
67799.322   8     
67832.655   8     
67865.988   8     
67899.321   8     
67932.654   8     
67965.987   8     
67999.320   8     
68032.653   8     
68065.986   8     
68099.319   8     
68132.652   8     
68165.985   8     
68199.318   8     
68232.651   8     
68265.984   8     
68299.317   8     
68332.650   8     
68365.983   8     
68399.316   8     
68432.649   8     
68465.982   8     
68499.315   8     
68532.648   8     
68565.981   8     
68599.314   8     
68632.647   8     
68665.980   8     
68699.313   8     
68732.646   8     
68765.979   8     
68799.312   8     
68832.645   8     
68865.978   8     
68899.311   8     
68932.644   8     
68965.977   8     
68999.310   8     
69032.643   8     
69065.976   8     
69099.309   8     
69132.642   8     
69165.975   8     
69199.308   8     
69232.641   8     
69265.974   8     
69299.307   8     
69332.640   8     
69365.973   8     
69399.306   8     
69432.639   8     
69465.972   8     
69499.305   8     
69532.638   8     
69565.971   8     
69599.304   8     
69632.637   8     
69665.970   8     
69699.303   8     
69732.636   8     
69765.969   8     
69799.302   8     
69832.635   8     
69865.968   8     
69899.301   8     
69932.634   8     
69965.967   8     
69999.300   8     
70032.633   8     
70065.966   8     
70099.299   8     
70132.632   8     
70165.965   8     
70199.298   8     
70232.631   8     
70265.964   8     
70299.297   8     
70332.630   8     
70365.963   8     
70399.296   8     
70432.629   8     
70465.962   8     
70499.295   8     
70532.628   8     
70565.961   8     
70599.294   8     
70632.627   8     
70665.960   8     
70699.293   8     
70732.626   8     
70765.959   8     
70799.292   8     
70832.625   8     
70865.958   8     
70899.291   8     
70932.624   8     
70965.957   8     
70999.290   8     
71032.623   8     
71065.956   8     
71099.289   3     
71132.622   3     
71165.955   3     
71199.288   3     
71232.621   3     
71265.954   3     
71299.287   3     
71332.620   3     
71365.953   3     
71399.286   3     
71432.619   3     
71465.952   3     
71499.285   3     
71532.618   3     
71565.951   3     
71599.284   3     
71632.617   3     
71665.950   3     
71699.283   3     
71732.616   3     
71765.949   3     
71799.282   3     
71832.615   3     
71865.948   3     
71899.281   3     
71932.614   3     
71965.947   3     
71999.280   3     
72032.613   3     
72065.946   3     
72099.279   3     
72132.612   3     
72165.945   3     
72199.278   3     
72232.611   3     
72265.944   3     
72299.277   3     
72332.610   3     
72365.943   3     
72399.276   3     
72432.609   3     
72465.942   3     
72499.275   3     
72532.608   3     
72565.941   3     
72599.274   3     
72632.607   3     
72665.940   3     
72699.273   3     
72732.606   3     
72765.939   3     
72799.272   3     
72832.605   3     
72865.938   3     
72899.271   3     
72932.604   3     
72965.937   3     
72999.270   3     
73032.603   3     
73065.936   3     
73099.269   3     
73132.602   3     
73165.935   3     
73199.268   3     
73232.601   3     
73265.934   3     
73299.267   3     
73332.600   3     
73365.933   3     
73399.266   3     
73432.599   3     
73465.932   3     
73499.265   3     
73532.598   3     
73565.931   3     
73599.264   3     
73632.597   3     
73665.930   6     
73699.263   6     
73732.596   6     
73765.929   6     
73799.262   6     
73832.595   6     
73865.928   6     
73899.261   6     
73932.594   6     
73965.927   6     
73999.260   6     
74032.593   6     
74065.926   6     
74099.259   6     
74132.592   6     
74165.925   6     
74199.258   6     
74232.591   6     
74265.924   6     
74299.257   6     
74332.590   6     
74365.923   6     
74399.256   6     
74432.589   6     
74465.922   6     
74499.255   6     
74532.588   6     
74565.921   6     
74599.254   6     
74632.587   6     
74665.920   6     
74699.253   6     
74732.586   6     
74765.919   6     
74799.252   6     
74832.585   6     
74865.918   6     
74899.251   6     
74932.584   6     
74965.917   6     
74999.250   6     
75032.583   6     
75065.916   6     
75099.249   6     
75132.582   6     
75165.915   6     
75199.248   6     
75232.581   6     
75265.914   6     
75299.247   6     
75332.580   6     
75365.913   6     
75399.246   6     
75432.579   6     
75465.912   6     
75499.245   6     
75532.578   6     
75565.911   6     
75599.244   6     
75632.577   6     
75665.910   6     
75699.243   6     
75732.576   6     
75765.909   6     
75799.242   6     
75832.575   6     
75865.908   6     
75899.241   6     
75932.574   6     
75965.907   6     
75999.240   6     
76032.573   6     
76065.906   6     
76099.239   6     
76132.572   6     
76165.905   6     
76199.238   6     
76232.571   6     
76265.904   6     
76299.237   6     
76332.570   6     
76365.903   6     
76399.236   6     
76432.569   6     
76465.902   6     
76499.235   6     
76532.568   6     
76565.901   6     
76599.234   6     
76632.567   6     
76665.900   6     
76699.233   6     
76732.566   6     
76765.899   6     
76799.232   6     
76832.565   6     
76865.898   6     
76899.231   6     
76932.564   6     
76965.897   6     
76999.230   6     
77032.563   6     
77065.896   6     
77099.229   6     
77132.562   6     
77165.895   6     
77199.228   6     
77232.561   6     
77265.894   6     
77299.227   6     
77332.560   6     
77365.893   6     
77399.226   6     
77432.559   6     
77465.892   6     
77499.225   6     
77532.558   6     
77565.891   6     
77599.224   6     
77632.557   6     
77665.890   6     
77699.223   6     
77732.556   6     
77765.889   6     
77799.222   6     
77832.555   6     
77865.888   6     
77899.221   6     
77932.554   6     
77965.887   6     
77999.220   6     
78032.553   6     
78065.886   6     
78099.219   6     
78132.552   6     
78165.885   6     
78199.218   6     
78232.551   6     
78265.884   6     
78299.217   6     
78332.550   6     
78365.883   6     
78399.216   6     
78432.549   6     
78465.882   6     
78499.215   6     
78532.548   6     
78565.881   6     
78599.214   6     
78632.547   6     
78665.880   6     
78699.213   6     
78732.546   6     
78765.879   6     
78799.212   6     
78832.545   6     
78865.878   6     
78899.211   6     
78932.544   6     
78965.877   6     
78999.210   6     
79032.543   6     
79065.876   6     
79099.209   6     
79132.542   6     
79165.875   6     
79199.208   6     
79232.541   6     
79265.874   6     
79299.207   6     
79332.540   6     
79365.873   6     
79399.206   6     
79432.539   6     
79465.872   6     
79499.205   6     
79532.538   6     
79565.871   6     
79599.204   6     
79632.537   6     
79665.870   6     
79699.203   6     
79732.536   6     
79765.869   6     
79799.202   6     
79832.535   6     
79865.868   6     
79899.201   6     
79932.534   6     
79965.867   6     
79999.200   6     
80032.533   6     
80065.866   6     
80099.199   6     
80132.532   6     
80165.865   6     
80199.198   6     
80232.531   6     
80265.864   6     
80299.197   6     
80332.530   6     
80365.863   6     
80399.196   6     
80432.529   6     
80465.862   6     
80499.195   6     
80532.528   6     
80565.861   6     
80599.194   6     
80632.527   6     
80665.860   6     
80699.193   6     
80732.526   6     
80765.859   6     
80799.192   6     
80832.525   6     
80865.858   6     
80899.191   6     
80932.524   6     
80965.857   6     
80999.190   6     
81032.523   6     
81065.856   6     
81099.189   6     
81132.522   6     
81165.855   6     
81199.188   6     
81232.521   6     
81265.854   6     
81299.187   6     
81332.520   6     
81365.853   6     
81399.186   6     
81432.519   6     
81465.852   6     
81499.185   6     
81532.518   6     
81565.851   6     
81599.184   6     
81632.517   6     
81665.850   6     
81699.183   6     
81732.516   6     
81765.849   6     
81799.182   6     
81832.515   6     
81865.848   6     
81899.181   6     
81932.514   6     
81965.847   6     
81999.180   6     
82032.513   7     
82065.846   7     
82099.179   7     
82132.512   7     
82165.845   7     
82199.178   7     
82232.511   7     
82265.844   7     
82299.177   7     
82332.510   7     
82365.843   7     
82399.176   7     
82432.509   7     
82465.842   7     
82499.175   7     
82532.508   7     
82565.841   7     
82599.174   7     
82632.507   7     
82665.840   7     
82699.173   7     
82732.506   7     
82765.839   7     
82799.172   7     
82832.505   7     
82865.838   7     
82899.171   7     
82932.504   7     
82965.837   7     
82999.170   7     
83032.503   7     
83065.836   7     
83099.169   7     
83132.502   7     
83165.835   7     
83199.168   7     
83232.501   7     
83265.834   7     
83299.167   7     
83332.500   7     
83365.833   7     
83399.166   7     
83432.499   7     
83465.832   7     
83499.165   7     
83532.498   7     
83565.831   7     
83599.164   7     
83632.497   7     
83665.830   7     
83699.163   7     
83732.496   7     
83765.829   7     
83799.162   7     
83832.495   7     
83865.828   7     
83899.161   7     
83932.494   7     
83965.827   7     
83999.160   7     
84032.493   7     
84065.826   7     
84099.159   7     
84132.492   7     
84165.825   7     
84199.158   7     
84232.491   7     
84265.824   7     
84299.157   7     
84332.490   7     
84365.823   7     
84399.156   7     
84432.489   7     
84465.822   7     
84499.155   7     
84532.488   7     
84565.821   7     
84599.154   7     
84632.487   7     
84665.820   7     
84699.153   7     
84732.486   7     
84765.819   7     
84799.152   7     
84832.485   7     
84865.818   7     
84899.151   7     
84932.484   7     
84965.817   7     
84999.150   7     
85032.483   7     
85065.816   7     
85099.149   7     
85132.482   7     
85165.815   7     
85199.148   7     
85232.481   7     
85265.814   7     
85299.147   7     
85332.480   7     
85365.813   7     
85399.146   7     
85432.479   7     
85465.812   7     
85499.145   7     
85532.478   7     
85565.811   7     
85599.144   8     
85632.477   8     
85665.810   8     
85699.143   8     
85732.476   8     
85765.809   8     
85799.142   8     
85832.475   8     
85865.808   8     
85899.141   8     
85932.474   8     
85965.807   8     
85999.140   8     
86032.473   8     
86065.806   8     
86099.139   8     
86132.472   8     
86165.805   8     
86199.138   8     
86232.471   8     
86265.804   8     
86299.137   8     
86332.470   8     
86365.803   8     
86399.136   8     
86432.469   8     
86465.802   8     
86499.135   8     
86532.468   8     
86565.801   8     
86599.134   8     
86632.467   8     
86665.800   8     
86699.133   8     
86732.466   8     
86765.799   8     
86799.132   8     
86832.465   8     
86865.798   8     
86899.131   8     
86932.464   8     
86965.797   8     
86999.130   8     
87032.463   8     
87065.796   8     
87099.129   8     
87132.462   8     
87165.795   8     
87199.128   8     
87232.461   8     
87265.794   8     
87299.127   8     
87332.460   8     
87365.793   8     
87399.126   8     
87432.459   8     
87465.792   8     
87499.125   8     
87532.458   8     
87565.791   8     
87599.124   8     
87632.457   8     
87665.790   8     
87699.123   8     
87732.456   8     
87765.789   8     
87799.122   8     
87832.455   8     
87865.788   8     
87899.121   8     
87932.454   8     
87965.787   8     
87999.120   8     
88032.453   8     
88065.786   8     
88099.119   8     
88132.452   8     
88165.785   8     
88199.118   8     
88232.451   8     
88265.784   8     
88299.117   8     
88332.450   8     
88365.783   8     
88399.116   8     
88432.449   8     
88465.782   8     
88499.115   8     
88532.448   8     
88565.781   8     
88599.114   8     
88632.447   8     
88665.780   8     
88699.113   8     
88732.446   8     
88765.779   8     
88799.112   8     
88832.445   8     
88865.778   8     
88899.111   8     
88932.444   8     
88965.777   8     
88999.110   8     
89032.443   8     
89065.776   8     
89099.109   8     
89132.442   8     
89165.775   8     
89199.108   8     
89232.441   8     
89265.774   8     
89299.107   8     
89332.440   8     
89365.773   8     
89399.106   8     
89432.439   8     
89465.772   8     
89499.105   8     
89532.438   8     
89565.771   8     
89599.104   8     
89632.437   8     
89665.770   8     
89699.103   8     
89732.436   8     
89765.769   8     
89799.102   8     
89832.435   8     
89865.768   8     
89899.101   8     
89932.434   8     
89965.767   8     
89999.100   8     
90032.433   8     
90065.766   8     
90099.099   8     
90132.432   8     
90165.765   8     
90199.098   8     
90232.431   8     
90265.764   8     
90299.097   8     
90332.430   8     
90365.763   8     
90399.096   8     
90432.429   8     
90465.762   8     
90499.095   8     
90532.428   8     
90565.761   8     
90599.094   8     
90632.427   8     
90665.760   8     
90699.093   8     
90732.426   8     
90765.759   8     
90799.092   8     
90832.425   8     
90865.758   8     
90899.091   8     
90932.424   8     
90965.757   8     
90999.090   8     
91032.423   8     
91065.756   8     
91099.089   8     
91132.422   8     
91165.755   8     
91199.088   8     
91232.421   8     
91265.754   8     
91299.087   8     
91332.420   8     
91365.753   8     
91399.086   8     
91432.419   8     
91465.752   8     
91499.085   8     
91532.418   8     
91565.751   8     
91599.084   8     
91632.417   8     
91665.750   8     
91699.083   8     
91732.416   8     
91765.749   8     
91799.082   8     
91832.415   8     
91865.748   8     
91899.081   8     
91932.414   8     
91965.747   8     
91999.080   8     
92032.413   8     
92065.746   8     
92099.079   8     
92132.412   8     
92165.745   8     
92199.078   8     
92232.411   8     
92265.744   8     
92299.077   8     
92332.410   8     
92365.743   8     
92399.076   8     
92432.409   8     
92465.742   8     
92499.075   8     
92532.408   8     
92565.741   8     
92599.074   8     
92632.407   8     
92665.740   9     
92699.073   9     
92732.406   9     
92765.739   9     
92799.072   9     
92832.405   9     
92865.738   9     
92899.071   9     
92932.404   9     
92965.737   9     
92999.070   9     
93032.403   9     
93065.736   9     
93099.069   9     
93132.402   9     
93165.735   9     
93199.068   9     
93232.401   9     
93265.734   9     
93299.067   9     
93332.400   9     
93365.733   9     
93399.066   9     
93432.399   9     
93465.732   9     
93499.065   9     
93532.398   9     
93565.731   9     
93599.064   9     
93632.397   9     
93665.730   9     
93699.063   9     
93732.396   9     
93765.729   9     
93799.062   9     
93832.395   9     
93865.728   9     
93899.061   9     
93932.394   9     
93965.727   9     
93999.060   9     
94032.393   9     
94065.726   9     
94099.059   9     
