Time (ms)   Label 
0.000       9     
33.333      9     
66.666      9     
99.999      9     
133.332     9     
166.665     9     
199.998     9     
233.331     9     
266.664     9     
299.997     9     
333.330     9     
366.663     9     
399.996     9     
433.329     9     
466.662     9     
499.995     9     
533.328     9     
566.661     9     
599.994     9     
633.327     9     
666.660     9     
699.993     9     
733.326     9     
766.659     9     
799.992     9     
833.325     9     
866.658     1     
899.991     1     
933.324     1     
966.657     1     
999.990     1     
1033.323    1     
1066.656    1     
1099.989    1     
1133.322    1     
1166.655    1     
1199.988    1     
1233.321    1     
1266.654    1     
1299.987    1     
1333.320    1     
1366.653    1     
1399.986    1     
1433.319    1     
1466.652    1     
1499.985    1     
1533.318    1     
1566.651    1     
1599.984    1     
1633.317    1     
1666.650    1     
1699.983    1     
1733.316    1     
1766.649    1     
1799.982    1     
1833.315    1     
1866.648    1     
1899.981    1     
1933.314    1     
1966.647    1     
1999.980    1     
2033.313    1     
2066.646    1     
2099.979    1     
2133.312    1     
2166.645    1     
2199.978    1     
2233.311    1     
2266.644    1     
2299.977    1     
2333.310    1     
2366.643    1     
2399.976    1     
2433.309    1     
2466.642    1     
2499.975    1     
2533.308    1     
2566.641    1     
2599.974    1     
2633.307    1     
2666.640    1     
2699.973    1     
2733.306    1     
2766.639    1     
2799.972    1     
2833.305    1     
2866.638    1     
2899.971    1     
2933.304    1     
2966.637    1     
2999.970    1     
3033.303    1     
3066.636    1     
3099.969    1     
3133.302    1     
3166.635    1     
3199.968    1     
3233.301    1     
3266.634    1     
3299.967    1     
3333.300    1     
3366.633    1     
3399.966    1     
3433.299    1     
3466.632    1     
3499.965    1     
3533.298    1     
3566.631    1     
3599.964    1     
3633.297    1     
3666.630    1     
3699.963    1     
3733.296    1     
3766.629    1     
3799.962    1     
3833.295    1     
3866.628    1     
3899.961    1     
3933.294    1     
3966.627    1     
3999.960    1     
4033.293    1     
4066.626    1     
4099.959    1     
4133.292    1     
4166.625    1     
4199.958    1     
4233.291    1     
4266.624    1     
4299.957    1     
4333.290    1     
4366.623    1     
4399.956    1     
4433.289    1     
4466.622    1     
4499.955    1     
4533.288    1     
4566.621    1     
4599.954    1     
4633.287    1     
4666.620    1     
4699.953    1     
4733.286    1     
4766.619    1     
4799.952    1     
4833.285    1     
4866.618    1     
4899.951    1     
4933.284    1     
4966.617    1     
4999.950    1     
5033.283    1     
5066.616    1     
5099.949    1     
5133.282    1     
5166.615    1     
5199.948    1     
5233.281    1     
5266.614    1     
5299.947    1     
5333.280    1     
5366.613    1     
5399.946    1     
5433.279    1     
5466.612    1     
5499.945    1     
5533.278    1     
5566.611    1     
5599.944    1     
5633.277    1     
5666.610    1     
5699.943    1     
5733.276    1     
5766.609    1     
5799.942    1     
5833.275    1     
5866.608    1     
5899.941    1     
5933.274    1     
5966.607    1     
5999.940    1     
6033.273    1     
6066.606    1     
6099.939    1     
6133.272    1     
6166.605    1     
6199.938    1     
6233.271    1     
6266.604    1     
6299.937    1     
6333.270    1     
6366.603    1     
6399.936    1     
6433.269    1     
6466.602    1     
6499.935    1     
6533.268    1     
6566.601    1     
6599.934    1     
6633.267    1     
6666.600    1     
6699.933    1     
6733.266    1     
6766.599    1     
6799.932    1     
6833.265    1     
6866.598    1     
6899.931    1     
6933.264    1     
6966.597    1     
6999.930    1     
7033.263    1     
7066.596    1     
7099.929    1     
7133.262    1     
7166.595    1     
7199.928    1     
7233.261    1     
7266.594    1     
7299.927    1     
7333.260    1     
7366.593    1     
7399.926    1     
7433.259    1     
7466.592    1     
7499.925    1     
7533.258    1     
7566.591    1     
7599.924    1     
7633.257    1     
7666.590    1     
7699.923    1     
7733.256    1     
7766.589    1     
7799.922    1     
7833.255    1     
7866.588    1     
7899.921    1     
7933.254    1     
7966.587    1     
7999.920    1     
8033.253    1     
8066.586    1     
8099.919    1     
8133.252    1     
8166.585    1     
8199.918    1     
8233.251    1     
8266.584    1     
8299.917    1     
8333.250    1     
8366.583    1     
8399.916    1     
8433.249    1     
8466.582    1     
8499.915    1     
8533.248    1     
8566.581    1     
8599.914    1     
8633.247    1     
8666.580    1     
8699.913    1     
8733.246    1     
8766.579    1     
8799.912    1     
8833.245    1     
8866.578    1     
8899.911    1     
8933.244    1     
8966.577    1     
8999.910    1     
9033.243    1     
9066.576    1     
9099.909    1     
9133.242    1     
9166.575    1     
9199.908    1     
9233.241    1     
9266.574    1     
9299.907    1     
9333.240    1     
9366.573    1     
9399.906    1     
9433.239    1     
9466.572    1     
9499.905    1     
9533.238    1     
9566.571    1     
9599.904    1     
9633.237    1     
9666.570    1     
9699.903    1     
9733.236    1     
9766.569    1     
9799.902    1     
9833.235    1     
9866.568    1     
9899.901    1     
9933.234    1     
9966.567    1     
9999.900    1     
10033.233   1     
10066.566   1     
10099.899   1     
10133.232   1     
10166.565   1     
10199.898   1     
10233.231   1     
10266.564   1     
10299.897   1     
10333.230   1     
10366.563   1     
10399.896   1     
10433.229   1     
10466.562   1     
10499.895   1     
10533.228   1     
10566.561   1     
10599.894   1     
10633.227   1     
10666.560   1     
10699.893   1     
10733.226   1     
10766.559   1     
10799.892   1     
10833.225   1     
10866.558   1     
10899.891   2     
10933.224   2     
10966.557   2     
10999.890   2     
11033.223   2     
11066.556   2     
11099.889   2     
11133.222   2     
11166.555   2     
11199.888   2     
11233.221   2     
11266.554   2     
11299.887   2     
11333.220   2     
11366.553   2     
11399.886   2     
11433.219   2     
11466.552   2     
11499.885   2     
11533.218   2     
11566.551   2     
11599.884   2     
11633.217   2     
11666.550   2     
11699.883   2     
11733.216   2     
11766.549   2     
11799.882   2     
11833.215   2     
11866.548   2     
11899.881   2     
11933.214   2     
11966.547   2     
11999.880   2     
12033.213   2     
12066.546   2     
12099.879   2     
12133.212   2     
12166.545   2     
12199.878   2     
12233.211   2     
12266.544   2     
12299.877   2     
12333.210   2     
12366.543   2     
12399.876   2     
12433.209   2     
12466.542   2     
12499.875   2     
12533.208   2     
12566.541   2     
12599.874   2     
12633.207   2     
12666.540   2     
12699.873   2     
12733.206   2     
12766.539   2     
12799.872   2     
12833.205   2     
12866.538   2     
12899.871   2     
12933.204   2     
12966.537   2     
12999.870   2     
13033.203   2     
13066.536   2     
13099.869   2     
13133.202   2     
13166.535   2     
13199.868   2     
13233.201   2     
13266.534   2     
13299.867   2     
13333.200   2     
13366.533   2     
13399.866   2     
13433.199   2     
13466.532   2     
13499.865   2     
13533.198   2     
13566.531   2     
13599.864   2     
13633.197   2     
13666.530   2     
13699.863   2     
13733.196   2     
13766.529   2     
13799.862   2     
13833.195   2     
13866.528   2     
13899.861   2     
13933.194   2     
13966.527   2     
13999.860   2     
14033.193   2     
14066.526   2     
14099.859   2     
14133.192   2     
14166.525   2     
14199.858   2     
14233.191   2     
14266.524   2     
14299.857   2     
14333.190   2     
14366.523   2     
14399.856   2     
14433.189   2     
14466.522   2     
14499.855   2     
14533.188   2     
14566.521   2     
14599.854   2     
14633.187   2     
14666.520   2     
14699.853   2     
14733.186   2     
14766.519   2     
14799.852   2     
14833.185   2     
14866.518   2     
14899.851   2     
14933.184   2     
14966.517   2     
14999.850   2     
15033.183   2     
15066.516   2     
15099.849   2     
15133.182   2     
15166.515   2     
15199.848   2     
15233.181   2     
15266.514   2     
15299.847   2     
15333.180   2     
15366.513   2     
15399.846   2     
15433.179   2     
15466.512   2     
15499.845   2     
15533.178   2     
15566.511   2     
15599.844   2     
15633.177   2     
15666.510   2     
15699.843   2     
15733.176   2     
15766.509   2     
15799.842   2     
15833.175   2     
15866.508   2     
15899.841   2     
15933.174   2     
15966.507   2     
15999.840   2     
16033.173   2     
16066.506   2     
16099.839   2     
16133.172   2     
16166.505   2     
16199.838   2     
16233.171   2     
16266.504   2     
16299.837   2     
16333.170   2     
16366.503   2     
16399.836   2     
16433.169   2     
16466.502   2     
16499.835   2     
16533.168   2     
16566.501   2     
16599.834   2     
16633.167   2     
16666.500   2     
16699.833   2     
16733.166   2     
16766.499   2     
16799.832   2     
16833.165   2     
16866.498   2     
16899.831   2     
16933.164   2     
16966.497   2     
16999.830   2     
17033.163   2     
17066.496   2     
17099.829   2     
17133.162   2     
17166.495   2     
17199.828   2     
17233.161   2     
17266.494   2     
17299.827   2     
17333.160   2     
17366.493   2     
17399.826   2     
17433.159   2     
17466.492   2     
17499.825   2     
17533.158   2     
17566.491   2     
17599.824   2     
17633.157   2     
17666.490   2     
17699.823   2     
17733.156   2     
17766.489   2     
17799.822   2     
17833.155   2     
17866.488   2     
17899.821   2     
17933.154   2     
17966.487   2     
17999.820   2     
18033.153   2     
18066.486   2     
18099.819   2     
18133.152   2     
18166.485   2     
18199.818   2     
18233.151   2     
18266.484   2     
18299.817   2     
18333.150   2     
18366.483   2     
18399.816   2     
18433.149   2     
18466.482   2     
18499.815   2     
18533.148   2     
18566.481   2     
18599.814   2     
18633.147   2     
18666.480   2     
18699.813   2     
18733.146   2     
18766.479   2     
18799.812   2     
18833.145   2     
18866.478   2     
18899.811   2     
18933.144   2     
18966.477   2     
18999.810   2     
19033.143   2     
19066.476   2     
19099.809   2     
19133.142   2     
19166.475   2     
19199.808   2     
19233.141   2     
19266.474   2     
19299.807   2     
19333.140   2     
19366.473   2     
19399.806   2     
19433.139   2     
19466.472   2     
19499.805   2     
19533.138   2     
19566.471   2     
19599.804   2     
19633.137   2     
19666.470   2     
19699.803   2     
19733.136   2     
19766.469   2     
19799.802   2     
19833.135   2     
19866.468   2     
19899.801   2     
19933.134   2     
19966.467   2     
19999.800   2     
20033.133   2     
20066.466   2     
20099.799   2     
20133.132   2     
20166.465   2     
20199.798   2     
20233.131   2     
20266.464   2     
20299.797   2     
20333.130   2     
20366.463   2     
20399.796   2     
20433.129   2     
20466.462   2     
20499.795   2     
20533.128   2     
20566.461   2     
20599.794   2     
20633.127   2     
20666.460   2     
20699.793   2     
20733.126   2     
20766.459   2     
20799.792   2     
20833.125   2     
20866.458   2     
20899.791   2     
20933.124   2     
20966.457   2     
20999.790   2     
21033.123   2     
21066.456   2     
21099.789   2     
21133.122   2     
21166.455   2     
21199.788   2     
21233.121   2     
21266.454   2     
21299.787   2     
21333.120   2     
21366.453   2     
21399.786   2     
21433.119   2     
21466.452   2     
21499.785   2     
21533.118   2     
21566.451   2     
21599.784   2     
21633.117   2     
21666.450   2     
21699.783   2     
21733.116   2     
21766.449   2     
21799.782   2     
21833.115   2     
21866.448   2     
21899.781   2     
21933.114   2     
21966.447   2     
21999.780   2     
22033.113   2     
22066.446   2     
22099.779   2     
22133.112   2     
22166.445   2     
22199.778   2     
22233.111   2     
22266.444   2     
22299.777   2     
22333.110   2     
22366.443   2     
22399.776   2     
22433.109   2     
22466.442   2     
22499.775   2     
22533.108   2     
22566.441   2     
22599.774   2     
22633.107   2     
22666.440   2     
22699.773   2     
22733.106   2     
22766.439   2     
22799.772   2     
22833.105   2     
22866.438   2     
22899.771   2     
22933.104   2     
22966.437   2     
22999.770   2     
23033.103   2     
23066.436   2     
23099.769   2     
23133.102   2     
23166.435   2     
23199.768   2     
23233.101   2     
23266.434   2     
23299.767   2     
23333.100   2     
23366.433   2     
23399.766   2     
23433.099   2     
23466.432   2     
23499.765   2     
23533.098   2     
23566.431   2     
23599.764   2     
23633.097   2     
23666.430   2     
23699.763   2     
23733.096   2     
23766.429   2     
23799.762   2     
23833.095   2     
23866.428   2     
23899.761   2     
23933.094   2     
23966.427   2     
23999.760   2     
24033.093   2     
24066.426   2     
24099.759   2     
24133.092   2     
24166.425   2     
24199.758   2     
24233.091   2     
24266.424   2     
24299.757   2     
24333.090   2     
24366.423   2     
24399.756   2     
24433.089   2     
24466.422   2     
24499.755   2     
24533.088   2     
24566.421   2     
24599.754   2     
24633.087   2     
24666.420   2     
24699.753   2     
24733.086   2     
24766.419   2     
24799.752   2     
24833.085   2     
24866.418   2     
24899.751   2     
24933.084   2     
24966.417   2     
24999.750   2     
25033.083   2     
25066.416   2     
25099.749   2     
25133.082   2     
25166.415   2     
25199.748   2     
25233.081   2     
25266.414   2     
25299.747   2     
25333.080   2     
25366.413   2     
25399.746   2     
25433.079   2     
25466.412   2     
25499.745   2     
25533.078   2     
25566.411   2     
25599.744   2     
25633.077   2     
25666.410   2     
25699.743   2     
25733.076   2     
25766.409   2     
25799.742   2     
25833.075   2     
25866.408   2     
25899.741   2     
25933.074   2     
25966.407   2     
25999.740   2     
26033.073   2     
26066.406   2     
26099.739   2     
26133.072   2     
26166.405   2     
26199.738   2     
26233.071   2     
26266.404   2     
26299.737   2     
26333.070   2     
26366.403   2     
26399.736   2     
26433.069   2     
26466.402   2     
26499.735   2     
26533.068   2     
26566.401   2     
26599.734   2     
26633.067   2     
26666.400   2     
26699.733   2     
26733.066   2     
26766.399   2     
26799.732   2     
26833.065   2     
26866.398   2     
26899.731   2     
26933.064   2     
26966.397   2     
26999.730   2     
27033.063   2     
27066.396   2     
27099.729   2     
27133.062   2     
27166.395   2     
27199.728   2     
27233.061   2     
27266.394   2     
27299.727   2     
27333.060   2     
27366.393   2     
27399.726   2     
27433.059   2     
27466.392   2     
27499.725   2     
27533.058   2     
27566.391   2     
27599.724   2     
27633.057   2     
27666.390   2     
27699.723   2     
27733.056   2     
27766.389   2     
27799.722   2     
27833.055   2     
27866.388   2     
27899.721   2     
27933.054   2     
27966.387   2     
27999.720   2     
28033.053   2     
28066.386   2     
28099.719   2     
28133.052   2     
28166.385   2     
28199.718   2     
28233.051   2     
28266.384   2     
28299.717   2     
28333.050   2     
28366.383   2     
28399.716   2     
28433.049   2     
28466.382   2     
28499.715   2     
28533.048   2     
28566.381   2     
28599.714   2     
28633.047   2     
28666.380   2     
28699.713   2     
28733.046   2     
28766.379   2     
28799.712   2     
28833.045   2     
28866.378   2     
28899.711   2     
28933.044   2     
28966.377   2     
28999.710   2     
29033.043   2     
29066.376   3     
29099.709   3     
29133.042   3     
29166.375   3     
29199.708   3     
29233.041   3     
29266.374   3     
29299.707   3     
29333.040   3     
29366.373   3     
29399.706   3     
29433.039   3     
29466.372   3     
29499.705   3     
29533.038   3     
29566.371   3     
29599.704   3     
29633.037   3     
29666.370   3     
29699.703   3     
29733.036   3     
29766.369   3     
29799.702   3     
29833.035   3     
29866.368   3     
29899.701   3     
29933.034   3     
29966.367   3     
29999.700   3     
30033.033   3     
30066.366   3     
30099.699   3     
30133.032   3     
30166.365   3     
30199.698   3     
30233.031   3     
30266.364   3     
30299.697   3     
30333.030   3     
30366.363   3     
30399.696   3     
30433.029   3     
30466.362   3     
30499.695   3     
30533.028   3     
30566.361   3     
30599.694   3     
30633.027   3     
30666.360   3     
30699.693   3     
30733.026   3     
30766.359   3     
30799.692   3     
30833.025   3     
30866.358   3     
30899.691   3     
30933.024   3     
30966.357   3     
30999.690   3     
31033.023   3     
31066.356   3     
31099.689   3     
31133.022   3     
31166.355   3     
31199.688   3     
31233.021   3     
31266.354   3     
31299.687   3     
31333.020   3     
31366.353   3     
31399.686   3     
31433.019   3     
31466.352   3     
31499.685   3     
31533.018   3     
31566.351   3     
31599.684   3     
31633.017   4     
31666.350   4     
31699.683   4     
31733.016   4     
31766.349   4     
31799.682   4     
31833.015   4     
31866.348   4     
31899.681   4     
31933.014   4     
31966.347   4     
31999.680   4     
32033.013   4     
32066.346   4     
32099.679   4     
32133.012   4     
32166.345   4     
32199.678   4     
32233.011   4     
32266.344   4     
32299.677   4     
32333.010   4     
32366.343   4     
32399.676   4     
32433.009   4     
32466.342   4     
32499.675   4     
32533.008   4     
32566.341   4     
32599.674   4     
32633.007   4     
32666.340   4     
32699.673   4     
32733.006   4     
32766.339   4     
32799.672   4     
32833.005   4     
32866.338   4     
32899.671   4     
32933.004   4     
32966.337   4     
32999.670   4     
33033.003   4     
33066.336   4     
33099.669   4     
33133.002   4     
33166.335   4     
33199.668   4     
33233.001   4     
33266.334   4     
33299.667   4     
33333.000   4     
33366.333   4     
33399.666   4     
33432.999   4     
33466.332   4     
33499.665   4     
33532.998   4     
33566.331   4     
33599.664   4     
33632.997   4     
33666.330   4     
33699.663   4     
33732.996   4     
33766.329   4     
33799.662   4     
33832.995   4     
33866.328   4     
33899.661   4     
33932.994   4     
33966.327   4     
33999.660   4     
34032.993   4     
34066.326   4     
34099.659   4     
34132.992   4     
34166.325   4     
34199.658   4     
34232.991   4     
34266.324   4     
34299.657   4     
34332.990   4     
34366.323   4     
34399.656   4     
34432.989   4     
34466.322   4     
34499.655   4     
34532.988   4     
34566.321   4     
34599.654   4     
34632.987   4     
34666.320   4     
34699.653   4     
34732.986   4     
34766.319   4     
34799.652   4     
34832.985   4     
34866.318   4     
34899.651   4     
34932.984   4     
34966.317   4     
34999.650   4     
35032.983   4     
35066.316   4     
35099.649   4     
35132.982   4     
35166.315   4     
35199.648   4     
35232.981   4     
35266.314   4     
35299.647   4     
35332.980   4     
35366.313   4     
35399.646   4     
35432.979   4     
35466.312   4     
35499.645   4     
35532.978   4     
35566.311   4     
35599.644   4     
35632.977   4     
35666.310   4     
35699.643   4     
35732.976   4     
35766.309   4     
35799.642   4     
35832.975   4     
35866.308   4     
35899.641   4     
35932.974   4     
35966.307   4     
35999.640   4     
36032.973   4     
36066.306   4     
36099.639   4     
36132.972   4     
36166.305   4     
36199.638   4     
36232.971   4     
36266.304   4     
36299.637   4     
36332.970   4     
36366.303   4     
36399.636   4     
36432.969   4     
36466.302   4     
36499.635   4     
36532.968   4     
36566.301   4     
36599.634   4     
36632.967   4     
36666.300   4     
36699.633   4     
36732.966   4     
36766.299   4     
36799.632   4     
36832.965   4     
36866.298   4     
36899.631   4     
36932.964   4     
36966.297   4     
36999.630   4     
37032.963   4     
37066.296   4     
37099.629   4     
37132.962   4     
37166.295   4     
37199.628   4     
37232.961   4     
37266.294   4     
37299.627   4     
37332.960   4     
37366.293   4     
37399.626   4     
37432.959   4     
37466.292   4     
37499.625   4     
37532.958   4     
37566.291   4     
37599.624   4     
37632.957   4     
37666.290   4     
37699.623   4     
37732.956   4     
37766.289   4     
37799.622   4     
37832.955   4     
37866.288   4     
37899.621   4     
37932.954   4     
37966.287   4     
37999.620   4     
38032.953   4     
38066.286   4     
38099.619   4     
38132.952   4     
38166.285   4     
38199.618   4     
38232.951   4     
38266.284   4     
38299.617   4     
38332.950   4     
38366.283   4     
38399.616   4     
38432.949   4     
38466.282   4     
38499.615   4     
38532.948   4     
38566.281   4     
38599.614   4     
38632.947   4     
38666.280   4     
38699.613   4     
38732.946   4     
38766.279   4     
38799.612   4     
38832.945   4     
38866.278   4     
38899.611   4     
38932.944   4     
38966.277   7     
38999.610   7     
39032.943   7     
39066.276   7     
39099.609   7     
39132.942   7     
39166.275   7     
39199.608   7     
39232.941   7     
39266.274   7     
39299.607   7     
39332.940   7     
39366.273   7     
39399.606   7     
39432.939   7     
39466.272   7     
39499.605   7     
39532.938   7     
39566.271   7     
39599.604   7     
39632.937   7     
39666.270   7     
39699.603   7     
39732.936   7     
39766.269   7     
39799.602   7     
39832.935   7     
39866.268   7     
39899.601   7     
39932.934   7     
39966.267   7     
39999.600   7     
40032.933   7     
40066.266   7     
40099.599   7     
40132.932   7     
40166.265   7     
40199.598   7     
40232.931   7     
40266.264   7     
40299.597   7     
40332.930   7     
40366.263   7     
40399.596   7     
40432.929   7     
40466.262   7     
40499.595   7     
40532.928   7     
40566.261   7     
40599.594   7     
40632.927   7     
40666.260   7     
40699.593   7     
40732.926   7     
40766.259   7     
40799.592   7     
40832.925   7     
40866.258   7     
40899.591   7     
40932.924   7     
40966.257   7     
40999.590   7     
41032.923   7     
41066.256   7     
41099.589   7     
41132.922   7     
41166.255   7     
41199.588   7     
41232.921   7     
41266.254   7     
41299.587   7     
41332.920   7     
41366.253   7     
41399.586   7     
41432.919   7     
41466.252   7     
41499.585   7     
41532.918   7     
41566.251   7     
41599.584   7     
41632.917   7     
41666.250   7     
41699.583   7     
41732.916   7     
41766.249   7     
41799.582   7     
41832.915   7     
41866.248   7     
41899.581   7     
41932.914   7     
41966.247   7     
41999.580   7     
42032.913   7     
42066.246   7     
42099.579   7     
42132.912   7     
42166.245   7     
42199.578   7     
42232.911   7     
42266.244   7     
42299.577   7     
42332.910   7     
42366.243   7     
42399.576   7     
42432.909   7     
42466.242   7     
42499.575   7     
42532.908   7     
42566.241   7     
42599.574   7     
42632.907   7     
42666.240   7     
42699.573   7     
42732.906   7     
42766.239   7     
42799.572   7     
42832.905   7     
42866.238   7     
42899.571   7     
42932.904   7     
42966.237   7     
42999.570   7     
43032.903   7     
43066.236   7     
43099.569   7     
43132.902   7     
43166.235   7     
43199.568   8     
43232.901   8     
43266.234   8     
43299.567   8     
43332.900   8     
43366.233   8     
43399.566   8     
43432.899   8     
43466.232   8     
43499.565   8     
43532.898   8     
43566.231   8     
43599.564   8     
43632.897   8     
43666.230   8     
43699.563   8     
43732.896   8     
43766.229   8     
43799.562   8     
43832.895   8     
43866.228   8     
43899.561   8     
43932.894   8     
43966.227   8     
43999.560   8     
44032.893   8     
44066.226   8     
44099.559   8     
44132.892   8     
44166.225   8     
44199.558   8     
44232.891   8     
44266.224   8     
44299.557   8     
44332.890   8     
44366.223   8     
44399.556   8     
44432.889   8     
44466.222   8     
44499.555   8     
44532.888   8     
44566.221   8     
44599.554   8     
44632.887   8     
44666.220   8     
44699.553   8     
44732.886   8     
44766.219   8     
44799.552   8     
44832.885   8     
44866.218   8     
44899.551   8     
44932.884   8     
44966.217   8     
44999.550   8     
45032.883   8     
45066.216   8     
45099.549   8     
45132.882   8     
45166.215   8     
45199.548   8     
45232.881   8     
45266.214   8     
45299.547   8     
45332.880   8     
45366.213   8     
45399.546   8     
45432.879   8     
45466.212   8     
45499.545   8     
45532.878   8     
45566.211   8     
45599.544   8     
45632.877   8     
45666.210   8     
45699.543   8     
45732.876   8     
45766.209   8     
45799.542   8     
45832.875   8     
45866.208   8     
45899.541   8     
45932.874   8     
45966.207   8     
45999.540   8     
46032.873   8     
46066.206   8     
46099.539   8     
46132.872   8     
46166.205   8     
46199.538   8     
46232.871   8     
46266.204   8     
46299.537   8     
46332.870   8     
46366.203   8     
46399.536   8     
46432.869   8     
46466.202   8     
46499.535   8     
46532.868   8     
46566.201   8     
46599.534   8     
46632.867   8     
46666.200   8     
46699.533   8     
46732.866   8     
46766.199   8     
46799.532   8     
46832.865   8     
46866.198   8     
46899.531   8     
46932.864   8     
46966.197   8     
46999.530   3     
47032.863   3     
47066.196   3     
47099.529   3     
47132.862   3     
47166.195   3     
47199.528   3     
47232.861   3     
47266.194   3     
47299.527   3     
47332.860   3     
47366.193   3     
47399.526   3     
47432.859   3     
47466.192   3     
47499.525   3     
47532.858   3     
47566.191   3     
47599.524   3     
47632.857   3     
47666.190   3     
47699.523   3     
47732.856   3     
47766.189   3     
47799.522   3     
47832.855   3     
47866.188   3     
47899.521   3     
47932.854   3     
47966.187   3     
47999.520   3     
48032.853   3     
48066.186   3     
48099.519   3     
48132.852   3     
48166.185   3     
48199.518   3     
48232.851   3     
48266.184   3     
48299.517   3     
48332.850   3     
48366.183   3     
48399.516   3     
48432.849   3     
48466.182   3     
48499.515   3     
48532.848   3     
48566.181   3     
48599.514   3     
48632.847   3     
48666.180   3     
48699.513   3     
48732.846   3     
48766.179   3     
48799.512   3     
48832.845   3     
48866.178   3     
48899.511   3     
48932.844   3     
48966.177   3     
48999.510   3     
49032.843   3     
49066.176   5     
49099.509   5     
49132.842   5     
49166.175   5     
49199.508   5     
49232.841   5     
49266.174   5     
49299.507   5     
49332.840   5     
49366.173   5     
49399.506   5     
49432.839   5     
49466.172   5     
49499.505   5     
49532.838   5     
49566.171   5     
49599.504   5     
49632.837   5     
49666.170   5     
49699.503   5     
49732.836   5     
49766.169   5     
49799.502   5     
49832.835   5     
49866.168   5     
49899.501   5     
49932.834   5     
49966.167   5     
49999.500   5     
50032.833   5     
50066.166   5     
50099.499   5     
50132.832   5     
50166.165   5     
50199.498   5     
50232.831   5     
50266.164   5     
50299.497   5     
50332.830   5     
50366.163   5     
50399.496   5     
50432.829   5     
50466.162   5     
50499.495   5     
50532.828   5     
50566.161   5     
50599.494   5     
50632.827   5     
50666.160   5     
50699.493   5     
50732.826   5     
50766.159   5     
50799.492   5     
50832.825   5     
50866.158   5     
50899.491   5     
50932.824   5     
50966.157   5     
50999.490   5     
51032.823   5     
51066.156   5     
51099.489   5     
51132.822   5     
51166.155   5     
51199.488   5     
51232.821   5     
51266.154   5     
51299.487   5     
51332.820   5     
51366.153   5     
51399.486   5     
51432.819   5     
51466.152   5     
51499.485   5     
51532.818   5     
51566.151   5     
51599.484   5     
51632.817   5     
51666.150   5     
51699.483   5     
51732.816   5     
51766.149   5     
51799.482   5     
51832.815   5     
51866.148   5     
51899.481   5     
51932.814   5     
51966.147   5     
51999.480   5     
52032.813   5     
52066.146   5     
52099.479   5     
52132.812   5     
52166.145   5     
52199.478   5     
52232.811   5     
52266.144   5     
52299.477   5     
52332.810   5     
52366.143   5     
52399.476   5     
52432.809   5     
52466.142   5     
52499.475   5     
52532.808   5     
52566.141   5     
52599.474   5     
52632.807   5     
52666.140   5     
52699.473   5     
52732.806   5     
52766.139   5     
52799.472   5     
52832.805   5     
52866.138   5     
52899.471   5     
52932.804   5     
52966.137   5     
52999.470   5     
53032.803   5     
53066.136   5     
53099.469   5     
53132.802   5     
53166.135   5     
53199.468   5     
53232.801   5     
53266.134   5     
53299.467   5     
53332.800   5     
53366.133   5     
53399.466   5     
53432.799   5     
53466.132   5     
53499.465   5     
53532.798   5     
53566.131   5     
53599.464   5     
53632.797   5     
53666.130   5     
53699.463   5     
53732.796   5     
53766.129   5     
53799.462   5     
53832.795   5     
53866.128   5     
53899.461   5     
53932.794   5     
53966.127   5     
53999.460   5     
54032.793   5     
54066.126   7     
54099.459   7     
54132.792   7     
54166.125   7     
54199.458   7     
54232.791   7     
54266.124   7     
54299.457   7     
54332.790   7     
54366.123   7     
54399.456   7     
54432.789   7     
54466.122   7     
54499.455   7     
54532.788   7     
54566.121   7     
54599.454   7     
54632.787   7     
54666.120   7     
54699.453   7     
54732.786   7     
54766.119   7     
54799.452   7     
54832.785   7     
54866.118   7     
54899.451   7     
54932.784   7     
54966.117   7     
54999.450   7     
55032.783   7     
55066.116   7     
55099.449   7     
55132.782   7     
55166.115   7     
55199.448   7     
55232.781   7     
55266.114   7     
55299.447   7     
55332.780   7     
55366.113   7     
55399.446   7     
55432.779   7     
55466.112   7     
55499.445   7     
55532.778   7     
55566.111   7     
55599.444   7     
55632.777   7     
55666.110   7     
55699.443   7     
55732.776   7     
55766.109   7     
55799.442   7     
55832.775   7     
55866.108   7     
55899.441   7     
55932.774   7     
55966.107   7     
55999.440   7     
56032.773   7     
56066.106   7     
56099.439   7     
56132.772   7     
56166.105   7     
56199.438   7     
56232.771   7     
56266.104   7     
56299.437   7     
56332.770   7     
56366.103   7     
56399.436   7     
56432.769   7     
56466.102   7     
56499.435   7     
56532.768   7     
56566.101   7     
56599.434   7     
56632.767   7     
56666.100   7     
56699.433   7     
56732.766   7     
56766.099   7     
56799.432   7     
56832.765   7     
56866.098   7     
56899.431   7     
56932.764   7     
56966.097   7     
56999.430   7     
57032.763   7     
57066.096   7     
57099.429   7     
57132.762   7     
57166.095   7     
57199.428   7     
57232.761   7     
57266.094   7     
57299.427   7     
57332.760   7     
57366.093   7     
57399.426   7     
57432.759   7     
57466.092   7     
57499.425   7     
57532.758   7     
57566.091   7     
57599.424   7     
57632.757   7     
57666.090   7     
57699.423   7     
57732.756   7     
57766.089   7     
57799.422   7     
57832.755   7     
57866.088   8     
57899.421   8     
57932.754   8     
57966.087   8     
57999.420   8     
58032.753   8     
58066.086   8     
58099.419   8     
58132.752   8     
58166.085   8     
58199.418   8     
58232.751   8     
58266.084   8     
58299.417   8     
58332.750   8     
58366.083   8     
58399.416   8     
58432.749   8     
58466.082   8     
58499.415   8     
58532.748   8     
58566.081   8     
58599.414   8     
58632.747   8     
58666.080   8     
58699.413   8     
58732.746   8     
58766.079   8     
58799.412   8     
58832.745   8     
58866.078   8     
58899.411   8     
58932.744   8     
58966.077   8     
58999.410   8     
59032.743   8     
59066.076   8     
59099.409   8     
59132.742   8     
59166.075   8     
59199.408   8     
59232.741   8     
59266.074   8     
59299.407   8     
59332.740   8     
59366.073   8     
59399.406   8     
59432.739   8     
59466.072   8     
59499.405   8     
59532.738   8     
59566.071   8     
59599.404   8     
59632.737   8     
59666.070   8     
59699.403   8     
59732.736   8     
59766.069   8     
59799.402   8     
59832.735   8     
59866.068   8     
59899.401   8     
59932.734   8     
59966.067   8     
59999.400   8     
60032.733   8     
60066.066   8     
60099.399   8     
60132.732   8     
60166.065   8     
60199.398   8     
60232.731   8     
60266.064   8     
60299.397   8     
60332.730   8     
60366.063   8     
60399.396   8     
60432.729   8     
60466.062   8     
60499.395   8     
60532.728   8     
60566.061   8     
60599.394   8     
60632.727   8     
60666.060   8     
60699.393   8     
60732.726   8     
60766.059   8     
60799.392   8     
60832.725   8     
60866.058   8     
60899.391   8     
60932.724   8     
60966.057   8     
60999.390   8     
61032.723   8     
61066.056   8     
61099.389   8     
61132.722   8     
61166.055   8     
61199.388   8     
61232.721   8     
61266.054   8     
61299.387   8     
61332.720   8     
61366.053   8     
61399.386   8     
61432.719   8     
61466.052   8     
61499.385   8     
61532.718   8     
61566.051   8     
61599.384   8     
61632.717   8     
61666.050   8     
61699.383   8     
61732.716   8     
61766.049   8     
61799.382   8     
61832.715   8     
61866.048   8     
61899.381   8     
61932.714   8     
61966.047   8     
61999.380   8     
62032.713   8     
62066.046   8     
62099.379   8     
62132.712   8     
62166.045   8     
62199.378   8     
62232.711   8     
62266.044   8     
62299.377   8     
62332.710   8     
62366.043   8     
62399.376   8     
62432.709   8     
62466.042   8     
62499.375   8     
62532.708   3     
62566.041   3     
62599.374   3     
62632.707   3     
62666.040   3     
62699.373   3     
62732.706   3     
62766.039   3     
62799.372   3     
62832.705   3     
62866.038   3     
62899.371   3     
62932.704   3     
62966.037   3     
62999.370   3     
63032.703   3     
63066.036   3     
63099.369   3     
63132.702   3     
63166.035   3     
63199.368   3     
63232.701   3     
63266.034   3     
63299.367   3     
63332.700   3     
63366.033   3     
63399.366   3     
63432.699   3     
63466.032   3     
63499.365   3     
63532.698   3     
63566.031   3     
63599.364   3     
63632.697   3     
63666.030   3     
63699.363   3     
63732.696   3     
63766.029   3     
63799.362   3     
63832.695   3     
63866.028   3     
63899.361   3     
63932.694   3     
63966.027   3     
63999.360   3     
64032.693   3     
64066.026   3     
64099.359   3     
64132.692   3     
64166.025   3     
64199.358   3     
64232.691   3     
64266.024   3     
64299.357   3     
64332.690   3     
64366.023   3     
64399.356   3     
64432.689   3     
64466.022   3     
64499.355   3     
64532.688   3     
64566.021   3     
64599.354   3     
64632.687   3     
64666.020   3     
64699.353   3     
64732.686   3     
64766.019   3     
64799.352   3     
64832.685   3     
64866.018   3     
64899.351   3     
64932.684   3     
64966.017   3     
64999.350   3     
65032.683   3     
65066.016   3     
65099.349   3     
65132.682   3     
65166.015   3     
65199.348   3     
65232.681   3     
65266.014   3     
65299.347   3     
65332.680   3     
65366.013   3     
65399.346   3     
65432.679   3     
65466.012   3     
65499.345   3     
65532.678   3     
65566.011   3     
65599.344   3     
65632.677   3     
65666.010   3     
65699.343   3     
65732.676   3     
65766.009   3     
65799.342   3     
65832.675   3     
65866.008   3     
65899.341   3     
65932.674   3     
65966.007   3     
65999.340   3     
66032.673   3     
66066.006   3     
66099.339   3     
66132.672   3     
66166.005   3     
66199.338   3     
66232.671   3     
66266.004   3     
66299.337   3     
66332.670   3     
66366.003   3     
66399.336   3     
66432.669   3     
66466.002   3     
66499.335   3     
66532.668   3     
66566.001   3     
66599.334   3     
66632.667   3     
66666.000   3     
66699.333   3     
66732.666   3     
66765.999   3     
66799.332   3     
66832.665   3     
66865.998   3     
66899.331   3     
66932.664   3     
66965.997   3     
66999.330   3     
67032.663   3     
67065.996   3     
67099.329   3     
67132.662   3     
67165.995   3     
67199.328   3     
67232.661   3     
67265.994   3     
67299.327   3     
67332.660   3     
67365.993   3     
67399.326   3     
67432.659   3     
67465.992   3     
67499.325   3     
67532.658   3     
67565.991   3     
67599.324   3     
67632.657   3     
67665.990   3     
67699.323   3     
67732.656   3     
67765.989   3     
67799.322   3     
67832.655   3     
67865.988   3     
67899.321   3     
67932.654   3     
67965.987   3     
67999.320   3     
68032.653   3     
68065.986   3     
68099.319   3     
68132.652   3     
68165.985   3     
68199.318   3     
68232.651   3     
68265.984   3     
68299.317   3     
68332.650   3     
68365.983   3     
68399.316   3     
68432.649   3     
68465.982   3     
68499.315   6     
68532.648   6     
68565.981   6     
68599.314   6     
68632.647   6     
68665.980   6     
68699.313   6     
68732.646   6     
68765.979   6     
68799.312   6     
68832.645   6     
68865.978   6     
68899.311   6     
68932.644   6     
68965.977   6     
68999.310   6     
69032.643   6     
69065.976   6     
69099.309   6     
69132.642   6     
69165.975   6     
69199.308   6     
69232.641   6     
69265.974   6     
69299.307   6     
69332.640   6     
69365.973   6     
69399.306   6     
69432.639   6     
69465.972   6     
69499.305   6     
69532.638   6     
69565.971   6     
69599.304   6     
69632.637   6     
69665.970   6     
69699.303   6     
69732.636   6     
69765.969   6     
69799.302   6     
69832.635   6     
69865.968   6     
69899.301   6     
69932.634   6     
69965.967   6     
69999.300   6     
70032.633   6     
70065.966   6     
70099.299   6     
70132.632   6     
70165.965   6     
70199.298   6     
70232.631   6     
70265.964   6     
70299.297   6     
70332.630   6     
70365.963   6     
70399.296   6     
70432.629   6     
70465.962   6     
70499.295   6     
70532.628   6     
70565.961   6     
70599.294   6     
70632.627   6     
70665.960   6     
70699.293   6     
70732.626   6     
70765.959   6     
70799.292   6     
70832.625   6     
70865.958   6     
70899.291   6     
70932.624   6     
70965.957   6     
70999.290   6     
71032.623   6     
71065.956   6     
71099.289   6     
71132.622   6     
71165.955   6     
71199.288   6     
71232.621   6     
71265.954   6     
71299.287   6     
71332.620   6     
71365.953   6     
71399.286   6     
71432.619   6     
71465.952   6     
71499.285   6     
71532.618   6     
71565.951   6     
71599.284   6     
71632.617   6     
71665.950   6     
71699.283   6     
71732.616   6     
71765.949   6     
71799.282   6     
71832.615   6     
71865.948   6     
71899.281   6     
71932.614   6     
71965.947   6     
71999.280   6     
72032.613   6     
72065.946   6     
72099.279   6     
72132.612   6     
72165.945   6     
72199.278   6     
72232.611   6     
72265.944   6     
72299.277   6     
72332.610   6     
72365.943   6     
72399.276   6     
72432.609   6     
72465.942   7     
72499.275   7     
72532.608   7     
72565.941   7     
72599.274   7     
72632.607   7     
72665.940   7     
72699.273   7     
72732.606   7     
72765.939   7     
72799.272   7     
72832.605   7     
72865.938   7     
72899.271   7     
72932.604   7     
72965.937   7     
72999.270   7     
73032.603   7     
73065.936   7     
73099.269   7     
73132.602   7     
73165.935   7     
73199.268   7     
73232.601   7     
73265.934   7     
73299.267   7     
73332.600   7     
73365.933   7     
73399.266   7     
73432.599   7     
73465.932   7     
73499.265   7     
73532.598   7     
73565.931   7     
73599.264   7     
73632.597   7     
73665.930   7     
73699.263   7     
73732.596   7     
73765.929   7     
73799.262   7     
73832.595   7     
73865.928   7     
73899.261   7     
73932.594   7     
73965.927   7     
73999.260   7     
74032.593   7     
74065.926   7     
74099.259   7     
74132.592   7     
74165.925   7     
74199.258   7     
74232.591   7     
74265.924   7     
74299.257   7     
74332.590   7     
74365.923   7     
74399.256   7     
74432.589   7     
74465.922   7     
74499.255   7     
74532.588   7     
74565.921   7     
74599.254   7     
74632.587   7     
74665.920   7     
74699.253   7     
74732.586   7     
74765.919   7     
74799.252   7     
74832.585   7     
74865.918   7     
74899.251   7     
74932.584   7     
74965.917   7     
74999.250   7     
75032.583   7     
75065.916   7     
75099.249   7     
75132.582   7     
75165.915   7     
75199.248   7     
75232.581   7     
75265.914   7     
75299.247   7     
75332.580   7     
75365.913   7     
75399.246   7     
75432.579   7     
75465.912   7     
75499.245   7     
75532.578   7     
75565.911   7     
75599.244   7     
75632.577   7     
75665.910   7     
75699.243   7     
75732.576   7     
75765.909   7     
75799.242   7     
75832.575   7     
75865.908   7     
75899.241   7     
75932.574   7     
75965.907   7     
75999.240   7     
76032.573   7     
76065.906   7     
76099.239   7     
76132.572   7     
76165.905   7     
76199.238   7     
76232.571   7     
76265.904   7     
76299.237   7     
76332.570   7     
76365.903   7     
76399.236   7     
76432.569   7     
76465.902   7     
76499.235   7     
76532.568   7     
76565.901   7     
76599.234   7     
76632.567   7     
76665.900   7     
76699.233   7     
76732.566   7     
76765.899   7     
76799.232   7     
76832.565   7     
76865.898   7     
76899.231   7     
76932.564   7     
76965.897   7     
76999.230   7     
77032.563   7     
77065.896   7     
77099.229   7     
77132.562   7     
77165.895   7     
77199.228   7     
77232.561   7     
77265.894   7     
77299.227   7     
77332.560   7     
77365.893   7     
77399.226   7     
77432.559   7     
77465.892   7     
77499.225   7     
77532.558   8     
77565.891   8     
77599.224   8     
77632.557   8     
77665.890   8     
77699.223   8     
77732.556   8     
77765.889   8     
77799.222   8     
77832.555   8     
77865.888   8     
77899.221   8     
77932.554   8     
77965.887   8     
77999.220   8     
78032.553   8     
78065.886   8     
78099.219   8     
78132.552   8     
78165.885   8     
78199.218   8     
78232.551   8     
78265.884   8     
78299.217   8     
78332.550   8     
78365.883   8     
78399.216   8     
78432.549   8     
78465.882   8     
78499.215   8     
78532.548   8     
78565.881   8     
78599.214   8     
78632.547   8     
78665.880   8     
78699.213   8     
78732.546   8     
78765.879   8     
78799.212   8     
78832.545   8     
78865.878   8     
78899.211   8     
78932.544   8     
78965.877   8     
78999.210   8     
79032.543   8     
79065.876   8     
79099.209   8     
79132.542   8     
79165.875   8     
79199.208   8     
79232.541   8     
79265.874   8     
79299.207   8     
79332.540   8     
79365.873   8     
79399.206   8     
79432.539   8     
79465.872   8     
79499.205   8     
79532.538   8     
79565.871   8     
79599.204   8     
79632.537   8     
79665.870   8     
79699.203   8     
79732.536   8     
79765.869   8     
79799.202   8     
79832.535   8     
79865.868   8     
79899.201   8     
79932.534   8     
79965.867   8     
79999.200   8     
80032.533   8     
80065.866   8     
80099.199   8     
80132.532   8     
80165.865   8     
80199.198   8     
80232.531   8     
80265.864   8     
80299.197   8     
80332.530   8     
80365.863   8     
80399.196   8     
80432.529   8     
80465.862   8     
80499.195   8     
80532.528   8     
80565.861   8     
80599.194   8     
80632.527   8     
80665.860   8     
80699.193   8     
80732.526   8     
80765.859   8     
80799.192   8     
80832.525   8     
80865.858   8     
80899.191   8     
80932.524   8     
80965.857   8     
80999.190   8     
81032.523   8     
81065.856   8     
81099.189   8     
81132.522   9     
81165.855   9     
81199.188   9     
81232.521   9     
81265.854   9     
81299.187   9     
81332.520   9     
81365.853   9     
81399.186   9     
81432.519   9     
81465.852   9     
81499.185   9     
81532.518   9     
81565.851   9     
81599.184   9     
81632.517   9     
81665.850   9     
81699.183   9     
81732.516   9     
81765.849   9     
81799.182   9     
81832.515   9     
81865.848   9     
81899.181   9     
81932.514   9     
81965.847   9     
81999.180   9     
82032.513   9     
82065.846   9     
82099.179   9     
82132.512   9     
82165.845   9     
82199.178   9     
82232.511   9     
82265.844   9     
82299.177   9     
82332.510   9     
82365.843   9     
82399.176   9     
82432.509   9     
82465.842   9     
82499.175   9     
82532.508   9     
82565.841   9     
82599.174   9     
82632.507   9     
82665.840   9     
82699.173   9     
82732.506   9     
82765.839   9     
82799.172   9     
82832.505   9     
82865.838   9     
82899.171   9     
82932.504   9     
82965.837   9     
82999.170   9     
83032.503   9     
83065.836   9     
83099.169   9     
83132.502   9     
83165.835   9     
83199.168   9     
83232.501   9     
83265.834   9     
83299.167   9     
83332.500   9     
83365.833   9     
83399.166   9     
83432.499   9     
83465.832   9     
83499.165   9     
83532.498   9     
