Time (ms)   Label 
0.000       9     
33.333      9     
66.666      9     
99.999      9     
133.332     9     
166.665     9     
199.998     9     
233.331     9     
266.664     9     
299.997     9     
333.330     9     
366.663     9     
399.996     9     
433.329     9     
466.662     9     
499.995     9     
533.328     9     
566.661     9     
599.994     9     
633.327     9     
666.660     9     
699.993     9     
733.326     9     
766.659     9     
799.992     9     
833.325     1     
866.658     1     
899.991     1     
933.324     1     
966.657     1     
999.990     1     
1033.323    1     
1066.656    1     
1099.989    1     
1133.322    1     
1166.655    1     
1199.988    1     
1233.321    1     
1266.654    1     
1299.987    1     
1333.320    1     
1366.653    1     
1399.986    1     
1433.319    1     
1466.652    1     
1499.985    1     
1533.318    1     
1566.651    1     
1599.984    1     
1633.317    1     
1666.650    1     
1699.983    1     
1733.316    1     
1766.649    1     
1799.982    1     
1833.315    1     
1866.648    1     
1899.981    1     
1933.314    1     
1966.647    1     
1999.980    1     
2033.313    1     
2066.646    1     
2099.979    1     
2133.312    1     
2166.645    1     
2199.978    1     
2233.311    1     
2266.644    1     
2299.977    1     
2333.310    1     
2366.643    1     
2399.976    1     
2433.309    1     
2466.642    1     
2499.975    1     
2533.308    1     
2566.641    1     
2599.974    1     
2633.307    1     
2666.640    1     
2699.973    1     
2733.306    1     
2766.639    1     
2799.972    1     
2833.305    1     
2866.638    1     
2899.971    1     
2933.304    1     
2966.637    1     
2999.970    1     
3033.303    1     
3066.636    1     
3099.969    1     
3133.302    1     
3166.635    1     
3199.968    1     
3233.301    1     
3266.634    1     
3299.967    1     
3333.300    1     
3366.633    1     
3399.966    1     
3433.299    1     
3466.632    1     
3499.965    1     
3533.298    1     
3566.631    1     
3599.964    1     
3633.297    1     
3666.630    1     
3699.963    1     
3733.296    1     
3766.629    1     
3799.962    1     
3833.295    1     
3866.628    1     
3899.961    1     
3933.294    1     
3966.627    1     
3999.960    1     
4033.293    1     
4066.626    1     
4099.959    1     
4133.292    1     
4166.625    1     
4199.958    1     
4233.291    1     
4266.624    1     
4299.957    1     
4333.290    1     
4366.623    1     
4399.956    1     
4433.289    1     
4466.622    1     
4499.955    1     
4533.288    1     
4566.621    1     
4599.954    1     
4633.287    1     
4666.620    1     
4699.953    1     
4733.286    1     
4766.619    1     
4799.952    1     
4833.285    1     
4866.618    1     
4899.951    1     
4933.284    1     
4966.617    1     
4999.950    1     
5033.283    1     
5066.616    1     
5099.949    1     
5133.282    1     
5166.615    1     
5199.948    1     
5233.281    1     
5266.614    1     
5299.947    1     
5333.280    1     
5366.613    1     
5399.946    1     
5433.279    1     
5466.612    1     
5499.945    1     
5533.278    1     
5566.611    1     
5599.944    1     
5633.277    1     
5666.610    1     
5699.943    1     
5733.276    1     
5766.609    1     
5799.942    1     
5833.275    1     
5866.608    1     
5899.941    1     
5933.274    1     
5966.607    1     
5999.940    1     
6033.273    1     
6066.606    1     
6099.939    1     
6133.272    1     
6166.605    1     
6199.938    1     
6233.271    1     
6266.604    1     
6299.937    1     
6333.270    1     
6366.603    1     
6399.936    1     
6433.269    1     
6466.602    1     
6499.935    1     
6533.268    1     
6566.601    1     
6599.934    1     
6633.267    1     
6666.600    1     
6699.933    1     
6733.266    1     
6766.599    1     
6799.932    1     
6833.265    1     
6866.598    1     
6899.931    1     
6933.264    1     
6966.597    1     
6999.930    1     
7033.263    1     
7066.596    1     
7099.929    1     
7133.262    1     
7166.595    1     
7199.928    1     
7233.261    1     
7266.594    1     
7299.927    1     
7333.260    1     
7366.593    1     
7399.926    1     
7433.259    1     
7466.592    1     
7499.925    1     
7533.258    1     
7566.591    1     
7599.924    1     
7633.257    1     
7666.590    1     
7699.923    1     
7733.256    1     
7766.589    1     
7799.922    1     
7833.255    1     
7866.588    1     
7899.921    1     
7933.254    1     
7966.587    1     
7999.920    1     
8033.253    1     
8066.586    1     
8099.919    1     
8133.252    1     
8166.585    1     
8199.918    1     
8233.251    1     
8266.584    1     
8299.917    1     
8333.250    1     
8366.583    1     
8399.916    1     
8433.249    1     
8466.582    1     
8499.915    1     
8533.248    1     
8566.581    1     
8599.914    1     
8633.247    1     
8666.580    1     
8699.913    1     
8733.246    1     
8766.579    1     
8799.912    1     
8833.245    1     
8866.578    1     
8899.911    1     
8933.244    1     
8966.577    1     
8999.910    1     
9033.243    1     
9066.576    1     
9099.909    1     
9133.242    1     
9166.575    1     
9199.908    1     
9233.241    1     
9266.574    1     
9299.907    1     
9333.240    1     
9366.573    1     
9399.906    1     
9433.239    1     
9466.572    1     
9499.905    1     
9533.238    1     
9566.571    1     
9599.904    1     
9633.237    1     
9666.570    1     
9699.903    1     
9733.236    1     
9766.569    1     
9799.902    1     
9833.235    1     
9866.568    1     
9899.901    1     
9933.234    1     
9966.567    1     
9999.900    1     
10033.233   1     
10066.566   1     
10099.899   1     
10133.232   1     
10166.565   1     
10199.898   1     
10233.231   1     
10266.564   1     
10299.897   1     
10333.230   1     
10366.563   1     
10399.896   1     
10433.229   1     
10466.562   1     
10499.895   1     
10533.228   1     
10566.561   1     
10599.894   1     
10633.227   1     
10666.560   1     
10699.893   1     
10733.226   1     
10766.559   1     
10799.892   1     
10833.225   1     
10866.558   1     
10899.891   1     
10933.224   1     
10966.557   1     
10999.890   1     
11033.223   1     
11066.556   1     
11099.889   1     
11133.222   1     
11166.555   1     
11199.888   1     
11233.221   1     
11266.554   1     
11299.887   1     
11333.220   1     
11366.553   1     
11399.886   1     
11433.219   1     
11466.552   1     
11499.885   1     
11533.218   1     
11566.551   1     
11599.884   1     
11633.217   1     
11666.550   1     
11699.883   1     
11733.216   1     
11766.549   1     
11799.882   1     
11833.215   1     
11866.548   1     
11899.881   1     
11933.214   1     
11966.547   1     
11999.880   2     
12033.213   2     
12066.546   2     
12099.879   2     
12133.212   2     
12166.545   2     
12199.878   2     
12233.211   2     
12266.544   2     
12299.877   2     
12333.210   2     
12366.543   2     
12399.876   2     
12433.209   2     
12466.542   2     
12499.875   2     
12533.208   2     
12566.541   2     
12599.874   2     
12633.207   2     
12666.540   2     
12699.873   2     
12733.206   2     
12766.539   2     
12799.872   2     
12833.205   2     
12866.538   2     
12899.871   2     
12933.204   2     
12966.537   2     
12999.870   2     
13033.203   2     
13066.536   2     
13099.869   2     
13133.202   2     
13166.535   2     
13199.868   2     
13233.201   2     
13266.534   2     
13299.867   2     
13333.200   2     
13366.533   2     
13399.866   2     
13433.199   2     
13466.532   2     
13499.865   2     
13533.198   2     
13566.531   2     
13599.864   2     
13633.197   2     
13666.530   2     
13699.863   2     
13733.196   2     
13766.529   2     
13799.862   2     
13833.195   2     
13866.528   2     
13899.861   2     
13933.194   2     
13966.527   2     
13999.860   2     
14033.193   2     
14066.526   2     
14099.859   2     
14133.192   2     
14166.525   2     
14199.858   2     
14233.191   2     
14266.524   2     
14299.857   2     
14333.190   2     
14366.523   2     
14399.856   2     
14433.189   2     
14466.522   2     
14499.855   2     
14533.188   2     
14566.521   2     
14599.854   2     
14633.187   2     
14666.520   2     
14699.853   2     
14733.186   2     
14766.519   2     
14799.852   2     
14833.185   2     
14866.518   2     
14899.851   2     
14933.184   2     
14966.517   2     
14999.850   2     
15033.183   2     
15066.516   2     
15099.849   2     
15133.182   2     
15166.515   2     
15199.848   2     
15233.181   2     
15266.514   2     
15299.847   2     
15333.180   2     
15366.513   2     
15399.846   2     
15433.179   2     
15466.512   2     
15499.845   2     
15533.178   2     
15566.511   2     
15599.844   2     
15633.177   2     
15666.510   2     
15699.843   2     
15733.176   2     
15766.509   2     
15799.842   2     
15833.175   2     
15866.508   2     
15899.841   2     
15933.174   2     
15966.507   2     
15999.840   2     
16033.173   2     
16066.506   2     
16099.839   2     
16133.172   2     
16166.505   2     
16199.838   2     
16233.171   2     
16266.504   2     
16299.837   2     
16333.170   2     
16366.503   2     
16399.836   2     
16433.169   2     
16466.502   2     
16499.835   2     
16533.168   2     
16566.501   2     
16599.834   2     
16633.167   2     
16666.500   2     
16699.833   2     
16733.166   2     
16766.499   2     
16799.832   2     
16833.165   2     
16866.498   2     
16899.831   2     
16933.164   2     
16966.497   2     
16999.830   2     
17033.163   2     
17066.496   2     
17099.829   2     
17133.162   2     
17166.495   2     
17199.828   2     
17233.161   2     
17266.494   2     
17299.827   2     
17333.160   2     
17366.493   2     
17399.826   2     
17433.159   2     
17466.492   2     
17499.825   2     
17533.158   2     
17566.491   2     
17599.824   2     
17633.157   2     
17666.490   2     
17699.823   2     
17733.156   2     
17766.489   2     
17799.822   2     
17833.155   2     
17866.488   2     
17899.821   2     
17933.154   2     
17966.487   2     
17999.820   2     
18033.153   2     
18066.486   2     
18099.819   2     
18133.152   2     
18166.485   2     
18199.818   2     
18233.151   2     
18266.484   2     
18299.817   2     
18333.150   2     
18366.483   2     
18399.816   2     
18433.149   2     
18466.482   2     
18499.815   2     
18533.148   2     
18566.481   2     
18599.814   2     
18633.147   2     
18666.480   2     
18699.813   2     
18733.146   2     
18766.479   2     
18799.812   2     
18833.145   2     
18866.478   2     
18899.811   2     
18933.144   2     
18966.477   2     
18999.810   2     
19033.143   2     
19066.476   2     
19099.809   2     
19133.142   2     
19166.475   2     
19199.808   2     
19233.141   2     
19266.474   2     
19299.807   2     
19333.140   2     
19366.473   2     
19399.806   2     
19433.139   2     
19466.472   2     
19499.805   2     
19533.138   2     
19566.471   2     
19599.804   2     
19633.137   2     
19666.470   2     
19699.803   2     
19733.136   2     
19766.469   2     
19799.802   2     
19833.135   2     
19866.468   2     
19899.801   2     
19933.134   2     
19966.467   2     
19999.800   3     
20033.133   3     
20066.466   3     
20099.799   3     
20133.132   3     
20166.465   3     
20199.798   3     
20233.131   3     
20266.464   3     
20299.797   3     
20333.130   3     
20366.463   3     
20399.796   3     
20433.129   3     
20466.462   3     
20499.795   3     
20533.128   3     
20566.461   3     
20599.794   3     
20633.127   3     
20666.460   3     
20699.793   3     
20733.126   3     
20766.459   3     
20799.792   3     
20833.125   3     
20866.458   3     
20899.791   3     
20933.124   3     
20966.457   3     
20999.790   3     
21033.123   3     
21066.456   3     
21099.789   3     
21133.122   3     
21166.455   3     
21199.788   3     
21233.121   3     
21266.454   3     
21299.787   3     
21333.120   3     
21366.453   3     
21399.786   3     
21433.119   3     
21466.452   3     
21499.785   3     
21533.118   3     
21566.451   3     
21599.784   3     
21633.117   3     
21666.450   3     
21699.783   3     
21733.116   3     
21766.449   3     
21799.782   3     
21833.115   3     
21866.448   3     
21899.781   3     
21933.114   3     
21966.447   3     
21999.780   3     
22033.113   3     
22066.446   3     
22099.779   3     
22133.112   3     
22166.445   3     
22199.778   3     
22233.111   3     
22266.444   3     
22299.777   3     
22333.110   3     
22366.443   3     
22399.776   3     
22433.109   3     
22466.442   3     
22499.775   3     
22533.108   3     
22566.441   3     
22599.774   3     
22633.107   3     
22666.440   3     
22699.773   3     
22733.106   3     
22766.439   3     
22799.772   3     
22833.105   3     
22866.438   3     
22899.771   3     
22933.104   3     
22966.437   3     
22999.770   3     
23033.103   3     
23066.436   3     
23099.769   3     
23133.102   3     
23166.435   3     
23199.768   3     
23233.101   3     
23266.434   3     
23299.767   3     
23333.100   3     
23366.433   3     
23399.766   3     
23433.099   3     
23466.432   3     
23499.765   3     
23533.098   3     
23566.431   3     
23599.764   3     
23633.097   3     
23666.430   3     
23699.763   3     
23733.096   3     
23766.429   3     
23799.762   3     
23833.095   4     
23866.428   4     
23899.761   4     
23933.094   4     
23966.427   4     
23999.760   4     
24033.093   4     
24066.426   4     
24099.759   4     
24133.092   4     
24166.425   4     
24199.758   4     
24233.091   4     
24266.424   4     
24299.757   4     
24333.090   4     
24366.423   4     
24399.756   4     
24433.089   4     
24466.422   4     
24499.755   4     
24533.088   4     
24566.421   4     
24599.754   4     
24633.087   4     
24666.420   4     
24699.753   4     
24733.086   4     
24766.419   4     
24799.752   4     
24833.085   4     
24866.418   4     
24899.751   4     
24933.084   4     
24966.417   4     
24999.750   4     
25033.083   4     
25066.416   4     
25099.749   4     
25133.082   4     
25166.415   4     
25199.748   4     
25233.081   4     
25266.414   4     
25299.747   4     
25333.080   4     
25366.413   4     
25399.746   4     
25433.079   4     
25466.412   4     
25499.745   4     
25533.078   4     
25566.411   4     
25599.744   4     
25633.077   4     
25666.410   4     
25699.743   4     
25733.076   4     
25766.409   4     
25799.742   4     
25833.075   4     
25866.408   4     
25899.741   4     
25933.074   4     
25966.407   4     
25999.740   4     
26033.073   4     
26066.406   4     
26099.739   7     
26133.072   7     
26166.405   7     
26199.738   7     
26233.071   7     
26266.404   7     
26299.737   7     
26333.070   7     
26366.403   7     
26399.736   7     
26433.069   7     
26466.402   7     
26499.735   7     
26533.068   7     
26566.401   7     
26599.734   7     
26633.067   7     
26666.400   7     
26699.733   7     
26733.066   7     
26766.399   7     
26799.732   7     
26833.065   7     
26866.398   7     
26899.731   7     
26933.064   7     
26966.397   7     
26999.730   7     
27033.063   7     
27066.396   7     
27099.729   7     
27133.062   7     
27166.395   7     
27199.728   7     
27233.061   7     
27266.394   7     
27299.727   7     
27333.060   7     
27366.393   7     
27399.726   7     
27433.059   7     
27466.392   7     
27499.725   7     
27533.058   7     
27566.391   7     
27599.724   7     
27633.057   7     
27666.390   7     
27699.723   7     
27733.056   7     
27766.389   7     
27799.722   7     
27833.055   7     
27866.388   7     
27899.721   7     
27933.054   7     
27966.387   7     
27999.720   7     
28033.053   7     
28066.386   7     
28099.719   7     
28133.052   7     
28166.385   7     
28199.718   7     
28233.051   7     
28266.384   8     
28299.717   8     
28333.050   8     
28366.383   8     
28399.716   8     
28433.049   8     
28466.382   8     
28499.715   8     
28533.048   8     
28566.381   8     
28599.714   8     
28633.047   8     
28666.380   8     
28699.713   8     
28733.046   8     
28766.379   8     
28799.712   8     
28833.045   8     
28866.378   8     
28899.711   8     
28933.044   8     
28966.377   8     
28999.710   8     
29033.043   8     
29066.376   8     
29099.709   8     
29133.042   8     
29166.375   8     
29199.708   8     
29233.041   8     
29266.374   8     
29299.707   8     
29333.040   8     
29366.373   8     
29399.706   8     
29433.039   8     
29466.372   8     
29499.705   8     
29533.038   8     
29566.371   8     
29599.704   8     
29633.037   8     
29666.370   8     
29699.703   8     
29733.036   8     
29766.369   8     
29799.702   8     
29833.035   8     
29866.368   8     
29899.701   8     
29933.034   8     
29966.367   8     
29999.700   8     
30033.033   8     
30066.366   8     
30099.699   8     
30133.032   8     
30166.365   8     
30199.698   8     
30233.031   8     
30266.364   8     
30299.697   8     
30333.030   8     
30366.363   8     
30399.696   8     
30433.029   8     
30466.362   8     
30499.695   8     
30533.028   8     
30566.361   8     
30599.694   8     
30633.027   8     
30666.360   8     
30699.693   8     
30733.026   8     
30766.359   8     
30799.692   8     
30833.025   8     
30866.358   8     
30899.691   8     
30933.024   8     
30966.357   8     
30999.690   8     
31033.023   8     
31066.356   8     
31099.689   8     
31133.022   8     
31166.355   8     
31199.688   8     
31233.021   8     
31266.354   8     
31299.687   8     
31333.020   8     
31366.353   8     
31399.686   8     
31433.019   8     
31466.352   8     
31499.685   8     
31533.018   8     
31566.351   8     
31599.684   8     
31633.017   8     
31666.350   8     
31699.683   8     
31733.016   8     
31766.349   8     
31799.682   8     
31833.015   8     
31866.348   8     
31899.681   3     
31933.014   3     
31966.347   3     
31999.680   3     
32033.013   3     
32066.346   3     
32099.679   3     
32133.012   3     
32166.345   3     
32199.678   3     
32233.011   3     
32266.344   3     
32299.677   3     
32333.010   3     
32366.343   3     
32399.676   3     
32433.009   3     
32466.342   3     
32499.675   3     
32533.008   3     
32566.341   3     
32599.674   3     
32633.007   3     
32666.340   3     
32699.673   3     
32733.006   3     
32766.339   3     
32799.672   3     
32833.005   3     
32866.338   3     
32899.671   3     
32933.004   3     
32966.337   3     
32999.670   3     
33033.003   3     
33066.336   3     
33099.669   3     
33133.002   3     
33166.335   3     
33199.668   3     
33233.001   3     
33266.334   3     
33299.667   3     
33333.000   3     
33366.333   3     
33399.666   3     
33432.999   3     
33466.332   3     
33499.665   3     
33532.998   3     
33566.331   3     
33599.664   3     
33632.997   3     
33666.330   3     
33699.663   3     
33732.996   3     
33766.329   3     
33799.662   3     
33832.995   3     
33866.328   3     
33899.661   3     
33932.994   3     
33966.327   3     
33999.660   3     
34032.993   3     
34066.326   3     
34099.659   3     
34132.992   3     
34166.325   3     
34199.658   3     
34232.991   3     
34266.324   3     
34299.657   3     
34332.990   3     
34366.323   3     
34399.656   3     
34432.989   3     
34466.322   3     
34499.655   3     
34532.988   3     
34566.321   3     
34599.654   3     
34632.987   3     
34666.320   5     
34699.653   5     
34732.986   5     
34766.319   5     
34799.652   5     
34832.985   5     
34866.318   5     
34899.651   5     
34932.984   5     
34966.317   5     
34999.650   5     
35032.983   5     
35066.316   5     
35099.649   5     
35132.982   5     
35166.315   5     
35199.648   5     
35232.981   5     
35266.314   5     
35299.647   5     
35332.980   5     
35366.313   5     
35399.646   5     
35432.979   5     
35466.312   5     
35499.645   5     
35532.978   5     
35566.311   5     
35599.644   5     
35632.977   5     
35666.310   5     
35699.643   5     
35732.976   5     
35766.309   5     
35799.642   5     
35832.975   5     
35866.308   5     
35899.641   5     
35932.974   5     
35966.307   5     
35999.640   5     
36032.973   5     
36066.306   5     
36099.639   5     
36132.972   5     
36166.305   5     
36199.638   5     
36232.971   5     
36266.304   5     
36299.637   5     
36332.970   5     
36366.303   5     
36399.636   5     
36432.969   5     
36466.302   5     
36499.635   5     
36532.968   5     
36566.301   5     
36599.634   5     
36632.967   5     
36666.300   5     
36699.633   7     
36732.966   7     
36766.299   7     
36799.632   7     
36832.965   7     
36866.298   7     
36899.631   7     
36932.964   7     
36966.297   7     
36999.630   7     
37032.963   7     
37066.296   7     
37099.629   7     
37132.962   7     
37166.295   7     
37199.628   7     
37232.961   7     
37266.294   7     
37299.627   7     
37332.960   7     
37366.293   7     
37399.626   7     
37432.959   7     
37466.292   7     
37499.625   7     
37532.958   7     
37566.291   7     
37599.624   7     
37632.957   7     
37666.290   7     
37699.623   7     
37732.956   7     
37766.289   7     
37799.622   7     
37832.955   7     
37866.288   7     
37899.621   7     
37932.954   7     
37966.287   7     
37999.620   7     
38032.953   7     
38066.286   7     
38099.619   7     
38132.952   7     
38166.285   7     
38199.618   7     
38232.951   7     
38266.284   7     
38299.617   7     
38332.950   7     
38366.283   7     
38399.616   7     
38432.949   7     
38466.282   7     
38499.615   7     
38532.948   7     
38566.281   8     
38599.614   8     
38632.947   8     
38666.280   8     
38699.613   8     
38732.946   8     
38766.279   8     
38799.612   8     
38832.945   8     
38866.278   8     
38899.611   8     
38932.944   8     
38966.277   8     
38999.610   8     
39032.943   8     
39066.276   8     
39099.609   8     
39132.942   8     
39166.275   8     
39199.608   8     
39232.941   8     
39266.274   8     
39299.607   8     
39332.940   8     
39366.273   8     
39399.606   8     
39432.939   8     
39466.272   8     
39499.605   8     
39532.938   8     
39566.271   8     
39599.604   8     
39632.937   8     
39666.270   8     
39699.603   8     
39732.936   8     
39766.269   8     
39799.602   8     
39832.935   8     
39866.268   8     
39899.601   8     
39932.934   8     
39966.267   8     
39999.600   8     
40032.933   8     
40066.266   8     
40099.599   8     
40132.932   8     
40166.265   8     
40199.598   8     
40232.931   8     
40266.264   8     
40299.597   8     
40332.930   8     
40366.263   8     
40399.596   8     
40432.929   8     
40466.262   8     
40499.595   8     
40532.928   8     
40566.261   8     
40599.594   8     
40632.927   8     
40666.260   8     
40699.593   8     
40732.926   8     
40766.259   8     
40799.592   8     
40832.925   8     
40866.258   8     
40899.591   8     
40932.924   8     
40966.257   8     
40999.590   8     
41032.923   8     
41066.256   8     
41099.589   8     
41132.922   8     
41166.255   8     
41199.588   8     
41232.921   8     
41266.254   8     
41299.587   8     
41332.920   8     
41366.253   8     
41399.586   8     
41432.919   8     
41466.252   8     
41499.585   8     
41532.918   3     
41566.251   3     
41599.584   3     
41632.917   3     
41666.250   3     
41699.583   3     
41732.916   3     
41766.249   3     
41799.582   3     
41832.915   3     
41866.248   3     
41899.581   3     
41932.914   3     
41966.247   3     
41999.580   3     
42032.913   3     
42066.246   3     
42099.579   3     
42132.912   3     
42166.245   3     
42199.578   3     
42232.911   3     
42266.244   3     
42299.577   3     
42332.910   3     
42366.243   3     
42399.576   3     
42432.909   3     
42466.242   3     
42499.575   3     
42532.908   3     
42566.241   3     
42599.574   3     
42632.907   3     
42666.240   3     
42699.573   3     
42732.906   3     
42766.239   3     
42799.572   3     
42832.905   3     
42866.238   3     
42899.571   3     
42932.904   3     
42966.237   3     
42999.570   3     
43032.903   3     
43066.236   3     
43099.569   3     
43132.902   3     
43166.235   3     
43199.568   3     
43232.901   3     
43266.234   3     
43299.567   3     
43332.900   3     
43366.233   3     
43399.566   3     
43432.899   3     
43466.232   3     
43499.565   3     
43532.898   3     
43566.231   3     
43599.564   3     
43632.897   3     
43666.230   3     
43699.563   3     
43732.896   3     
43766.229   3     
43799.562   3     
43832.895   6     
43866.228   6     
43899.561   6     
43932.894   6     
43966.227   6     
43999.560   6     
44032.893   6     
44066.226   6     
44099.559   6     
44132.892   6     
44166.225   6     
44199.558   6     
44232.891   6     
44266.224   6     
44299.557   6     
44332.890   6     
44366.223   6     
44399.556   7     
44432.889   7     
44466.222   7     
44499.555   7     
44532.888   7     
44566.221   7     
44599.554   7     
44632.887   7     
44666.220   7     
44699.553   7     
44732.886   7     
44766.219   7     
44799.552   7     
44832.885   7     
44866.218   7     
44899.551   7     
44932.884   7     
44966.217   7     
44999.550   7     
45032.883   7     
45066.216   7     
45099.549   7     
45132.882   7     
45166.215   7     
45199.548   7     
45232.881   7     
45266.214   7     
45299.547   7     
45332.880   7     
45366.213   7     
45399.546   7     
45432.879   7     
45466.212   7     
45499.545   7     
45532.878   7     
45566.211   7     
45599.544   7     
45632.877   7     
45666.210   7     
45699.543   7     
45732.876   7     
45766.209   7     
45799.542   7     
45832.875   7     
45866.208   7     
45899.541   7     
45932.874   7     
45966.207   7     
45999.540   7     
46032.873   7     
46066.206   7     
46099.539   7     
46132.872   7     
46166.205   7     
46199.538   7     
46232.871   7     
46266.204   7     
46299.537   7     
46332.870   7     
46366.203   7     
46399.536   7     
46432.869   7     
46466.202   7     
46499.535   7     
46532.868   8     
46566.201   8     
46599.534   8     
46632.867   8     
46666.200   8     
46699.533   8     
46732.866   8     
46766.199   8     
46799.532   8     
46832.865   8     
46866.198   8     
46899.531   8     
46932.864   8     
46966.197   8     
46999.530   8     
47032.863   8     
47066.196   8     
47099.529   8     
47132.862   8     
47166.195   8     
47199.528   8     
47232.861   8     
47266.194   8     
47299.527   8     
47332.860   8     
47366.193   8     
47399.526   8     
47432.859   8     
47466.192   8     
47499.525   8     
47532.858   8     
47566.191   8     
47599.524   8     
47632.857   8     
47666.190   8     
47699.523   8     
47732.856   8     
47766.189   8     
47799.522   8     
47832.855   8     
47866.188   8     
47899.521   8     
47932.854   8     
47966.187   8     
47999.520   8     
48032.853   8     
48066.186   8     
48099.519   8     
48132.852   8     
48166.185   8     
48199.518   8     
48232.851   8     
48266.184   8     
48299.517   8     
48332.850   8     
48366.183   8     
48399.516   8     
48432.849   8     
48466.182   8     
48499.515   8     
48532.848   8     
48566.181   8     
48599.514   8     
48632.847   8     
48666.180   8     
48699.513   8     
48732.846   8     
48766.179   8     
48799.512   8     
48832.845   8     
48866.178   8     
48899.511   8     
48932.844   8     
48966.177   8     
48999.510   8     
49032.843   8     
49066.176   8     
49099.509   8     
49132.842   8     
49166.175   8     
49199.508   8     
49232.841   8     
49266.174   8     
49299.507   8     
49332.840   8     
49366.173   8     
49399.506   8     
49432.839   8     
49466.172   8     
49499.505   8     
49532.838   8     
49566.171   8     
49599.504   8     
49632.837   8     
49666.170   9     
49699.503   9     
49732.836   9     
49766.169   9     
49799.502   9     
49832.835   9     
49866.168   9     
49899.501   9     
49932.834   9     
49966.167   9     
49999.500   9     
50032.833   9     
50066.166   9     
50099.499   9     
50132.832   9     
50166.165   9     
50199.498   9     
50232.831   9     
50266.164   9     
50299.497   9     
50332.830   9     
50366.163   9     
50399.496   9     
50432.829   9     
50466.162   9     
50499.495   9     
50532.828   9     
50566.161   9     
50599.494   9     
50632.827   9     
50666.160   9     
50699.493   9     
50732.826   9     
50766.159   9     
50799.492   9     
50832.825   9     
50866.158   9     
50899.491   9     
50932.824   9     
50966.157   9     
50999.490   9     
51032.823   9     
51066.156   9     
51099.489   9     
51132.822   9     
51166.155   9     
51199.488   9     
51232.821   9     
51266.154   9     
51299.487   9     
51332.820   9     
51366.153   9     
51399.486   9     
51432.819   9     
51466.152   9     
51499.485   9     
51532.818   9     
51566.151   9     
51599.484   9     
51632.817   9     
51666.150   9     
51699.483   9     
