Time (ms)   Label 
0.000       9     
33.333      9     
66.666      9     
99.999      9     
133.332     9     
166.665     9     
199.998     9     
233.331     9     
266.664     9     
299.997     9     
333.330     9     
366.663     9     
399.996     9     
433.329     9     
466.662     9     
499.995     9     
533.328     9     
566.661     9     
599.994     9     
633.327     9     
666.660     9     
699.993     9     
733.326     9     
766.659     9     
799.992     9     
833.325     9     
866.658     9     
899.991     9     
933.324     9     
966.657     9     
999.990     9     
1033.323    9     
1066.656    9     
1099.989    9     
1133.322    9     
1166.655    9     
1199.988    9     
1233.321    9     
1266.654    9     
1299.987    9     
1333.320    9     
1366.653    9     
1399.986    9     
1433.319    9     
1466.652    9     
1499.985    9     
1533.318    9     
1566.651    9     
1599.984    9     
1633.317    9     
1666.650    9     
1699.983    9     
1733.316    9     
1766.649    9     
1799.982    9     
1833.315    9     
1866.648    9     
1899.981    9     
1933.314    9     
1966.647    9     
1999.980    9     
2033.313    9     
2066.646    9     
2099.979    9     
2133.312    9     
2166.645    9     
2199.978    9     
2233.311    9     
2266.644    9     
2299.977    9     
2333.310    9     
2366.643    9     
2399.976    9     
2433.309    9     
2466.642    9     
2499.975    9     
2533.308    9     
2566.641    9     
2599.974    9     
2633.307    9     
2666.640    9     
2699.973    9     
2733.306    9     
2766.639    9     
2799.972    9     
2833.305    9     
2866.638    9     
2899.971    9     
2933.304    9     
2966.637    9     
2999.970    9     
3033.303    9     
3066.636    9     
3099.969    1     
3133.302    1     
3166.635    1     
3199.968    1     
3233.301    1     
3266.634    1     
3299.967    1     
3333.300    1     
3366.633    1     
3399.966    1     
3433.299    1     
3466.632    1     
3499.965    1     
3533.298    1     
3566.631    1     
3599.964    1     
3633.297    1     
3666.630    1     
3699.963    1     
3733.296    1     
3766.629    1     
3799.962    1     
3833.295    1     
3866.628    1     
3899.961    1     
3933.294    1     
3966.627    1     
3999.960    1     
4033.293    1     
4066.626    1     
4099.959    1     
4133.292    1     
4166.625    1     
4199.958    1     
4233.291    1     
4266.624    1     
4299.957    1     
4333.290    1     
4366.623    1     
4399.956    1     
4433.289    1     
4466.622    1     
4499.955    1     
4533.288    1     
4566.621    1     
4599.954    1     
4633.287    1     
4666.620    1     
4699.953    1     
4733.286    1     
4766.619    1     
4799.952    1     
4833.285    1     
4866.618    1     
4899.951    1     
4933.284    1     
4966.617    1     
4999.950    1     
5033.283    1     
5066.616    1     
5099.949    1     
5133.282    1     
5166.615    1     
5199.948    1     
5233.281    1     
5266.614    1     
5299.947    1     
5333.280    1     
5366.613    1     
5399.946    1     
5433.279    1     
5466.612    1     
5499.945    1     
5533.278    1     
5566.611    1     
5599.944    1     
5633.277    1     
5666.610    1     
5699.943    1     
5733.276    1     
5766.609    1     
5799.942    1     
5833.275    1     
5866.608    1     
5899.941    1     
5933.274    1     
5966.607    1     
5999.940    1     
6033.273    1     
6066.606    1     
6099.939    1     
6133.272    1     
6166.605    1     
6199.938    1     
6233.271    1     
6266.604    1     
6299.937    1     
6333.270    1     
6366.603    1     
6399.936    1     
6433.269    1     
6466.602    1     
6499.935    1     
6533.268    1     
6566.601    1     
6599.934    1     
6633.267    1     
6666.600    1     
6699.933    1     
6733.266    1     
6766.599    1     
6799.932    1     
6833.265    1     
6866.598    1     
6899.931    1     
6933.264    1     
6966.597    1     
6999.930    1     
7033.263    1     
7066.596    1     
7099.929    1     
7133.262    1     
7166.595    1     
7199.928    1     
7233.261    1     
7266.594    1     
7299.927    1     
7333.260    1     
7366.593    1     
7399.926    1     
7433.259    1     
7466.592    1     
7499.925    1     
7533.258    1     
7566.591    1     
7599.924    1     
7633.257    1     
7666.590    1     
7699.923    1     
7733.256    1     
7766.589    1     
7799.922    1     
7833.255    1     
7866.588    1     
7899.921    1     
7933.254    1     
7966.587    1     
7999.920    1     
8033.253    1     
8066.586    1     
8099.919    1     
8133.252    1     
8166.585    1     
8199.918    1     
8233.251    1     
8266.584    1     
8299.917    1     
8333.250    1     
8366.583    1     
8399.916    1     
8433.249    1     
8466.582    1     
8499.915    1     
8533.248    1     
8566.581    1     
8599.914    1     
8633.247    1     
8666.580    1     
8699.913    1     
8733.246    1     
8766.579    1     
8799.912    1     
8833.245    1     
8866.578    1     
8899.911    1     
8933.244    1     
8966.577    1     
8999.910    1     
9033.243    1     
9066.576    1     
9099.909    1     
9133.242    1     
9166.575    1     
9199.908    1     
9233.241    1     
9266.574    1     
9299.907    1     
9333.240    1     
9366.573    1     
9399.906    1     
9433.239    1     
9466.572    1     
9499.905    1     
9533.238    1     
9566.571    1     
9599.904    1     
9633.237    1     
9666.570    1     
9699.903    1     
9733.236    1     
9766.569    1     
9799.902    1     
9833.235    1     
9866.568    1     
9899.901    1     
9933.234    1     
9966.567    1     
9999.900    1     
10033.233   1     
10066.566   1     
10099.899   1     
10133.232   1     
10166.565   1     
10199.898   1     
10233.231   1     
10266.564   1     
10299.897   1     
10333.230   1     
10366.563   1     
10399.896   1     
10433.229   1     
10466.562   1     
10499.895   1     
10533.228   1     
10566.561   1     
10599.894   1     
10633.227   1     
10666.560   1     
10699.893   1     
10733.226   1     
10766.559   1     
10799.892   1     
10833.225   1     
10866.558   1     
10899.891   1     
10933.224   1     
10966.557   1     
10999.890   1     
11033.223   1     
11066.556   1     
11099.889   1     
11133.222   1     
11166.555   1     
11199.888   1     
11233.221   1     
11266.554   1     
11299.887   1     
11333.220   1     
11366.553   1     
11399.886   1     
11433.219   1     
11466.552   1     
11499.885   1     
11533.218   1     
11566.551   1     
11599.884   2     
11633.217   2     
11666.550   2     
11699.883   2     
11733.216   2     
11766.549   2     
11799.882   2     
11833.215   2     
11866.548   2     
11899.881   2     
11933.214   2     
11966.547   2     
11999.880   2     
12033.213   2     
12066.546   2     
12099.879   2     
12133.212   2     
12166.545   2     
12199.878   2     
12233.211   2     
12266.544   2     
12299.877   2     
12333.210   2     
12366.543   2     
12399.876   2     
12433.209   2     
12466.542   2     
12499.875   2     
12533.208   2     
12566.541   2     
12599.874   2     
12633.207   2     
12666.540   2     
12699.873   2     
12733.206   2     
12766.539   2     
12799.872   2     
12833.205   2     
12866.538   2     
12899.871   2     
12933.204   2     
12966.537   2     
12999.870   2     
13033.203   2     
13066.536   2     
13099.869   2     
13133.202   2     
13166.535   2     
13199.868   2     
13233.201   2     
13266.534   2     
13299.867   2     
13333.200   2     
13366.533   2     
13399.866   2     
13433.199   2     
13466.532   2     
13499.865   2     
13533.198   2     
13566.531   2     
13599.864   2     
13633.197   2     
13666.530   2     
13699.863   2     
13733.196   2     
13766.529   2     
13799.862   2     
13833.195   2     
13866.528   2     
13899.861   2     
13933.194   2     
13966.527   2     
13999.860   2     
14033.193   2     
14066.526   2     
14099.859   2     
14133.192   2     
14166.525   2     
14199.858   2     
14233.191   2     
14266.524   2     
14299.857   2     
14333.190   2     
14366.523   2     
14399.856   2     
14433.189   2     
14466.522   2     
14499.855   2     
14533.188   2     
14566.521   2     
14599.854   2     
14633.187   2     
14666.520   2     
14699.853   2     
14733.186   2     
14766.519   2     
14799.852   2     
14833.185   2     
14866.518   2     
14899.851   2     
14933.184   2     
14966.517   2     
14999.850   2     
15033.183   2     
15066.516   2     
15099.849   2     
15133.182   2     
15166.515   2     
15199.848   2     
15233.181   2     
15266.514   2     
15299.847   2     
15333.180   2     
15366.513   2     
15399.846   2     
15433.179   2     
15466.512   2     
15499.845   2     
15533.178   2     
15566.511   2     
15599.844   2     
15633.177   2     
15666.510   2     
15699.843   2     
15733.176   2     
15766.509   2     
15799.842   2     
15833.175   2     
15866.508   2     
15899.841   2     
15933.174   2     
15966.507   2     
15999.840   2     
16033.173   2     
16066.506   2     
16099.839   2     
16133.172   2     
16166.505   2     
16199.838   2     
16233.171   2     
16266.504   2     
16299.837   2     
16333.170   2     
16366.503   2     
16399.836   2     
16433.169   2     
16466.502   2     
16499.835   2     
16533.168   2     
16566.501   2     
16599.834   2     
16633.167   2     
16666.500   2     
16699.833   2     
16733.166   2     
16766.499   2     
16799.832   2     
16833.165   2     
16866.498   2     
16899.831   2     
16933.164   2     
16966.497   2     
16999.830   2     
17033.163   2     
17066.496   2     
17099.829   2     
17133.162   2     
17166.495   2     
17199.828   2     
17233.161   2     
17266.494   2     
17299.827   2     
17333.160   2     
17366.493   2     
17399.826   2     
17433.159   2     
17466.492   2     
17499.825   2     
17533.158   2     
17566.491   2     
17599.824   2     
17633.157   2     
17666.490   2     
17699.823   2     
17733.156   2     
17766.489   2     
17799.822   2     
17833.155   2     
17866.488   2     
17899.821   2     
17933.154   2     
17966.487   2     
17999.820   2     
18033.153   2     
18066.486   2     
18099.819   2     
18133.152   2     
18166.485   2     
18199.818   2     
18233.151   2     
18266.484   2     
18299.817   2     
18333.150   2     
18366.483   2     
18399.816   2     
18433.149   2     
18466.482   2     
18499.815   2     
18533.148   2     
18566.481   2     
18599.814   2     
18633.147   2     
18666.480   2     
18699.813   2     
18733.146   2     
18766.479   2     
18799.812   2     
18833.145   2     
18866.478   2     
18899.811   2     
18933.144   2     
18966.477   2     
18999.810   2     
19033.143   2     
19066.476   2     
19099.809   2     
19133.142   2     
19166.475   2     
19199.808   2     
19233.141   2     
19266.474   2     
19299.807   2     
19333.140   2     
19366.473   2     
19399.806   2     
19433.139   2     
19466.472   2     
19499.805   2     
19533.138   2     
19566.471   3     
19599.804   3     
19633.137   3     
19666.470   3     
19699.803   3     
19733.136   3     
19766.469   3     
19799.802   3     
19833.135   3     
19866.468   3     
19899.801   3     
19933.134   3     
19966.467   3     
19999.800   3     
20033.133   3     
20066.466   3     
20099.799   3     
20133.132   3     
20166.465   3     
20199.798   3     
20233.131   4     
20266.464   4     
20299.797   4     
20333.130   4     
20366.463   4     
20399.796   4     
20433.129   4     
20466.462   4     
20499.795   4     
20533.128   4     
20566.461   4     
20599.794   4     
20633.127   4     
20666.460   4     
20699.793   4     
20733.126   4     
20766.459   4     
20799.792   4     
20833.125   4     
20866.458   4     
20899.791   4     
20933.124   4     
20966.457   4     
20999.790   4     
21033.123   4     
21066.456   4     
21099.789   4     
21133.122   4     
21166.455   4     
21199.788   4     
21233.121   4     
21266.454   4     
21299.787   4     
21333.120   4     
21366.453   4     
21399.786   4     
21433.119   4     
21466.452   4     
21499.785   4     
21533.118   4     
21566.451   4     
21599.784   4     
21633.117   4     
21666.450   4     
21699.783   4     
21733.116   4     
21766.449   4     
21799.782   4     
21833.115   4     
21866.448   4     
21899.781   4     
21933.114   4     
21966.447   4     
21999.780   4     
22033.113   4     
22066.446   4     
22099.779   4     
22133.112   4     
22166.445   4     
22199.778   4     
22233.111   4     
22266.444   4     
22299.777   4     
22333.110   4     
22366.443   4     
22399.776   4     
22433.109   4     
22466.442   4     
22499.775   4     
22533.108   4     
22566.441   4     
22599.774   4     
22633.107   4     
22666.440   4     
22699.773   4     
22733.106   4     
22766.439   4     
22799.772   4     
22833.105   4     
22866.438   4     
22899.771   4     
22933.104   4     
22966.437   4     
22999.770   4     
23033.103   4     
23066.436   4     
23099.769   4     
23133.102   4     
23166.435   4     
23199.768   7     
23233.101   7     
23266.434   7     
23299.767   7     
23333.100   7     
23366.433   7     
23399.766   7     
23433.099   7     
23466.432   7     
23499.765   7     
23533.098   7     
23566.431   7     
23599.764   7     
23633.097   7     
23666.430   7     
23699.763   7     
23733.096   7     
23766.429   7     
23799.762   7     
23833.095   7     
23866.428   7     
23899.761   7     
23933.094   7     
23966.427   7     
23999.760   7     
24033.093   7     
24066.426   7     
24099.759   7     
24133.092   7     
24166.425   7     
24199.758   7     
24233.091   7     
24266.424   7     
24299.757   7     
24333.090   7     
24366.423   7     
24399.756   7     
24433.089   7     
24466.422   7     
24499.755   7     
24533.088   7     
24566.421   7     
24599.754   7     
24633.087   7     
24666.420   7     
24699.753   7     
24733.086   7     
24766.419   7     
24799.752   7     
24833.085   7     
24866.418   7     
24899.751   7     
24933.084   7     
24966.417   7     
24999.750   7     
25033.083   7     
25066.416   7     
25099.749   7     
25133.082   7     
25166.415   7     
25199.748   7     
25233.081   8     
25266.414   8     
25299.747   8     
25333.080   8     
25366.413   8     
25399.746   8     
25433.079   8     
25466.412   8     
25499.745   8     
25533.078   8     
25566.411   8     
25599.744   8     
25633.077   8     
25666.410   8     
25699.743   8     
25733.076   8     
25766.409   8     
25799.742   8     
25833.075   8     
25866.408   8     
25899.741   8     
25933.074   8     
25966.407   8     
25999.740   8     
26033.073   8     
26066.406   8     
26099.739   8     
26133.072   8     
26166.405   8     
26199.738   8     
26233.071   8     
26266.404   8     
26299.737   8     
26333.070   8     
26366.403   8     
26399.736   8     
26433.069   8     
26466.402   8     
26499.735   8     
26533.068   8     
26566.401   8     
26599.734   8     
26633.067   8     
26666.400   8     
26699.733   8     
26733.066   8     
26766.399   8     
26799.732   8     
26833.065   8     
26866.398   8     
26899.731   8     
26933.064   8     
26966.397   8     
26999.730   8     
27033.063   8     
27066.396   8     
27099.729   8     
27133.062   8     
27166.395   8     
27199.728   8     
27233.061   8     
27266.394   8     
27299.727   8     
27333.060   8     
27366.393   8     
27399.726   8     
27433.059   8     
27466.392   8     
27499.725   8     
27533.058   8     
27566.391   8     
27599.724   8     
27633.057   8     
27666.390   8     
27699.723   8     
27733.056   8     
27766.389   8     
27799.722   8     
27833.055   8     
27866.388   8     
27899.721   8     
27933.054   8     
27966.387   8     
27999.720   8     
28033.053   8     
28066.386   8     
28099.719   8     
28133.052   8     
28166.385   8     
28199.718   8     
28233.051   8     
28266.384   3     
28299.717   3     
28333.050   3     
28366.383   3     
28399.716   3     
28433.049   3     
28466.382   3     
28499.715   3     
28533.048   3     
28566.381   3     
28599.714   3     
28633.047   3     
28666.380   3     
28699.713   3     
28733.046   3     
28766.379   3     
28799.712   3     
28833.045   3     
28866.378   3     
28899.711   3     
28933.044   3     
28966.377   3     
28999.710   3     
29033.043   3     
29066.376   3     
29099.709   3     
29133.042   3     
29166.375   3     
29199.708   3     
29233.041   3     
29266.374   3     
29299.707   3     
29333.040   3     
29366.373   3     
29399.706   3     
29433.039   3     
29466.372   3     
29499.705   5     
29533.038   5     
29566.371   5     
29599.704   5     
29633.037   5     
29666.370   5     
29699.703   5     
29733.036   5     
29766.369   5     
29799.702   5     
29833.035   5     
29866.368   5     
29899.701   5     
29933.034   5     
29966.367   5     
29999.700   5     
30033.033   5     
30066.366   5     
30099.699   5     
30133.032   5     
30166.365   5     
30199.698   5     
30233.031   5     
30266.364   5     
30299.697   5     
30333.030   5     
30366.363   5     
30399.696   5     
30433.029   5     
30466.362   5     
30499.695   5     
30533.028   5     
30566.361   5     
30599.694   5     
30633.027   5     
30666.360   5     
30699.693   5     
30733.026   5     
30766.359   5     
30799.692   5     
30833.025   5     
30866.358   5     
30899.691   5     
30933.024   5     
30966.357   5     
30999.690   5     
31033.023   5     
31066.356   5     
31099.689   5     
31133.022   5     
31166.355   5     
31199.688   7     
31233.021   7     
31266.354   7     
31299.687   7     
31333.020   7     
31366.353   7     
31399.686   7     
31433.019   7     
31466.352   7     
31499.685   7     
31533.018   7     
31566.351   7     
31599.684   7     
31633.017   7     
31666.350   7     
31699.683   7     
31733.016   7     
31766.349   7     
31799.682   7     
31833.015   7     
31866.348   7     
31899.681   7     
31933.014   7     
31966.347   7     
31999.680   7     
32033.013   7     
32066.346   7     
32099.679   7     
32133.012   7     
32166.345   7     
32199.678   7     
32233.011   7     
32266.344   7     
32299.677   7     
32333.010   7     
32366.343   7     
32399.676   7     
32433.009   7     
32466.342   7     
32499.675   7     
32533.008   7     
32566.341   7     
32599.674   7     
32633.007   7     
32666.340   7     
32699.673   7     
32733.006   7     
32766.339   7     
32799.672   7     
32833.005   7     
32866.338   7     
32899.671   7     
32933.004   7     
32966.337   7     
32999.670   7     
33033.003   7     
33066.336   7     
33099.669   7     
33133.002   7     
33166.335   7     
33199.668   7     
33233.001   7     
33266.334   7     
33299.667   7     
33333.000   7     
33366.333   8     
33399.666   8     
33432.999   8     
33466.332   8     
33499.665   8     
33532.998   8     
33566.331   8     
33599.664   8     
33632.997   8     
33666.330   8     
33699.663   8     
33732.996   8     
33766.329   8     
33799.662   8     
33832.995   8     
33866.328   8     
33899.661   8     
33932.994   8     
33966.327   8     
33999.660   8     
34032.993   8     
34066.326   8     
34099.659   8     
34132.992   8     
34166.325   8     
34199.658   8     
34232.991   8     
34266.324   8     
34299.657   8     
34332.990   8     
34366.323   8     
34399.656   8     
34432.989   8     
34466.322   8     
34499.655   8     
34532.988   8     
34566.321   8     
34599.654   8     
34632.987   8     
34666.320   8     
34699.653   8     
34732.986   8     
34766.319   8     
34799.652   8     
34832.985   8     
34866.318   8     
34899.651   8     
34932.984   8     
34966.317   8     
34999.650   8     
35032.983   8     
35066.316   8     
35099.649   8     
35132.982   8     
35166.315   8     
35199.648   8     
35232.981   8     
35266.314   8     
35299.647   8     
35332.980   8     
35366.313   8     
35399.646   8     
35432.979   8     
35466.312   8     
35499.645   8     
35532.978   8     
35566.311   8     
35599.644   8     
35632.977   3     
35666.310   3     
35699.643   3     
35732.976   3     
35766.309   3     
35799.642   3     
35832.975   3     
35866.308   3     
35899.641   3     
35932.974   3     
35966.307   3     
35999.640   3     
36032.973   3     
36066.306   3     
36099.639   3     
36132.972   3     
36166.305   3     
36199.638   3     
36232.971   3     
36266.304   3     
36299.637   3     
36332.970   3     
36366.303   3     
36399.636   3     
36432.969   3     
36466.302   3     
36499.635   3     
36532.968   3     
36566.301   3     
36599.634   3     
36632.967   3     
36666.300   3     
36699.633   3     
36732.966   3     
36766.299   3     
36799.632   3     
36832.965   3     
36866.298   3     
36899.631   3     
36932.964   3     
36966.297   3     
36999.630   3     
37032.963   3     
37066.296   3     
37099.629   3     
37132.962   3     
37166.295   3     
37199.628   3     
37232.961   3     
37266.294   3     
37299.627   3     
37332.960   3     
37366.293   3     
37399.626   3     
37432.959   3     
37466.292   6     
37499.625   6     
37532.958   6     
37566.291   6     
37599.624   6     
37632.957   6     
37666.290   6     
37699.623   6     
37732.956   6     
37766.289   6     
37799.622   6     
37832.955   6     
37866.288   6     
37899.621   6     
37932.954   6     
37966.287   6     
37999.620   6     
38032.953   6     
38066.286   6     
38099.619   6     
38132.952   6     
38166.285   6     
38199.618   6     
38232.951   6     
38266.284   6     
38299.617   6     
38332.950   6     
38366.283   6     
38399.616   6     
38432.949   6     
38466.282   6     
38499.615   6     
38532.948   6     
38566.281   6     
38599.614   6     
38632.947   6     
38666.280   6     
38699.613   6     
38732.946   6     
38766.279   7     
38799.612   7     
38832.945   7     
38866.278   7     
38899.611   7     
38932.944   7     
38966.277   7     
38999.610   7     
39032.943   7     
39066.276   7     
39099.609   7     
39132.942   7     
39166.275   7     
39199.608   7     
39232.941   7     
39266.274   7     
39299.607   7     
39332.940   7     
39366.273   7     
39399.606   7     
39432.939   7     
39466.272   7     
39499.605   7     
39532.938   7     
39566.271   7     
39599.604   7     
39632.937   7     
39666.270   7     
39699.603   7     
39732.936   7     
39766.269   7     
39799.602   7     
39832.935   7     
39866.268   7     
39899.601   7     
39932.934   7     
39966.267   7     
39999.600   7     
40032.933   7     
40066.266   7     
40099.599   7     
40132.932   7     
40166.265   7     
40199.598   7     
40232.931   7     
40266.264   7     
40299.597   7     
40332.930   7     
40366.263   7     
40399.596   7     
40432.929   7     
40466.262   7     
40499.595   7     
40532.928   7     
40566.261   7     
40599.594   7     
40632.927   7     
40666.260   7     
40699.593   7     
40732.926   7     
40766.259   7     
40799.592   7     
40832.925   7     
40866.258   7     
40899.591   7     
40932.924   7     
40966.257   7     
40999.590   7     
41032.923   7     
41066.256   7     
41099.589   7     
41132.922   7     
41166.255   7     
41199.588   7     
41232.921   7     
41266.254   7     
41299.587   7     
41332.920   7     
41366.253   7     
41399.586   7     
41432.919   7     
41466.252   7     
41499.585   7     
41532.918   7     
41566.251   7     
41599.584   7     
41632.917   7     
41666.250   7     
41699.583   8     
41732.916   8     
41766.249   8     
41799.582   8     
41832.915   8     
41866.248   8     
41899.581   8     
41932.914   8     
41966.247   8     
41999.580   8     
42032.913   8     
42066.246   8     
42099.579   8     
42132.912   8     
42166.245   8     
42199.578   8     
42232.911   8     
42266.244   8     
42299.577   8     
42332.910   8     
42366.243   8     
42399.576   8     
42432.909   8     
42466.242   8     
42499.575   8     
42532.908   8     
42566.241   8     
42599.574   8     
42632.907   8     
42666.240   8     
42699.573   8     
42732.906   8     
42766.239   8     
42799.572   8     
42832.905   8     
42866.238   8     
42899.571   8     
42932.904   8     
42966.237   8     
42999.570   8     
43032.903   8     
43066.236   8     
43099.569   8     
43132.902   8     
43166.235   8     
43199.568   8     
43232.901   8     
43266.234   8     
43299.567   8     
43332.900   8     
43366.233   8     
43399.566   8     
43432.899   8     
43466.232   8     
43499.565   8     
43532.898   8     
43566.231   8     
43599.564   8     
43632.897   8     
43666.230   8     
43699.563   8     
43732.896   8     
43766.229   8     
43799.562   8     
43832.895   8     
43866.228   8     
43899.561   8     
43932.894   8     
43966.227   8     
43999.560   8     
44032.893   8     
44066.226   8     
44099.559   8     
44132.892   9     
44166.225   9     
44199.558   9     
44232.891   9     
44266.224   9     
44299.557   9     
44332.890   9     
44366.223   9     
44399.556   9     
44432.889   9     
44466.222   9     
44499.555   9     
44532.888   9     
44566.221   9     
44599.554   9     
44632.887   9     
44666.220   9     
44699.553   9     
44732.886   9     
44766.219   9     
44799.552   9     
44832.885   9     
44866.218   9     
44899.551   9     
44932.884   9     
44966.217   9     
44999.550   9     
45032.883   9     
45066.216   9     
45099.549   9     
45132.882   9     
45166.215   9     
45199.548   9     
45232.881   9     
45266.214   9     
45299.547   9     
45332.880   9     
45366.213   9     
45399.546   9     
45432.879   9     
45466.212   9     
45499.545   9     
45532.878   9     
45566.211   9     
45599.544   9     
45632.877   9     
45666.210   9     
45699.543   9     
45732.876   9     
45766.209   9     
45799.542   9     
45832.875   9     
45866.208   9     
45899.541   9     
45932.874   9     
45966.207   9     
45999.540   9     
46032.873   9     
46066.206   9     
46099.539   9     
46132.872   9     
46166.205   9     
46199.538   9     
46232.871   9     
46266.204   9     
46299.537   9     
46332.870   9     
46366.203   9     
46399.536   9     
46432.869   9     
46466.202   9     
46499.535   9     
46532.868   9     
46566.201   9     
46599.534   9     
46632.867   9     
46666.200   9     
46699.533   9     
46732.866   9     
46766.199   9     
46799.532   9     
46832.865   9     
46866.198   9     
46899.531   9     
46932.864   9     
46966.197   9     
46999.530   9     
47032.863   9     
47066.196   9     
47099.529   9     
47132.862   9     
47166.195   9     
47199.528   9     
47232.861   9     
47266.194   9     
47299.527   9     
47332.860   9     
47366.193   9     
47399.526   9     
47432.859   9     
47466.192   9     
47499.525   9     
47532.858   9     
47566.191   9     
47599.524   9     
47632.857   9     
47666.190   9     
47699.523   9     
47732.856   9     
47766.189   9     
47799.522   9     
47832.855   9     
47866.188   9     
47899.521   9     
47932.854   9     
47966.187   9     
47999.520   9     
48032.853   9     
48066.186   9     
48099.519   9     
48132.852   9     
48166.185   9     
48199.518   9     
48232.851   9     
48266.184   9     
48299.517   9     
48332.850   9     
48366.183   9     
48399.516   9     
48432.849   9     
48466.182   9     
48499.515   9     
48532.848   9     
48566.181   9     
48599.514   9     
48632.847   9     
48666.180   9     
