Time (ms)   Label 
0.000       9     
33.333      9     
66.666      9     
99.999      9     
133.332     9     
166.665     9     
199.998     9     
233.331     9     
266.664     9     
299.997     9     
333.330     9     
366.663     9     
399.996     9     
433.329     9     
466.662     9     
499.995     9     
533.328     9     
566.661     9     
599.994     9     
633.327     9     
666.660     9     
699.993     9     
733.326     9     
766.659     9     
799.992     9     
833.325     9     
866.658     9     
899.991     9     
933.324     9     
966.657     9     
999.990     9     
1033.323    9     
1066.656    9     
1099.989    9     
1133.322    9     
1166.655    9     
1199.988    9     
1233.321    9     
1266.654    9     
1299.987    9     
1333.320    9     
1366.653    9     
1399.986    9     
1433.319    9     
1466.652    9     
1499.985    9     
1533.318    9     
1566.651    9     
1599.984    9     
1633.317    9     
1666.650    9     
1699.983    9     
1733.316    9     
1766.649    9     
1799.982    9     
1833.315    9     
1866.648    9     
1899.981    9     
1933.314    9     
1966.647    9     
1999.980    9     
2033.313    9     
2066.646    9     
2099.979    9     
2133.312    9     
2166.645    9     
2199.978    9     
2233.311    9     
2266.644    9     
2299.977    9     
2333.310    9     
2366.643    9     
2399.976    9     
2433.309    9     
2466.642    9     
2499.975    9     
2533.308    1     
2566.641    1     
2599.974    1     
2633.307    1     
2666.640    1     
2699.973    1     
2733.306    1     
2766.639    1     
2799.972    1     
2833.305    1     
2866.638    1     
2899.971    1     
2933.304    1     
2966.637    1     
2999.970    1     
3033.303    1     
3066.636    1     
3099.969    1     
3133.302    1     
3166.635    1     
3199.968    1     
3233.301    1     
3266.634    1     
3299.967    1     
3333.300    1     
3366.633    1     
3399.966    1     
3433.299    1     
3466.632    1     
3499.965    1     
3533.298    1     
3566.631    1     
3599.964    1     
3633.297    1     
3666.630    1     
3699.963    1     
3733.296    1     
3766.629    1     
3799.962    1     
3833.295    1     
3866.628    1     
3899.961    1     
3933.294    1     
3966.627    1     
3999.960    1     
4033.293    1     
4066.626    1     
4099.959    1     
4133.292    1     
4166.625    1     
4199.958    1     
4233.291    1     
4266.624    1     
4299.957    1     
4333.290    1     
4366.623    1     
4399.956    1     
4433.289    1     
4466.622    1     
4499.955    1     
4533.288    1     
4566.621    1     
4599.954    1     
4633.287    1     
4666.620    1     
4699.953    1     
4733.286    1     
4766.619    1     
4799.952    1     
4833.285    1     
4866.618    1     
4899.951    1     
4933.284    1     
4966.617    1     
4999.950    1     
5033.283    1     
5066.616    1     
5099.949    1     
5133.282    1     
5166.615    1     
5199.948    1     
5233.281    1     
5266.614    1     
5299.947    1     
5333.280    1     
5366.613    1     
5399.946    1     
5433.279    1     
5466.612    1     
5499.945    1     
5533.278    1     
5566.611    1     
5599.944    1     
5633.277    1     
5666.610    1     
5699.943    1     
5733.276    1     
5766.609    1     
5799.942    1     
5833.275    1     
5866.608    1     
5899.941    1     
5933.274    1     
5966.607    1     
5999.940    1     
6033.273    1     
6066.606    1     
6099.939    1     
6133.272    1     
6166.605    1     
6199.938    1     
6233.271    1     
6266.604    1     
6299.937    1     
6333.270    1     
6366.603    1     
6399.936    1     
6433.269    1     
6466.602    1     
6499.935    1     
6533.268    1     
6566.601    1     
6599.934    1     
6633.267    1     
6666.600    1     
6699.933    1     
6733.266    1     
6766.599    1     
6799.932    1     
6833.265    1     
6866.598    1     
6899.931    1     
6933.264    1     
6966.597    1     
6999.930    1     
7033.263    1     
7066.596    1     
7099.929    1     
7133.262    2     
7166.595    2     
7199.928    2     
7233.261    2     
7266.594    2     
7299.927    2     
7333.260    2     
7366.593    2     
7399.926    2     
7433.259    2     
7466.592    2     
7499.925    2     
7533.258    2     
7566.591    2     
7599.924    2     
7633.257    2     
7666.590    2     
7699.923    2     
7733.256    2     
7766.589    2     
7799.922    2     
7833.255    2     
7866.588    2     
7899.921    2     
7933.254    2     
7966.587    2     
7999.920    2     
8033.253    2     
8066.586    2     
8099.919    2     
8133.252    2     
8166.585    2     
8199.918    2     
8233.251    2     
8266.584    2     
8299.917    2     
8333.250    2     
8366.583    2     
8399.916    2     
8433.249    2     
8466.582    2     
8499.915    2     
8533.248    2     
8566.581    2     
8599.914    2     
8633.247    2     
8666.580    2     
8699.913    2     
8733.246    2     
8766.579    2     
8799.912    2     
8833.245    2     
8866.578    2     
8899.911    2     
8933.244    2     
8966.577    2     
8999.910    2     
9033.243    2     
9066.576    2     
9099.909    2     
9133.242    2     
9166.575    2     
9199.908    2     
9233.241    2     
9266.574    2     
9299.907    2     
9333.240    2     
9366.573    2     
9399.906    2     
9433.239    2     
9466.572    2     
9499.905    2     
9533.238    2     
9566.571    2     
9599.904    2     
9633.237    2     
9666.570    2     
9699.903    2     
9733.236    2     
9766.569    2     
9799.902    2     
9833.235    2     
9866.568    2     
9899.901    2     
9933.234    2     
9966.567    2     
9999.900    2     
10033.233   2     
10066.566   2     
10099.899   2     
10133.232   2     
10166.565   2     
10199.898   2     
10233.231   2     
10266.564   2     
10299.897   2     
10333.230   2     
10366.563   2     
10399.896   2     
10433.229   2     
10466.562   2     
10499.895   2     
10533.228   2     
10566.561   2     
10599.894   2     
10633.227   2     
10666.560   2     
10699.893   2     
10733.226   2     
10766.559   2     
10799.892   2     
10833.225   2     
10866.558   2     
10899.891   2     
10933.224   2     
10966.557   2     
10999.890   2     
11033.223   2     
11066.556   2     
11099.889   2     
11133.222   2     
11166.555   2     
11199.888   2     
11233.221   2     
11266.554   2     
11299.887   2     
11333.220   2     
11366.553   2     
11399.886   2     
11433.219   2     
11466.552   2     
11499.885   2     
11533.218   2     
11566.551   2     
11599.884   2     
11633.217   2     
11666.550   2     
11699.883   2     
11733.216   2     
11766.549   2     
11799.882   2     
11833.215   2     
11866.548   2     
11899.881   2     
11933.214   2     
11966.547   2     
11999.880   2     
12033.213   2     
12066.546   2     
12099.879   2     
12133.212   2     
12166.545   2     
12199.878   2     
12233.211   2     
12266.544   2     
12299.877   2     
12333.210   2     
12366.543   2     
12399.876   2     
12433.209   2     
12466.542   2     
12499.875   2     
12533.208   2     
12566.541   2     
12599.874   2     
12633.207   2     
12666.540   2     
12699.873   2     
12733.206   2     
12766.539   2     
12799.872   2     
12833.205   2     
12866.538   2     
12899.871   2     
12933.204   2     
12966.537   2     
12999.870   2     
13033.203   2     
13066.536   2     
13099.869   2     
13133.202   2     
13166.535   2     
13199.868   2     
13233.201   2     
13266.534   2     
13299.867   2     
13333.200   2     
13366.533   2     
13399.866   2     
13433.199   2     
13466.532   2     
13499.865   2     
13533.198   2     
13566.531   2     
13599.864   2     
13633.197   2     
13666.530   2     
13699.863   2     
13733.196   2     
13766.529   2     
13799.862   2     
13833.195   2     
13866.528   2     
13899.861   2     
13933.194   2     
13966.527   2     
13999.860   2     
14033.193   2     
14066.526   2     
14099.859   2     
14133.192   2     
14166.525   2     
14199.858   3     
14233.191   3     
14266.524   3     
14299.857   3     
14333.190   3     
14366.523   3     
14399.856   3     
14433.189   3     
14466.522   3     
14499.855   3     
14533.188   3     
14566.521   3     
14599.854   3     
14633.187   3     
14666.520   3     
14699.853   3     
14733.186   3     
14766.519   3     
14799.852   3     
14833.185   3     
14866.518   3     
14899.851   3     
14933.184   3     
14966.517   3     
14999.850   3     
15033.183   3     
15066.516   3     
15099.849   3     
15133.182   3     
15166.515   3     
15199.848   3     
15233.181   3     
15266.514   3     
15299.847   3     
15333.180   3     
15366.513   3     
15399.846   4     
15433.179   4     
15466.512   4     
15499.845   4     
15533.178   4     
15566.511   4     
15599.844   4     
15633.177   4     
15666.510   4     
15699.843   4     
15733.176   4     
15766.509   4     
15799.842   4     
15833.175   4     
15866.508   4     
15899.841   4     
15933.174   4     
15966.507   4     
15999.840   4     
16033.173   4     
16066.506   4     
16099.839   4     
16133.172   4     
16166.505   4     
16199.838   4     
16233.171   4     
16266.504   4     
16299.837   4     
16333.170   4     
16366.503   4     
16399.836   4     
16433.169   4     
16466.502   4     
16499.835   4     
16533.168   4     
16566.501   4     
16599.834   4     
16633.167   4     
16666.500   4     
16699.833   4     
16733.166   4     
16766.499   4     
16799.832   4     
16833.165   4     
16866.498   4     
16899.831   4     
16933.164   4     
16966.497   4     
16999.830   4     
17033.163   4     
17066.496   4     
17099.829   4     
17133.162   4     
17166.495   4     
17199.828   4     
17233.161   4     
17266.494   4     
17299.827   4     
17333.160   4     
17366.493   4     
17399.826   4     
17433.159   4     
17466.492   4     
17499.825   4     
17533.158   4     
17566.491   4     
17599.824   4     
17633.157   4     
17666.490   4     
17699.823   4     
17733.156   4     
17766.489   4     
17799.822   7     
17833.155   7     
17866.488   7     
17899.821   7     
17933.154   7     
17966.487   7     
17999.820   7     
18033.153   7     
18066.486   7     
18099.819   7     
18133.152   7     
18166.485   7     
18199.818   7     
18233.151   7     
18266.484   7     
18299.817   7     
18333.150   7     
18366.483   7     
18399.816   7     
18433.149   7     
18466.482   7     
18499.815   7     
18533.148   7     
18566.481   7     
18599.814   7     
18633.147   7     
18666.480   7     
18699.813   7     
18733.146   7     
18766.479   7     
18799.812   7     
18833.145   7     
18866.478   7     
18899.811   7     
18933.144   7     
18966.477   7     
18999.810   7     
19033.143   7     
19066.476   7     
19099.809   7     
19133.142   7     
19166.475   7     
19199.808   7     
19233.141   7     
19266.474   7     
19299.807   7     
19333.140   7     
19366.473   7     
19399.806   7     
19433.139   7     
19466.472   7     
19499.805   7     
19533.138   7     
19566.471   7     
19599.804   7     
19633.137   7     
19666.470   7     
19699.803   7     
19733.136   7     
19766.469   7     
19799.802   7     
19833.135   7     
19866.468   7     
19899.801   7     
19933.134   7     
19966.467   7     
19999.800   7     
20033.133   7     
20066.466   7     
20099.799   7     
20133.132   7     
20166.465   7     
20199.798   7     
20233.131   7     
20266.464   7     
20299.797   7     
20333.130   7     
20366.463   7     
20399.796   7     
20433.129   7     
20466.462   7     
20499.795   7     
20533.128   7     
20566.461   7     
20599.794   7     
20633.127   7     
20666.460   7     
20699.793   7     
20733.126   7     
20766.459   7     
20799.792   7     
20833.125   7     
20866.458   7     
20899.791   7     
20933.124   7     
20966.457   7     
20999.790   7     
21033.123   7     
21066.456   7     
21099.789   7     
21133.122   7     
21166.455   7     
21199.788   7     
21233.121   8     
21266.454   8     
21299.787   8     
21333.120   8     
21366.453   8     
21399.786   8     
21433.119   8     
21466.452   8     
21499.785   8     
21533.118   8     
21566.451   8     
21599.784   8     
21633.117   8     
21666.450   8     
21699.783   8     
21733.116   8     
21766.449   8     
21799.782   8     
21833.115   8     
21866.448   8     
21899.781   8     
21933.114   8     
21966.447   8     
21999.780   8     
22033.113   8     
22066.446   8     
22099.779   8     
22133.112   8     
22166.445   8     
22199.778   8     
22233.111   8     
22266.444   8     
22299.777   8     
22333.110   8     
22366.443   8     
22399.776   8     
22433.109   8     
22466.442   8     
22499.775   8     
22533.108   8     
22566.441   8     
22599.774   8     
22633.107   8     
22666.440   8     
22699.773   8     
22733.106   8     
22766.439   8     
22799.772   8     
22833.105   8     
22866.438   8     
22899.771   8     
22933.104   8     
22966.437   8     
22999.770   8     
23033.103   8     
23066.436   8     
23099.769   8     
23133.102   8     
23166.435   8     
23199.768   8     
23233.101   8     
23266.434   8     
23299.767   8     
23333.100   8     
23366.433   8     
23399.766   8     
23433.099   8     
23466.432   8     
23499.765   8     
23533.098   8     
23566.431   8     
23599.764   8     
23633.097   8     
23666.430   8     
23699.763   8     
23733.096   8     
23766.429   8     
23799.762   8     
23833.095   8     
23866.428   8     
23899.761   8     
23933.094   8     
23966.427   8     
23999.760   8     
24033.093   8     
24066.426   8     
24099.759   8     
24133.092   8     
24166.425   8     
24199.758   8     
24233.091   8     
24266.424   8     
24299.757   8     
24333.090   8     
24366.423   8     
24399.756   8     
24433.089   8     
24466.422   8     
24499.755   3     
24533.088   3     
24566.421   3     
24599.754   3     
24633.087   3     
24666.420   3     
24699.753   3     
24733.086   3     
24766.419   3     
24799.752   3     
24833.085   3     
24866.418   3     
24899.751   3     
24933.084   3     
24966.417   3     
24999.750   3     
25033.083   3     
25066.416   3     
25099.749   3     
25133.082   3     
25166.415   3     
25199.748   3     
25233.081   3     
25266.414   3     
25299.747   3     
25333.080   3     
25366.413   3     
25399.746   3     
25433.079   3     
25466.412   3     
25499.745   3     
25533.078   3     
25566.411   3     
25599.744   3     
25633.077   3     
25666.410   3     
25699.743   3     
25733.076   3     
25766.409   3     
25799.742   3     
25833.075   3     
25866.408   3     
25899.741   3     
25933.074   3     
25966.407   3     
25999.740   3     
26033.073   3     
26066.406   3     
26099.739   3     
26133.072   3     
26166.405   3     
26199.738   3     
26233.071   3     
26266.404   3     
26299.737   3     
26333.070   3     
26366.403   3     
26399.736   3     
26433.069   3     
26466.402   3     
26499.735   3     
26533.068   3     
26566.401   3     
26599.734   3     
26633.067   3     
26666.400   3     
26699.733   3     
26733.066   3     
26766.399   5     
26799.732   5     
26833.065   5     
26866.398   5     
26899.731   5     
26933.064   5     
26966.397   5     
26999.730   5     
27033.063   5     
27066.396   5     
27099.729   5     
27133.062   5     
27166.395   5     
27199.728   5     
27233.061   5     
27266.394   5     
27299.727   5     
27333.060   5     
27366.393   5     
27399.726   5     
27433.059   5     
27466.392   5     
27499.725   5     
27533.058   5     
27566.391   5     
27599.724   5     
27633.057   5     
27666.390   5     
27699.723   5     
27733.056   5     
27766.389   5     
27799.722   5     
27833.055   5     
27866.388   5     
27899.721   5     
27933.054   5     
27966.387   5     
27999.720   5     
28033.053   5     
28066.386   5     
28099.719   5     
28133.052   5     
28166.385   5     
28199.718   5     
28233.051   5     
28266.384   5     
28299.717   5     
28333.050   5     
28366.383   5     
28399.716   5     
28433.049   5     
28466.382   5     
28499.715   5     
28533.048   5     
28566.381   5     
28599.714   5     
28633.047   5     
28666.380   5     
28699.713   5     
28733.046   5     
28766.379   5     
28799.712   5     
28833.045   5     
28866.378   5     
28899.711   5     
28933.044   7     
28966.377   7     
28999.710   7     
29033.043   7     
29066.376   7     
29099.709   7     
29133.042   7     
29166.375   7     
29199.708   7     
29233.041   7     
29266.374   7     
29299.707   7     
29333.040   7     
29366.373   7     
29399.706   7     
29433.039   7     
29466.372   7     
29499.705   7     
29533.038   7     
29566.371   7     
29599.704   7     
29633.037   7     
29666.370   7     
29699.703   7     
29733.036   7     
29766.369   7     
29799.702   7     
29833.035   7     
29866.368   7     
29899.701   7     
29933.034   7     
29966.367   7     
29999.700   7     
30033.033   7     
30066.366   7     
30099.699   7     
30133.032   7     
30166.365   7     
30199.698   7     
30233.031   7     
30266.364   7     
30299.697   7     
30333.030   7     
30366.363   7     
30399.696   7     
30433.029   7     
30466.362   7     
30499.695   7     
30533.028   7     
30566.361   7     
30599.694   7     
30633.027   7     
30666.360   7     
30699.693   7     
30733.026   8     
30766.359   8     
30799.692   8     
30833.025   8     
30866.358   8     
30899.691   8     
30933.024   8     
30966.357   8     
30999.690   8     
31033.023   8     
31066.356   8     
31099.689   8     
31133.022   8     
31166.355   8     
31199.688   8     
31233.021   8     
31266.354   8     
31299.687   8     
31333.020   8     
31366.353   8     
31399.686   8     
31433.019   8     
31466.352   8     
31499.685   8     
31533.018   8     
31566.351   8     
31599.684   8     
31633.017   8     
31666.350   8     
31699.683   8     
31733.016   8     
31766.349   8     
31799.682   8     
31833.015   8     
31866.348   8     
31899.681   8     
31933.014   8     
31966.347   8     
31999.680   8     
32033.013   8     
32066.346   8     
32099.679   8     
32133.012   8     
32166.345   8     
32199.678   8     
32233.011   8     
32266.344   8     
32299.677   8     
32333.010   8     
32366.343   8     
32399.676   8     
32433.009   8     
32466.342   8     
32499.675   8     
32533.008   8     
32566.341   8     
32599.674   8     
32633.007   8     
32666.340   8     
32699.673   8     
32733.006   8     
32766.339   8     
32799.672   8     
32833.005   3     
32866.338   3     
32899.671   3     
32933.004   3     
32966.337   3     
32999.670   3     
33033.003   3     
33066.336   3     
33099.669   3     
33133.002   3     
33166.335   3     
33199.668   3     
33233.001   3     
33266.334   3     
33299.667   3     
33333.000   3     
33366.333   3     
33399.666   3     
33432.999   3     
33466.332   3     
33499.665   3     
33532.998   3     
33566.331   3     
33599.664   3     
33632.997   3     
33666.330   3     
33699.663   3     
33732.996   3     
33766.329   3     
33799.662   3     
33832.995   3     
33866.328   3     
33899.661   3     
33932.994   3     
33966.327   3     
33999.660   3     
34032.993   3     
34066.326   3     
34099.659   3     
34132.992   3     
34166.325   3     
34199.658   3     
34232.991   3     
34266.324   3     
34299.657   3     
34332.990   3     
34366.323   3     
34399.656   3     
34432.989   3     
34466.322   3     
34499.655   3     
34532.988   3     
34566.321   3     
34599.654   3     
34632.987   3     
34666.320   3     
34699.653   3     
34732.986   3     
34766.319   3     
34799.652   3     
34832.985   3     
34866.318   3     
34899.651   3     
34932.984   3     
34966.317   3     
34999.650   3     
35032.983   3     
35066.316   3     
35099.649   3     
35132.982   6     
35166.315   6     
35199.648   6     
35232.981   6     
35266.314   6     
35299.647   6     
35332.980   6     
35366.313   6     
35399.646   6     
35432.979   6     
35466.312   6     
35499.645   6     
35532.978   6     
35566.311   6     
35599.644   6     
35632.977   6     
35666.310   6     
35699.643   6     
35732.976   6     
35766.309   6     
35799.642   6     
35832.975   6     
35866.308   6     
35899.641   6     
35932.974   6     
35966.307   6     
35999.640   6     
36032.973   6     
36066.306   6     
36099.639   6     
36132.972   6     
36166.305   6     
36199.638   6     
36232.971   6     
36266.304   6     
36299.637   6     
36332.970   6     
36366.303   6     
36399.636   6     
36432.969   6     
36466.302   6     
36499.635   6     
36532.968   6     
36566.301   6     
36599.634   6     
36632.967   6     
36666.300   6     
36699.633   6     
36732.966   6     
36766.299   6     
36799.632   6     
36832.965   6     
36866.298   6     
36899.631   6     
36932.964   6     
36966.297   6     
36999.630   6     
37032.963   6     
37066.296   6     
37099.629   6     
37132.962   6     
37166.295   7     
37199.628   7     
37232.961   7     
37266.294   7     
37299.627   7     
37332.960   7     
37366.293   7     
37399.626   7     
37432.959   7     
37466.292   7     
37499.625   7     
37532.958   7     
37566.291   7     
37599.624   7     
37632.957   7     
37666.290   7     
37699.623   7     
37732.956   7     
37766.289   7     
37799.622   7     
37832.955   7     
37866.288   7     
37899.621   7     
37932.954   7     
37966.287   7     
37999.620   7     
38032.953   7     
38066.286   7     
38099.619   7     
38132.952   7     
38166.285   7     
38199.618   7     
38232.951   7     
38266.284   7     
38299.617   7     
38332.950   7     
38366.283   7     
38399.616   7     
38432.949   7     
38466.282   7     
38499.615   7     
38532.948   7     
38566.281   7     
38599.614   7     
38632.947   7     
38666.280   7     
38699.613   7     
38732.946   7     
38766.279   7     
38799.612   7     
38832.945   7     
38866.278   7     
38899.611   7     
38932.944   7     
38966.277   7     
38999.610   7     
39032.943   7     
39066.276   7     
39099.609   7     
39132.942   7     
39166.275   7     
39199.608   7     
39232.941   7     
39266.274   7     
39299.607   7     
39332.940   7     
39366.273   8     
39399.606   8     
39432.939   8     
39466.272   8     
39499.605   8     
39532.938   8     
39566.271   8     
39599.604   8     
39632.937   8     
39666.270   8     
39699.603   8     
39732.936   8     
39766.269   8     
39799.602   8     
39832.935   8     
39866.268   8     
39899.601   8     
39932.934   8     
39966.267   8     
39999.600   8     
40032.933   8     
40066.266   8     
40099.599   8     
40132.932   8     
40166.265   8     
40199.598   8     
40232.931   8     
40266.264   8     
40299.597   8     
40332.930   8     
40366.263   8     
40399.596   8     
40432.929   8     
40466.262   8     
40499.595   8     
40532.928   8     
40566.261   8     
40599.594   8     
40632.927   8     
40666.260   8     
40699.593   8     
40732.926   8     
40766.259   8     
40799.592   8     
40832.925   8     
40866.258   8     
40899.591   8     
40932.924   8     
40966.257   8     
40999.590   8     
41032.923   8     
41066.256   9     
41099.589   9     
41132.922   9     
41166.255   9     
41199.588   9     
41232.921   9     
41266.254   9     
41299.587   9     
41332.920   9     
41366.253   9     
41399.586   9     
41432.919   9     
41466.252   9     
41499.585   9     
41532.918   9     
41566.251   9     
41599.584   9     
41632.917   9     
41666.250   9     
41699.583   9     
41732.916   9     
41766.249   9     
41799.582   9     
41832.915   9     
41866.248   9     
41899.581   9     
41932.914   9     
41966.247   9     
41999.580   9     
42032.913   9     
42066.246   9     
42099.579   9     
42132.912   9     
42166.245   9     
42199.578   9     
42232.911   9     
42266.244   9     
42299.577   9     
42332.910   9     
42366.243   9     
42399.576   9     
42432.909   9     
42466.242   9     
42499.575   9     
42532.908   9     
42566.241   9     
42599.574   9     
42632.907   9     
42666.240   9     
42699.573   9     
42732.906   9     
42766.239   9     
42799.572   9     
42832.905   9     
42866.238   9     
42899.571   9     
42932.904   9     
42966.237   9     
42999.570   9     
43032.903   9     
43066.236   9     
43099.569   9     
43132.902   9     
43166.235   9     
43199.568   9     
43232.901   9     
43266.234   9     
43299.567   9     
43332.900   9     
43366.233   9     
43399.566   9     
43432.899   9     
43466.232   9     
43499.565   9     
