Time (ms)   Label 
0.000       9     
33.333      9     
66.666      9     
99.999      9     
133.332     9     
166.665     9     
199.998     9     
233.331     9     
266.664     9     
299.997     9     
333.330     9     
366.663     9     
399.996     9     
433.329     9     
466.662     9     
499.995     9     
533.328     9     
566.661     9     
599.994     9     
633.327     9     
666.660     9     
699.993     9     
733.326     9     
766.659     9     
799.992     9     
833.325     9     
866.658     9     
899.991     9     
933.324     9     
966.657     9     
999.990     9     
1033.323    9     
1066.656    9     
1099.989    9     
1133.322    9     
1166.655    9     
1199.988    9     
1233.321    9     
1266.654    9     
1299.987    9     
1333.320    9     
1366.653    9     
1399.986    9     
1433.319    9     
1466.652    9     
1499.985    9     
1533.318    9     
1566.651    9     
1599.984    9     
1633.317    9     
1666.650    9     
1699.983    9     
1733.316    9     
1766.649    9     
1799.982    9     
1833.315    9     
1866.648    9     
1899.981    9     
1933.314    9     
1966.647    9     
1999.980    9     
2033.313    9     
2066.646    9     
2099.979    9     
2133.312    9     
2166.645    9     
2199.978    9     
2233.311    9     
2266.644    9     
2299.977    9     
2333.310    9     
2366.643    9     
2399.976    9     
2433.309    9     
2466.642    9     
2499.975    9     
2533.308    9     
2566.641    9     
2599.974    9     
2633.307    9     
2666.640    9     
2699.973    9     
2733.306    9     
2766.639    9     
2799.972    9     
2833.305    9     
2866.638    9     
2899.971    9     
2933.304    9     
2966.637    9     
2999.970    9     
3033.303    9     
3066.636    9     
3099.969    9     
3133.302    9     
3166.635    9     
3199.968    9     
3233.301    9     
3266.634    9     
3299.967    9     
3333.300    9     
3366.633    9     
3399.966    9     
3433.299    9     
3466.632    9     
3499.965    9     
3533.298    9     
3566.631    9     
3599.964    9     
3633.297    9     
3666.630    9     
3699.963    9     
3733.296    9     
3766.629    9     
3799.962    9     
3833.295    9     
3866.628    9     
3899.961    9     
3933.294    9     
3966.627    9     
3999.960    9     
4033.293    9     
4066.626    9     
4099.959    9     
4133.292    9     
4166.625    9     
4199.958    9     
4233.291    9     
4266.624    9     
4299.957    9     
4333.290    9     
4366.623    9     
4399.956    9     
4433.289    9     
4466.622    9     
4499.955    9     
4533.288    9     
4566.621    9     
4599.954    9     
4633.287    9     
4666.620    9     
4699.953    9     
4733.286    9     
4766.619    9     
4799.952    9     
4833.285    9     
4866.618    9     
4899.951    9     
4933.284    9     
4966.617    9     
4999.950    9     
5033.283    9     
5066.616    9     
5099.949    9     
5133.282    9     
5166.615    9     
5199.948    9     
5233.281    9     
5266.614    9     
5299.947    9     
5333.280    9     
5366.613    9     
5399.946    9     
5433.279    9     
5466.612    9     
5499.945    9     
5533.278    9     
5566.611    9     
5599.944    9     
5633.277    9     
5666.610    9     
5699.943    9     
5733.276    9     
5766.609    9     
5799.942    9     
5833.275    9     
5866.608    9     
5899.941    9     
5933.274    9     
5966.607    9     
5999.940    9     
6033.273    9     
6066.606    9     
6099.939    9     
6133.272    9     
6166.605    9     
6199.938    9     
6233.271    9     
6266.604    9     
6299.937    9     
6333.270    9     
6366.603    9     
6399.936    9     
6433.269    9     
6466.602    9     
6499.935    9     
6533.268    9     
6566.601    9     
6599.934    9     
6633.267    9     
6666.600    9     
6699.933    9     
6733.266    9     
6766.599    9     
6799.932    9     
6833.265    9     
6866.598    9     
6899.931    9     
6933.264    9     
6966.597    9     
6999.930    9     
7033.263    9     
7066.596    9     
7099.929    9     
7133.262    9     
7166.595    9     
7199.928    9     
7233.261    9     
7266.594    9     
7299.927    9     
7333.260    9     
7366.593    9     
7399.926    9     
7433.259    9     
7466.592    9     
7499.925    9     
7533.258    9     
7566.591    9     
7599.924    9     
7633.257    9     
7666.590    9     
7699.923    9     
7733.256    9     
7766.589    9     
7799.922    9     
7833.255    9     
7866.588    9     
7899.921    9     
7933.254    9     
7966.587    9     
7999.920    9     
8033.253    9     
8066.586    9     
8099.919    9     
8133.252    9     
8166.585    9     
8199.918    9     
8233.251    9     
8266.584    9     
8299.917    9     
8333.250    9     
8366.583    9     
8399.916    9     
8433.249    9     
8466.582    9     
8499.915    9     
8533.248    9     
8566.581    9     
8599.914    9     
8633.247    9     
8666.580    9     
8699.913    9     
8733.246    9     
8766.579    9     
8799.912    9     
8833.245    9     
8866.578    9     
8899.911    9     
8933.244    9     
8966.577    9     
8999.910    9     
9033.243    9     
9066.576    9     
9099.909    9     
9133.242    9     
9166.575    9     
9199.908    9     
9233.241    9     
9266.574    9     
9299.907    9     
9333.240    9     
9366.573    9     
9399.906    9     
9433.239    9     
9466.572    9     
9499.905    9     
9533.238    9     
9566.571    9     
9599.904    9     
9633.237    9     
9666.570    9     
9699.903    9     
9733.236    9     
9766.569    9     
9799.902    9     
9833.235    9     
9866.568    9     
9899.901    9     
9933.234    9     
9966.567    9     
9999.900    9     
10033.233   9     
10066.566   9     
10099.899   9     
10133.232   9     
10166.565   9     
10199.898   9     
10233.231   9     
10266.564   9     
10299.897   9     
10333.230   9     
10366.563   9     
10399.896   9     
10433.229   9     
10466.562   9     
10499.895   9     
10533.228   9     
10566.561   9     
10599.894   9     
10633.227   9     
10666.560   9     
10699.893   9     
10733.226   9     
10766.559   9     
10799.892   9     
10833.225   9     
10866.558   9     
10899.891   9     
10933.224   9     
10966.557   9     
10999.890   9     
11033.223   9     
11066.556   9     
11099.889   9     
11133.222   9     
11166.555   9     
11199.888   9     
11233.221   9     
11266.554   9     
11299.887   9     
11333.220   9     
11366.553   9     
11399.886   9     
11433.219   9     
11466.552   9     
11499.885   9     
11533.218   9     
11566.551   9     
11599.884   9     
11633.217   9     
11666.550   9     
11699.883   9     
11733.216   9     
11766.549   9     
11799.882   9     
11833.215   9     
11866.548   9     
11899.881   9     
11933.214   9     
11966.547   9     
11999.880   9     
12033.213   9     
12066.546   9     
12099.879   9     
12133.212   9     
12166.545   9     
12199.878   9     
12233.211   9     
12266.544   9     
12299.877   9     
12333.210   9     
12366.543   9     
12399.876   9     
12433.209   9     
12466.542   9     
12499.875   9     
12533.208   9     
12566.541   9     
12599.874   9     
12633.207   9     
12666.540   9     
12699.873   9     
12733.206   9     
12766.539   9     
12799.872   9     
12833.205   9     
12866.538   9     
12899.871   9     
12933.204   9     
12966.537   9     
12999.870   9     
13033.203   9     
13066.536   9     
13099.869   9     
13133.202   9     
13166.535   9     
13199.868   9     
13233.201   9     
13266.534   9     
13299.867   9     
13333.200   9     
13366.533   9     
13399.866   9     
13433.199   9     
13466.532   9     
13499.865   9     
13533.198   9     
13566.531   9     
13599.864   9     
13633.197   9     
13666.530   9     
13699.863   9     
13733.196   9     
13766.529   9     
13799.862   9     
13833.195   9     
13866.528   9     
13899.861   9     
13933.194   9     
13966.527   9     
13999.860   9     
14033.193   9     
14066.526   9     
14099.859   9     
14133.192   9     
14166.525   9     
14199.858   9     
14233.191   9     
14266.524   9     
14299.857   9     
14333.190   9     
14366.523   9     
14399.856   9     
14433.189   9     
14466.522   9     
14499.855   9     
14533.188   9     
14566.521   9     
14599.854   9     
14633.187   9     
14666.520   9     
14699.853   9     
14733.186   9     
14766.519   9     
14799.852   9     
14833.185   9     
14866.518   9     
14899.851   9     
14933.184   9     
14966.517   9     
14999.850   9     
15033.183   9     
15066.516   9     
15099.849   9     
15133.182   9     
15166.515   9     
15199.848   9     
15233.181   9     
15266.514   9     
15299.847   9     
15333.180   9     
15366.513   9     
15399.846   9     
15433.179   9     
15466.512   9     
15499.845   9     
15533.178   9     
15566.511   9     
15599.844   9     
15633.177   9     
15666.510   9     
15699.843   9     
15733.176   9     
15766.509   9     
15799.842   9     
15833.175   9     
15866.508   9     
15899.841   9     
15933.174   9     
15966.507   9     
15999.840   9     
16033.173   9     
16066.506   9     
16099.839   9     
16133.172   9     
16166.505   9     
16199.838   9     
16233.171   9     
16266.504   9     
16299.837   9     
16333.170   9     
16366.503   9     
16399.836   9     
16433.169   9     
16466.502   9     
16499.835   9     
16533.168   9     
16566.501   9     
16599.834   9     
16633.167   9     
16666.500   9     
16699.833   9     
16733.166   9     
16766.499   9     
16799.832   9     
16833.165   9     
16866.498   9     
16899.831   9     
16933.164   9     
16966.497   9     
16999.830   9     
17033.163   9     
17066.496   9     
17099.829   9     
17133.162   9     
17166.495   9     
17199.828   9     
17233.161   9     
17266.494   9     
17299.827   9     
17333.160   9     
17366.493   9     
17399.826   9     
17433.159   9     
17466.492   9     
17499.825   9     
17533.158   9     
17566.491   9     
17599.824   9     
17633.157   9     
17666.490   9     
17699.823   9     
17733.156   9     
17766.489   9     
17799.822   9     
17833.155   9     
17866.488   9     
17899.821   9     
17933.154   9     
17966.487   9     
17999.820   9     
18033.153   9     
18066.486   9     
18099.819   9     
18133.152   9     
18166.485   9     
18199.818   9     
18233.151   9     
18266.484   9     
18299.817   9     
18333.150   9     
18366.483   9     
18399.816   9     
18433.149   9     
18466.482   9     
18499.815   9     
18533.148   9     
18566.481   9     
18599.814   9     
18633.147   9     
18666.480   9     
18699.813   9     
18733.146   9     
18766.479   9     
18799.812   9     
18833.145   9     
18866.478   9     
18899.811   9     
18933.144   1     
18966.477   1     
18999.810   1     
19033.143   1     
19066.476   1     
19099.809   1     
19133.142   1     
19166.475   1     
19199.808   1     
19233.141   1     
19266.474   1     
19299.807   1     
19333.140   1     
19366.473   1     
19399.806   1     
19433.139   1     
19466.472   1     
19499.805   1     
19533.138   1     
19566.471   1     
19599.804   1     
19633.137   1     
19666.470   1     
19699.803   1     
19733.136   1     
19766.469   1     
19799.802   1     
19833.135   1     
19866.468   1     
19899.801   1     
19933.134   1     
19966.467   1     
19999.800   1     
20033.133   1     
20066.466   1     
20099.799   1     
20133.132   1     
20166.465   1     
20199.798   1     
20233.131   1     
20266.464   1     
20299.797   1     
20333.130   1     
20366.463   1     
20399.796   1     
20433.129   1     
20466.462   1     
20499.795   1     
20533.128   1     
20566.461   1     
20599.794   1     
20633.127   1     
20666.460   1     
20699.793   1     
20733.126   1     
20766.459   1     
20799.792   1     
20833.125   1     
20866.458   1     
20899.791   1     
20933.124   1     
20966.457   1     
20999.790   1     
21033.123   1     
21066.456   1     
21099.789   1     
21133.122   1     
21166.455   1     
21199.788   1     
21233.121   1     
21266.454   1     
21299.787   1     
21333.120   1     
21366.453   1     
21399.786   1     
21433.119   1     
21466.452   1     
21499.785   1     
21533.118   1     
21566.451   1     
21599.784   1     
21633.117   1     
21666.450   1     
21699.783   1     
21733.116   1     
21766.449   1     
21799.782   1     
21833.115   1     
21866.448   1     
21899.781   1     
21933.114   1     
21966.447   1     
21999.780   1     
22033.113   1     
22066.446   1     
22099.779   1     
22133.112   1     
22166.445   1     
22199.778   1     
22233.111   1     
22266.444   1     
22299.777   1     
22333.110   1     
22366.443   1     
22399.776   1     
22433.109   1     
22466.442   1     
22499.775   1     
22533.108   1     
22566.441   1     
22599.774   1     
22633.107   1     
22666.440   1     
22699.773   1     
22733.106   1     
22766.439   1     
22799.772   1     
22833.105   1     
22866.438   1     
22899.771   1     
22933.104   1     
22966.437   1     
22999.770   1     
23033.103   1     
23066.436   1     
23099.769   1     
23133.102   1     
23166.435   1     
23199.768   1     
23233.101   1     
23266.434   1     
23299.767   1     
23333.100   1     
23366.433   1     
23399.766   1     
23433.099   1     
23466.432   1     
23499.765   1     
23533.098   1     
23566.431   1     
23599.764   1     
23633.097   1     
23666.430   1     
23699.763   1     
23733.096   1     
23766.429   1     
23799.762   1     
23833.095   1     
23866.428   1     
23899.761   1     
23933.094   1     
23966.427   1     
23999.760   1     
24033.093   1     
24066.426   1     
24099.759   1     
24133.092   1     
24166.425   1     
24199.758   1     
24233.091   1     
24266.424   1     
24299.757   1     
24333.090   1     
24366.423   1     
24399.756   1     
24433.089   1     
24466.422   1     
24499.755   1     
24533.088   1     
24566.421   1     
24599.754   1     
24633.087   1     
24666.420   1     
24699.753   1     
24733.086   1     
24766.419   1     
24799.752   1     
24833.085   1     
24866.418   1     
24899.751   1     
24933.084   1     
24966.417   1     
24999.750   1     
25033.083   1     
25066.416   1     
25099.749   1     
25133.082   1     
25166.415   1     
25199.748   1     
25233.081   1     
25266.414   1     
25299.747   1     
25333.080   1     
25366.413   1     
25399.746   1     
25433.079   1     
25466.412   1     
25499.745   1     
25533.078   1     
25566.411   1     
25599.744   1     
25633.077   1     
25666.410   1     
25699.743   1     
25733.076   1     
25766.409   1     
25799.742   1     
25833.075   1     
25866.408   1     
25899.741   1     
25933.074   1     
25966.407   1     
25999.740   1     
26033.073   1     
26066.406   1     
26099.739   1     
26133.072   1     
26166.405   1     
26199.738   1     
26233.071   1     
26266.404   1     
26299.737   1     
26333.070   1     
26366.403   1     
26399.736   1     
26433.069   1     
26466.402   1     
26499.735   1     
26533.068   1     
26566.401   1     
26599.734   1     
26633.067   1     
26666.400   1     
26699.733   1     
26733.066   1     
26766.399   1     
26799.732   1     
26833.065   1     
26866.398   1     
26899.731   1     
26933.064   1     
26966.397   1     
26999.730   1     
27033.063   1     
27066.396   1     
27099.729   1     
27133.062   1     
27166.395   1     
27199.728   1     
27233.061   1     
27266.394   1     
27299.727   1     
27333.060   1     
27366.393   1     
27399.726   1     
27433.059   1     
27466.392   1     
27499.725   1     
27533.058   1     
27566.391   1     
27599.724   1     
27633.057   1     
27666.390   1     
27699.723   1     
27733.056   1     
27766.389   1     
27799.722   1     
27833.055   1     
27866.388   1     
27899.721   1     
27933.054   1     
27966.387   1     
27999.720   1     
28033.053   1     
28066.386   1     
28099.719   1     
28133.052   1     
28166.385   1     
28199.718   1     
28233.051   1     
28266.384   1     
28299.717   1     
28333.050   1     
28366.383   1     
28399.716   2     
28433.049   2     
28466.382   2     
28499.715   2     
28533.048   2     
28566.381   2     
28599.714   2     
28633.047   2     
28666.380   2     
28699.713   2     
28733.046   2     
28766.379   2     
28799.712   2     
28833.045   2     
28866.378   2     
28899.711   2     
28933.044   2     
28966.377   2     
28999.710   2     
29033.043   2     
29066.376   2     
29099.709   2     
29133.042   2     
29166.375   2     
29199.708   2     
29233.041   2     
29266.374   2     
29299.707   2     
29333.040   2     
29366.373   2     
29399.706   2     
29433.039   2     
29466.372   2     
29499.705   2     
29533.038   2     
29566.371   2     
29599.704   2     
29633.037   2     
29666.370   2     
29699.703   2     
29733.036   2     
29766.369   2     
29799.702   2     
29833.035   2     
29866.368   2     
29899.701   2     
29933.034   2     
29966.367   2     
29999.700   2     
30033.033   2     
30066.366   2     
30099.699   2     
30133.032   2     
30166.365   2     
30199.698   2     
30233.031   2     
30266.364   2     
30299.697   2     
30333.030   2     
30366.363   2     
30399.696   2     
30433.029   2     
30466.362   2     
30499.695   2     
30533.028   2     
30566.361   2     
30599.694   2     
30633.027   2     
30666.360   2     
30699.693   2     
30733.026   2     
30766.359   2     
30799.692   2     
30833.025   2     
30866.358   2     
30899.691   2     
30933.024   2     
30966.357   2     
30999.690   2     
31033.023   2     
31066.356   2     
31099.689   2     
31133.022   2     
31166.355   2     
31199.688   2     
31233.021   2     
31266.354   2     
31299.687   2     
31333.020   2     
31366.353   2     
31399.686   2     
31433.019   2     
31466.352   2     
31499.685   2     
31533.018   2     
31566.351   2     
31599.684   2     
31633.017   2     
31666.350   2     
31699.683   2     
31733.016   2     
31766.349   2     
31799.682   2     
31833.015   2     
31866.348   2     
31899.681   2     
31933.014   2     
31966.347   2     
31999.680   2     
32033.013   2     
32066.346   2     
32099.679   2     
32133.012   2     
32166.345   2     
32199.678   2     
32233.011   2     
32266.344   2     
32299.677   2     
32333.010   2     
32366.343   2     
32399.676   2     
32433.009   2     
32466.342   2     
32499.675   2     
32533.008   2     
32566.341   2     
32599.674   2     
32633.007   2     
32666.340   2     
32699.673   2     
32733.006   2     
32766.339   2     
32799.672   2     
32833.005   2     
32866.338   2     
32899.671   2     
32933.004   2     
32966.337   2     
32999.670   2     
33033.003   2     
33066.336   2     
33099.669   2     
33133.002   2     
33166.335   2     
33199.668   2     
33233.001   2     
33266.334   2     
33299.667   2     
33333.000   2     
33366.333   2     
33399.666   2     
33432.999   2     
33466.332   2     
33499.665   2     
33532.998   2     
33566.331   2     
33599.664   2     
33632.997   2     
33666.330   2     
33699.663   2     
33732.996   2     
33766.329   2     
33799.662   2     
33832.995   2     
33866.328   2     
33899.661   2     
33932.994   2     
33966.327   2     
33999.660   2     
34032.993   2     
34066.326   2     
34099.659   2     
34132.992   2     
34166.325   2     
34199.658   2     
34232.991   2     
34266.324   2     
34299.657   2     
34332.990   2     
34366.323   2     
34399.656   2     
34432.989   2     
34466.322   2     
34499.655   2     
34532.988   2     
34566.321   2     
34599.654   2     
34632.987   2     
34666.320   2     
34699.653   2     
34732.986   2     
34766.319   2     
34799.652   2     
34832.985   2     
34866.318   2     
34899.651   2     
34932.984   2     
34966.317   2     
34999.650   2     
35032.983   2     
35066.316   2     
35099.649   2     
35132.982   2     
35166.315   2     
35199.648   2     
35232.981   2     
35266.314   2     
35299.647   2     
35332.980   2     
35366.313   2     
35399.646   2     
35432.979   2     
35466.312   2     
35499.645   2     
35532.978   2     
35566.311   2     
35599.644   2     
35632.977   2     
35666.310   2     
35699.643   2     
35732.976   2     
35766.309   2     
35799.642   2     
35832.975   2     
35866.308   2     
35899.641   2     
35932.974   2     
35966.307   2     
35999.640   2     
36032.973   2     
36066.306   2     
36099.639   2     
36132.972   2     
36166.305   2     
36199.638   2     
36232.971   2     
36266.304   2     
36299.637   2     
36332.970   2     
36366.303   2     
36399.636   2     
36432.969   2     
36466.302   2     
36499.635   2     
36532.968   2     
36566.301   2     
36599.634   2     
36632.967   2     
36666.300   2     
36699.633   2     
36732.966   2     
36766.299   2     
36799.632   2     
36832.965   2     
36866.298   2     
36899.631   2     
36932.964   2     
36966.297   2     
36999.630   2     
37032.963   2     
37066.296   2     
37099.629   2     
37132.962   2     
37166.295   2     
37199.628   2     
37232.961   2     
37266.294   2     
37299.627   2     
37332.960   2     
37366.293   2     
37399.626   2     
37432.959   2     
37466.292   2     
37499.625   2     
37532.958   2     
37566.291   2     
37599.624   2     
37632.957   2     
37666.290   2     
37699.623   2     
37732.956   2     
37766.289   2     
37799.622   2     
37832.955   2     
37866.288   2     
37899.621   2     
37932.954   2     
37966.287   2     
37999.620   2     
38032.953   2     
38066.286   2     
38099.619   2     
38132.952   2     
38166.285   2     
38199.618   2     
38232.951   2     
38266.284   2     
38299.617   2     
38332.950   2     
38366.283   2     
38399.616   2     
38432.949   2     
38466.282   2     
38499.615   2     
38532.948   2     
38566.281   2     
38599.614   2     
38632.947   2     
38666.280   2     
38699.613   2     
38732.946   2     
38766.279   2     
38799.612   2     
38832.945   2     
38866.278   2     
38899.611   2     
38932.944   2     
38966.277   2     
38999.610   2     
39032.943   2     
39066.276   2     
39099.609   2     
39132.942   2     
39166.275   2     
39199.608   2     
39232.941   2     
39266.274   2     
39299.607   2     
39332.940   2     
39366.273   2     
39399.606   2     
39432.939   2     
39466.272   2     
39499.605   2     
39532.938   2     
39566.271   2     
39599.604   2     
39632.937   2     
39666.270   2     
39699.603   2     
39732.936   2     
39766.269   2     
39799.602   2     
39832.935   2     
39866.268   2     
39899.601   2     
39932.934   2     
39966.267   2     
39999.600   2     
40032.933   2     
40066.266   2     
40099.599   2     
40132.932   2     
40166.265   2     
40199.598   2     
40232.931   2     
40266.264   2     
40299.597   2     
40332.930   2     
40366.263   2     
40399.596   3     
40432.929   3     
40466.262   3     
40499.595   3     
40532.928   3     
40566.261   3     
40599.594   3     
40632.927   3     
40666.260   3     
40699.593   3     
40732.926   3     
40766.259   3     
40799.592   3     
40832.925   3     
40866.258   3     
40899.591   3     
40932.924   3     
40966.257   3     
40999.590   3     
41032.923   3     
41066.256   3     
41099.589   3     
41132.922   3     
41166.255   3     
41199.588   3     
41232.921   3     
41266.254   3     
41299.587   3     
41332.920   3     
41366.253   3     
41399.586   3     
41432.919   3     
41466.252   3     
41499.585   3     
41532.918   3     
41566.251   3     
41599.584   3     
41632.917   3     
41666.250   3     
41699.583   3     
41732.916   3     
41766.249   3     
41799.582   3     
41832.915   3     
41866.248   3     
41899.581   3     
41932.914   3     
41966.247   3     
41999.580   3     
42032.913   3     
42066.246   3     
42099.579   3     
42132.912   3     
42166.245   3     
42199.578   3     
42232.911   3     
42266.244   3     
42299.577   3     
42332.910   3     
42366.243   3     
42399.576   3     
42432.909   3     
42466.242   3     
42499.575   3     
42532.908   3     
42566.241   3     
42599.574   3     
42632.907   3     
42666.240   3     
42699.573   3     
42732.906   3     
42766.239   3     
42799.572   3     
42832.905   3     
42866.238   3     
42899.571   3     
42932.904   3     
42966.237   3     
42999.570   3     
43032.903   3     
43066.236   3     
43099.569   3     
43132.902   3     
43166.235   3     
43199.568   3     
43232.901   3     
43266.234   3     
43299.567   3     
43332.900   3     
43366.233   3     
43399.566   3     
43432.899   3     
43466.232   3     
43499.565   3     
43532.898   3     
43566.231   3     
43599.564   3     
43632.897   3     
43666.230   3     
43699.563   3     
43732.896   3     
43766.229   3     
43799.562   3     
43832.895   3     
43866.228   3     
43899.561   3     
43932.894   3     
43966.227   3     
43999.560   3     
44032.893   3     
44066.226   3     
44099.559   3     
44132.892   3     
44166.225   3     
44199.558   3     
44232.891   3     
44266.224   3     
44299.557   3     
44332.890   3     
44366.223   3     
44399.556   3     
44432.889   3     
44466.222   3     
44499.555   3     
44532.888   3     
44566.221   3     
44599.554   3     
44632.887   4     
44666.220   4     
44699.553   4     
44732.886   4     
44766.219   4     
44799.552   4     
44832.885   4     
44866.218   4     
44899.551   4     
44932.884   4     
44966.217   4     
44999.550   4     
45032.883   4     
45066.216   4     
45099.549   4     
45132.882   4     
45166.215   4     
45199.548   4     
45232.881   4     
45266.214   4     
45299.547   4     
45332.880   4     
45366.213   4     
45399.546   4     
45432.879   4     
45466.212   4     
45499.545   4     
45532.878   4     
45566.211   4     
45599.544   4     
45632.877   4     
45666.210   4     
45699.543   4     
45732.876   4     
45766.209   4     
45799.542   4     
45832.875   4     
45866.208   4     
45899.541   4     
45932.874   4     
45966.207   4     
45999.540   4     
46032.873   4     
46066.206   4     
46099.539   4     
46132.872   4     
46166.205   4     
46199.538   4     
46232.871   4     
46266.204   4     
46299.537   4     
46332.870   4     
46366.203   4     
46399.536   4     
46432.869   4     
46466.202   4     
46499.535   4     
46532.868   4     
46566.201   4     
46599.534   4     
46632.867   4     
46666.200   4     
46699.533   4     
46732.866   4     
46766.199   4     
46799.532   4     
46832.865   4     
46866.198   4     
46899.531   4     
46932.864   4     
46966.197   4     
46999.530   4     
47032.863   4     
47066.196   4     
47099.529   4     
47132.862   4     
47166.195   4     
47199.528   4     
47232.861   4     
47266.194   4     
47299.527   4     
47332.860   4     
47366.193   4     
47399.526   4     
47432.859   4     
47466.192   4     
47499.525   4     
47532.858   4     
47566.191   4     
47599.524   4     
47632.857   4     
47666.190   4     
47699.523   4     
47732.856   4     
47766.189   4     
47799.522   4     
47832.855   4     
47866.188   4     
47899.521   4     
47932.854   4     
47966.187   4     
47999.520   4     
48032.853   4     
48066.186   4     
48099.519   4     
48132.852   4     
48166.185   4     
48199.518   4     
48232.851   4     
48266.184   4     
48299.517   4     
48332.850   4     
48366.183   4     
48399.516   4     
48432.849   4     
48466.182   4     
48499.515   4     
48532.848   4     
48566.181   4     
48599.514   4     
48632.847   4     
48666.180   4     
48699.513   7     
48732.846   7     
48766.179   7     
48799.512   7     
48832.845   7     
48866.178   7     
48899.511   7     
48932.844   7     
48966.177   7     
48999.510   7     
49032.843   7     
49066.176   7     
49099.509   7     
49132.842   7     
49166.175   7     
49199.508   7     
49232.841   7     
49266.174   7     
49299.507   7     
49332.840   7     
49366.173   7     
49399.506   7     
49432.839   7     
49466.172   7     
49499.505   7     
49532.838   7     
49566.171   7     
49599.504   7     
49632.837   7     
49666.170   7     
49699.503   7     
49732.836   7     
49766.169   7     
49799.502   7     
49832.835   7     
49866.168   7     
49899.501   7     
49932.834   7     
49966.167   7     
49999.500   7     
50032.833   7     
50066.166   7     
50099.499   7     
50132.832   7     
50166.165   7     
50199.498   7     
50232.831   7     
50266.164   7     
50299.497   7     
50332.830   7     
50366.163   7     
50399.496   7     
50432.829   7     
50466.162   7     
50499.495   7     
50532.828   7     
50566.161   7     
50599.494   7     
50632.827   7     
50666.160   7     
50699.493   7     
50732.826   7     
50766.159   7     
50799.492   7     
50832.825   7     
50866.158   7     
50899.491   7     
50932.824   7     
50966.157   7     
50999.490   7     
51032.823   7     
51066.156   7     
51099.489   7     
51132.822   7     
51166.155   7     
51199.488   7     
51232.821   7     
51266.154   7     
51299.487   8     
51332.820   8     
51366.153   8     
51399.486   8     
51432.819   8     
51466.152   8     
51499.485   8     
51532.818   8     
51566.151   8     
51599.484   8     
51632.817   8     
51666.150   8     
51699.483   8     
51732.816   8     
51766.149   8     
51799.482   8     
51832.815   8     
51866.148   8     
51899.481   8     
51932.814   8     
51966.147   8     
51999.480   8     
52032.813   8     
52066.146   8     
52099.479   8     
52132.812   8     
52166.145   8     
52199.478   8     
52232.811   8     
52266.144   8     
52299.477   8     
52332.810   8     
52366.143   8     
52399.476   8     
52432.809   8     
52466.142   8     
52499.475   8     
52532.808   8     
52566.141   8     
52599.474   8     
52632.807   8     
52666.140   8     
52699.473   8     
52732.806   8     
52766.139   8     
52799.472   8     
52832.805   8     
52866.138   8     
52899.471   8     
52932.804   8     
52966.137   8     
52999.470   8     
53032.803   8     
53066.136   8     
53099.469   8     
53132.802   8     
53166.135   8     
53199.468   8     
53232.801   8     
53266.134   8     
53299.467   8     
53332.800   8     
53366.133   8     
53399.466   8     
53432.799   8     
53466.132   8     
53499.465   8     
53532.798   8     
53566.131   8     
53599.464   8     
53632.797   8     
53666.130   8     
53699.463   8     
53732.796   8     
53766.129   8     
53799.462   8     
53832.795   8     
53866.128   8     
53899.461   8     
53932.794   8     
53966.127   8     
53999.460   8     
54032.793   8     
54066.126   8     
54099.459   8     
54132.792   8     
54166.125   8     
54199.458   8     
54232.791   8     
54266.124   8     
54299.457   8     
54332.790   8     
54366.123   8     
54399.456   8     
54432.789   8     
54466.122   8     
54499.455   8     
54532.788   8     
54566.121   8     
54599.454   8     
54632.787   8     
54666.120   8     
54699.453   8     
54732.786   8     
54766.119   8     
54799.452   8     
54832.785   8     
54866.118   8     
54899.451   8     
54932.784   8     
54966.117   8     
54999.450   8     
55032.783   8     
55066.116   8     
55099.449   8     
55132.782   8     
55166.115   8     
55199.448   8     
55232.781   8     
55266.114   8     
55299.447   8     
55332.780   8     
55366.113   8     
55399.446   8     
55432.779   8     
55466.112   8     
55499.445   8     
55532.778   8     
55566.111   8     
55599.444   8     
55632.777   8     
55666.110   8     
55699.443   8     
55732.776   8     
55766.109   8     
55799.442   3     
55832.775   3     
55866.108   3     
55899.441   3     
55932.774   3     
55966.107   3     
55999.440   3     
56032.773   3     
56066.106   3     
56099.439   3     
56132.772   3     
56166.105   3     
56199.438   3     
56232.771   3     
56266.104   3     
56299.437   3     
56332.770   3     
56366.103   3     
56399.436   3     
56432.769   3     
56466.102   3     
56499.435   3     
56532.768   3     
56566.101   3     
56599.434   3     
56632.767   3     
56666.100   3     
56699.433   3     
56732.766   3     
56766.099   3     
56799.432   3     
56832.765   3     
56866.098   3     
56899.431   3     
56932.764   3     
56966.097   3     
56999.430   3     
57032.763   3     
57066.096   3     
57099.429   3     
57132.762   3     
57166.095   3     
57199.428   3     
57232.761   3     
57266.094   3     
57299.427   3     
57332.760   3     
57366.093   3     
57399.426   3     
57432.759   3     
57466.092   3     
57499.425   3     
57532.758   3     
57566.091   3     
57599.424   3     
57632.757   3     
57666.090   3     
57699.423   3     
57732.756   3     
57766.089   5     
57799.422   5     
57832.755   5     
57866.088   5     
57899.421   5     
57932.754   5     
57966.087   5     
57999.420   5     
58032.753   5     
58066.086   5     
58099.419   5     
58132.752   5     
58166.085   5     
58199.418   5     
58232.751   5     
58266.084   5     
58299.417   5     
58332.750   5     
58366.083   5     
58399.416   5     
58432.749   5     
58466.082   5     
58499.415   5     
58532.748   5     
58566.081   5     
58599.414   5     
58632.747   5     
58666.080   5     
58699.413   5     
58732.746   5     
58766.079   5     
58799.412   5     
58832.745   5     
58866.078   5     
58899.411   5     
58932.744   5     
58966.077   5     
58999.410   5     
59032.743   5     
59066.076   5     
59099.409   5     
59132.742   5     
59166.075   5     
59199.408   5     
59232.741   5     
59266.074   5     
59299.407   5     
59332.740   5     
59366.073   5     
59399.406   5     
59432.739   5     
59466.072   5     
59499.405   5     
59532.738   5     
59566.071   5     
59599.404   5     
59632.737   5     
59666.070   5     
59699.403   5     
59732.736   5     
59766.069   5     
59799.402   5     
59832.735   5     
59866.068   5     
59899.401   5     
59932.734   5     
59966.067   5     
59999.400   5     
60032.733   5     
60066.066   5     
60099.399   5     
60132.732   5     
60166.065   5     
60199.398   7     
60232.731   7     
60266.064   7     
60299.397   7     
60332.730   7     
60366.063   7     
60399.396   7     
60432.729   7     
60466.062   7     
60499.395   7     
60532.728   7     
60566.061   7     
60599.394   7     
60632.727   7     
60666.060   7     
60699.393   7     
60732.726   7     
60766.059   7     
60799.392   7     
60832.725   7     
60866.058   7     
60899.391   7     
60932.724   7     
60966.057   7     
60999.390   7     
61032.723   7     
61066.056   7     
61099.389   7     
61132.722   7     
61166.055   7     
61199.388   7     
61232.721   7     
61266.054   7     
61299.387   7     
61332.720   7     
61366.053   7     
61399.386   7     
61432.719   7     
61466.052   7     
61499.385   7     
61532.718   7     
61566.051   7     
61599.384   7     
61632.717   7     
61666.050   7     
61699.383   7     
61732.716   7     
61766.049   7     
61799.382   7     
61832.715   7     
61866.048   7     
61899.381   7     
61932.714   7     
61966.047   7     
61999.380   7     
62032.713   7     
62066.046   7     
62099.379   7     
62132.712   7     
62166.045   7     
62199.378   7     
62232.711   7     
62266.044   7     
62299.377   7     
62332.710   7     
62366.043   7     
62399.376   7     
62432.709   7     
62466.042   7     
62499.375   7     
62532.708   7     
62566.041   7     
62599.374   7     
62632.707   7     
62666.040   7     
62699.373   7     
62732.706   7     
62766.039   7     
62799.372   7     
62832.705   7     
62866.038   7     
62899.371   7     
62932.704   7     
62966.037   7     
62999.370   7     
63032.703   7     
63066.036   7     
63099.369   7     
63132.702   7     
63166.035   7     
63199.368   7     
63232.701   8     
63266.034   8     
63299.367   8     
63332.700   8     
63366.033   8     
63399.366   8     
63432.699   8     
63466.032   8     
63499.365   8     
63532.698   8     
63566.031   8     
63599.364   8     
63632.697   8     
63666.030   8     
63699.363   8     
63732.696   8     
63766.029   8     
63799.362   8     
63832.695   8     
63866.028   8     
63899.361   8     
63932.694   8     
63966.027   8     
63999.360   8     
64032.693   8     
64066.026   8     
64099.359   8     
64132.692   8     
64166.025   8     
64199.358   8     
64232.691   8     
64266.024   8     
64299.357   8     
64332.690   8     
64366.023   8     
64399.356   8     
64432.689   8     
64466.022   8     
64499.355   8     
64532.688   8     
64566.021   8     
64599.354   8     
64632.687   8     
64666.020   8     
64699.353   8     
64732.686   8     
64766.019   8     
64799.352   8     
64832.685   8     
64866.018   8     
64899.351   8     
64932.684   8     
64966.017   8     
64999.350   8     
65032.683   8     
65066.016   8     
65099.349   8     
65132.682   8     
65166.015   8     
65199.348   8     
65232.681   8     
65266.014   8     
65299.347   8     
65332.680   8     
65366.013   8     
65399.346   8     
65432.679   8     
65466.012   8     
65499.345   8     
65532.678   8     
65566.011   8     
65599.344   8     
65632.677   8     
65666.010   8     
65699.343   8     
65732.676   8     
65766.009   8     
65799.342   8     
65832.675   8     
65866.008   8     
65899.341   8     
65932.674   8     
65966.007   8     
65999.340   8     
66032.673   8     
66066.006   8     
66099.339   8     
66132.672   8     
66166.005   8     
66199.338   8     
66232.671   8     
66266.004   8     
66299.337   3     
66332.670   3     
66366.003   3     
66399.336   3     
66432.669   3     
66466.002   3     
66499.335   3     
66532.668   3     
66566.001   3     
66599.334   3     
66632.667   3     
66666.000   3     
66699.333   3     
66732.666   3     
66765.999   3     
66799.332   3     
66832.665   3     
66865.998   3     
66899.331   3     
66932.664   3     
66965.997   3     
66999.330   3     
67032.663   3     
67065.996   3     
67099.329   3     
67132.662   3     
67165.995   3     
67199.328   3     
67232.661   3     
67265.994   3     
67299.327   3     
67332.660   3     
67365.993   3     
67399.326   3     
67432.659   3     
67465.992   3     
67499.325   3     
67532.658   6     
67565.991   6     
67599.324   6     
67632.657   6     
67665.990   6     
67699.323   6     
67732.656   6     
67765.989   6     
67799.322   6     
67832.655   6     
67865.988   6     
67899.321   6     
67932.654   6     
67965.987   6     
67999.320   6     
68032.653   6     
68065.986   6     
68099.319   6     
68132.652   6     
68165.985   6     
68199.318   6     
68232.651   6     
68265.984   6     
68299.317   6     
68332.650   6     
68365.983   6     
68399.316   6     
68432.649   6     
68465.982   6     
68499.315   6     
68532.648   6     
68565.981   6     
68599.314   6     
68632.647   6     
68665.980   6     
68699.313   6     
68732.646   6     
68765.979   6     
68799.312   6     
68832.645   6     
68865.978   6     
68899.311   6     
68932.644   6     
68965.977   6     
68999.310   6     
69032.643   6     
69065.976   6     
69099.309   6     
69132.642   6     
69165.975   6     
69199.308   7     
69232.641   7     
69265.974   7     
69299.307   7     
69332.640   7     
69365.973   7     
69399.306   7     
69432.639   7     
69465.972   7     
69499.305   7     
69532.638   7     
69565.971   7     
69599.304   7     
69632.637   7     
69665.970   7     
69699.303   7     
69732.636   7     
69765.969   7     
69799.302   7     
69832.635   7     
69865.968   7     
69899.301   7     
69932.634   7     
69965.967   7     
69999.300   7     
70032.633   7     
70065.966   7     
70099.299   7     
70132.632   7     
70165.965   7     
70199.298   7     
70232.631   7     
70265.964   7     
70299.297   7     
70332.630   7     
70365.963   7     
70399.296   7     
70432.629   7     
70465.962   7     
70499.295   7     
70532.628   7     
70565.961   7     
70599.294   7     
70632.627   7     
70665.960   7     
70699.293   7     
70732.626   7     
70765.959   7     
70799.292   7     
70832.625   7     
70865.958   7     
70899.291   7     
70932.624   7     
70965.957   7     
70999.290   7     
71032.623   7     
71065.956   7     
71099.289   7     
71132.622   7     
71165.955   7     
71199.288   7     
71232.621   7     
71265.954   7     
71299.287   7     
71332.620   7     
71365.953   7     
71399.286   7     
71432.619   7     
71465.952   7     
71499.285   7     
71532.618   7     
71565.951   7     
71599.284   7     
71632.617   7     
71665.950   7     
71699.283   7     
71732.616   7     
71765.949   7     
71799.282   7     
71832.615   7     
71865.948   7     
71899.281   7     
71932.614   7     
71965.947   7     
71999.280   7     
72032.613   7     
72065.946   7     
72099.279   7     
72132.612   7     
72165.945   7     
72199.278   7     
72232.611   7     
72265.944   7     
72299.277   7     
72332.610   7     
72365.943   7     
72399.276   8     
72432.609   8     
72465.942   8     
72499.275   8     
72532.608   8     
72565.941   8     
72599.274   8     
72632.607   8     
72665.940   8     
72699.273   8     
72732.606   8     
72765.939   8     
72799.272   8     
72832.605   8     
72865.938   8     
72899.271   8     
72932.604   8     
72965.937   8     
72999.270   8     
73032.603   8     
73065.936   8     
73099.269   8     
73132.602   8     
73165.935   8     
73199.268   8     
73232.601   8     
73265.934   8     
73299.267   8     
73332.600   8     
73365.933   8     
73399.266   8     
73432.599   8     
73465.932   8     
73499.265   8     
73532.598   8     
73565.931   8     
73599.264   8     
73632.597   8     
73665.930   8     
73699.263   8     
73732.596   8     
73765.929   8     
73799.262   8     
73832.595   8     
73865.928   8     
73899.261   8     
73932.594   8     
73965.927   8     
73999.260   8     
74032.593   8     
74065.926   9     
74099.259   9     
74132.592   9     
74165.925   9     
74199.258   9     
74232.591   9     
74265.924   9     
74299.257   9     
74332.590   9     
74365.923   9     
74399.256   9     
74432.589   9     
74465.922   9     
74499.255   9     
74532.588   9     
74565.921   9     
74599.254   9     
74632.587   9     
74665.920   9     
74699.253   9     
74732.586   9     
74765.919   9     
74799.252   9     
74832.585   9     
74865.918   9     
74899.251   9     
74932.584   9     
74965.917   9     
74999.250   9     
75032.583   9     
75065.916   9     
75099.249   9     
75132.582   9     
75165.915   9     
75199.248   9     
75232.581   9     
75265.914   9     
75299.247   9     
75332.580   9     
75365.913   9     
75399.246   9     
75432.579   9     
75465.912   9     
75499.245   9     
75532.578   9     
75565.911   9     
75599.244   9     
75632.577   9     
75665.910   9     
75699.243   9     
75732.576   9     
75765.909   9     
75799.242   9     
75832.575   9     
75865.908   9     
75899.241   9     
75932.574   9     
75965.907   9     
75999.240   9     
76032.573   9     
76065.906   9     
76099.239   9     
76132.572   9     
76165.905   9     
76199.238   9     
76232.571   9     
76265.904   9     
76299.237   9     
76332.570   9     
76365.903   9     
76399.236   9     
76432.569   9     
76465.902   9     
