Time (ms)   Label 
0.000       9     
33.333      9     
66.666      9     
99.999      9     
133.332     9     
166.665     9     
199.998     9     
233.331     9     
266.664     9     
299.997     9     
333.330     9     
366.663     9     
399.996     9     
433.329     9     
466.662     9     
499.995     9     
533.328     9     
566.661     9     
599.994     9     
633.327     9     
666.660     9     
699.993     9     
733.326     9     
766.659     9     
799.992     9     
833.325     9     
866.658     9     
899.991     9     
933.324     9     
966.657     9     
999.990     9     
1033.323    9     
1066.656    9     
1099.989    9     
1133.322    9     
1166.655    9     
1199.988    9     
1233.321    9     
1266.654    9     
1299.987    9     
1333.320    9     
1366.653    9     
1399.986    9     
1433.319    9     
1466.652    9     
1499.985    9     
1533.318    9     
1566.651    9     
1599.984    9     
1633.317    9     
1666.650    9     
1699.983    9     
1733.316    9     
1766.649    9     
1799.982    9     
1833.315    9     
1866.648    9     
1899.981    9     
1933.314    9     
1966.647    9     
1999.980    9     
2033.313    9     
2066.646    9     
2099.979    9     
2133.312    9     
2166.645    9     
2199.978    9     
2233.311    9     
2266.644    9     
2299.977    9     
2333.310    9     
2366.643    9     
2399.976    9     
2433.309    9     
2466.642    9     
2499.975    9     
2533.308    9     
2566.641    9     
2599.974    9     
2633.307    9     
2666.640    9     
2699.973    9     
2733.306    9     
2766.639    9     
2799.972    9     
2833.305    9     
2866.638    9     
2899.971    9     
2933.304    1     
2966.637    1     
2999.970    1     
3033.303    1     
3066.636    1     
3099.969    1     
3133.302    1     
3166.635    1     
3199.968    1     
3233.301    1     
3266.634    1     
3299.967    1     
3333.300    1     
3366.633    1     
3399.966    1     
3433.299    1     
3466.632    1     
3499.965    1     
3533.298    1     
3566.631    1     
3599.964    1     
3633.297    1     
3666.630    1     
3699.963    1     
3733.296    1     
3766.629    1     
3799.962    1     
3833.295    1     
3866.628    1     
3899.961    1     
3933.294    1     
3966.627    1     
3999.960    1     
4033.293    1     
4066.626    1     
4099.959    1     
4133.292    1     
4166.625    1     
4199.958    1     
4233.291    1     
4266.624    1     
4299.957    1     
4333.290    1     
4366.623    1     
4399.956    1     
4433.289    1     
4466.622    1     
4499.955    1     
4533.288    1     
4566.621    1     
4599.954    1     
4633.287    1     
4666.620    1     
4699.953    1     
4733.286    1     
4766.619    1     
4799.952    1     
4833.285    1     
4866.618    1     
4899.951    1     
4933.284    1     
4966.617    1     
4999.950    1     
5033.283    1     
5066.616    1     
5099.949    1     
5133.282    1     
5166.615    1     
5199.948    1     
5233.281    1     
5266.614    1     
5299.947    1     
5333.280    1     
5366.613    1     
5399.946    1     
5433.279    1     
5466.612    1     
5499.945    1     
5533.278    1     
5566.611    1     
5599.944    1     
5633.277    1     
5666.610    1     
5699.943    1     
5733.276    1     
5766.609    1     
5799.942    1     
5833.275    1     
5866.608    1     
5899.941    1     
5933.274    1     
5966.607    1     
5999.940    1     
6033.273    1     
6066.606    1     
6099.939    1     
6133.272    1     
6166.605    1     
6199.938    1     
6233.271    1     
6266.604    1     
6299.937    1     
6333.270    1     
6366.603    1     
6399.936    1     
6433.269    1     
6466.602    1     
6499.935    1     
6533.268    1     
6566.601    1     
6599.934    1     
6633.267    1     
6666.600    1     
6699.933    1     
6733.266    1     
6766.599    1     
6799.932    1     
6833.265    1     
6866.598    1     
6899.931    1     
6933.264    1     
6966.597    1     
6999.930    1     
7033.263    1     
7066.596    1     
7099.929    1     
7133.262    1     
7166.595    1     
7199.928    1     
7233.261    1     
7266.594    1     
7299.927    1     
7333.260    1     
7366.593    1     
7399.926    1     
7433.259    1     
7466.592    1     
7499.925    2     
7533.258    2     
7566.591    2     
7599.924    2     
7633.257    2     
7666.590    2     
7699.923    2     
7733.256    2     
7766.589    2     
7799.922    2     
7833.255    2     
7866.588    2     
7899.921    2     
7933.254    2     
7966.587    2     
7999.920    2     
8033.253    2     
8066.586    2     
8099.919    2     
8133.252    2     
8166.585    2     
8199.918    2     
8233.251    2     
8266.584    2     
8299.917    2     
8333.250    2     
8366.583    2     
8399.916    2     
8433.249    2     
8466.582    2     
8499.915    2     
8533.248    2     
8566.581    2     
8599.914    2     
8633.247    2     
8666.580    2     
8699.913    2     
8733.246    2     
8766.579    2     
8799.912    2     
8833.245    2     
8866.578    2     
8899.911    2     
8933.244    2     
8966.577    2     
8999.910    2     
9033.243    2     
9066.576    2     
9099.909    2     
9133.242    2     
9166.575    2     
9199.908    2     
9233.241    2     
9266.574    2     
9299.907    2     
9333.240    2     
9366.573    2     
9399.906    2     
9433.239    2     
9466.572    2     
9499.905    2     
9533.238    2     
9566.571    2     
9599.904    2     
9633.237    2     
9666.570    2     
9699.903    2     
9733.236    2     
9766.569    2     
9799.902    2     
9833.235    2     
9866.568    2     
9899.901    2     
9933.234    2     
9966.567    2     
9999.900    2     
10033.233   2     
10066.566   2     
10099.899   2     
10133.232   2     
10166.565   2     
10199.898   2     
10233.231   2     
10266.564   2     
10299.897   2     
10333.230   2     
10366.563   2     
10399.896   2     
10433.229   2     
10466.562   2     
10499.895   2     
10533.228   2     
10566.561   2     
10599.894   2     
10633.227   2     
10666.560   2     
10699.893   2     
10733.226   2     
10766.559   2     
10799.892   2     
10833.225   2     
10866.558   2     
10899.891   2     
10933.224   2     
10966.557   2     
10999.890   2     
11033.223   2     
11066.556   2     
11099.889   2     
11133.222   2     
11166.555   2     
11199.888   2     
11233.221   2     
11266.554   2     
11299.887   2     
11333.220   2     
11366.553   2     
11399.886   2     
11433.219   2     
11466.552   2     
11499.885   2     
11533.218   2     
11566.551   2     
11599.884   2     
11633.217   2     
11666.550   2     
11699.883   2     
11733.216   2     
11766.549   2     
11799.882   2     
11833.215   2     
11866.548   2     
11899.881   2     
11933.214   2     
11966.547   2     
11999.880   2     
12033.213   2     
12066.546   2     
12099.879   2     
12133.212   2     
12166.545   2     
12199.878   2     
12233.211   2     
12266.544   2     
12299.877   2     
12333.210   2     
12366.543   2     
12399.876   2     
12433.209   2     
12466.542   2     
12499.875   2     
12533.208   2     
12566.541   2     
12599.874   2     
12633.207   2     
12666.540   2     
12699.873   2     
12733.206   2     
12766.539   2     
12799.872   2     
12833.205   2     
12866.538   2     
12899.871   2     
12933.204   2     
12966.537   2     
12999.870   2     
13033.203   2     
13066.536   2     
13099.869   2     
13133.202   2     
13166.535   2     
13199.868   2     
13233.201   2     
13266.534   2     
13299.867   2     
13333.200   2     
13366.533   2     
13399.866   2     
13433.199   2     
13466.532   2     
13499.865   2     
13533.198   2     
13566.531   2     
13599.864   2     
13633.197   2     
13666.530   2     
13699.863   2     
13733.196   2     
13766.529   2     
13799.862   2     
13833.195   2     
13866.528   2     
13899.861   2     
13933.194   2     
13966.527   2     
13999.860   2     
14033.193   2     
14066.526   2     
14099.859   2     
14133.192   2     
14166.525   2     
14199.858   2     
14233.191   2     
14266.524   2     
14299.857   2     
14333.190   2     
14366.523   2     
14399.856   2     
14433.189   2     
14466.522   2     
14499.855   2     
14533.188   2     
14566.521   2     
14599.854   2     
14633.187   2     
14666.520   2     
14699.853   2     
14733.186   2     
14766.519   2     
14799.852   2     
14833.185   2     
14866.518   2     
14899.851   2     
14933.184   2     
14966.517   2     
14999.850   2     
15033.183   2     
15066.516   2     
15099.849   2     
15133.182   3     
15166.515   3     
15199.848   3     
15233.181   3     
15266.514   3     
15299.847   3     
15333.180   3     
15366.513   3     
15399.846   3     
15433.179   3     
15466.512   3     
15499.845   3     
15533.178   3     
15566.511   3     
15599.844   3     
15633.177   3     
15666.510   3     
15699.843   3     
15733.176   3     
15766.509   3     
15799.842   3     
15833.175   3     
15866.508   3     
15899.841   3     
15933.174   3     
15966.507   3     
15999.840   3     
16033.173   3     
16066.506   3     
16099.839   3     
16133.172   3     
16166.505   3     
16199.838   3     
16233.171   3     
16266.504   3     
16299.837   3     
16333.170   3     
16366.503   3     
16399.836   3     
16433.169   3     
16466.502   3     
16499.835   3     
16533.168   3     
16566.501   3     
16599.834   3     
16633.167   3     
16666.500   3     
16699.833   3     
16733.166   4     
16766.499   4     
16799.832   4     
16833.165   4     
16866.498   4     
16899.831   4     
16933.164   4     
16966.497   4     
16999.830   4     
17033.163   4     
17066.496   4     
17099.829   4     
17133.162   4     
17166.495   4     
17199.828   4     
17233.161   4     
17266.494   4     
17299.827   4     
17333.160   4     
17366.493   4     
17399.826   4     
17433.159   4     
17466.492   4     
17499.825   4     
17533.158   4     
17566.491   4     
17599.824   4     
17633.157   4     
17666.490   4     
17699.823   4     
17733.156   4     
17766.489   4     
17799.822   4     
17833.155   4     
17866.488   4     
17899.821   4     
17933.154   4     
17966.487   4     
17999.820   4     
18033.153   4     
18066.486   4     
18099.819   4     
18133.152   4     
18166.485   4     
18199.818   4     
18233.151   4     
18266.484   4     
18299.817   4     
18333.150   4     
18366.483   4     
18399.816   4     
18433.149   4     
18466.482   4     
18499.815   4     
18533.148   4     
18566.481   4     
18599.814   4     
18633.147   4     
18666.480   4     
18699.813   4     
18733.146   4     
18766.479   4     
18799.812   4     
18833.145   4     
18866.478   4     
18899.811   4     
18933.144   4     
18966.477   4     
18999.810   4     
19033.143   4     
19066.476   4     
19099.809   4     
19133.142   4     
19166.475   4     
19199.808   4     
19233.141   4     
19266.474   4     
19299.807   4     
19333.140   4     
19366.473   4     
19399.806   4     
19433.139   4     
19466.472   4     
19499.805   4     
19533.138   4     
19566.471   4     
19599.804   4     
19633.137   4     
19666.470   4     
19699.803   4     
19733.136   4     
19766.469   4     
19799.802   4     
19833.135   4     
19866.468   4     
19899.801   4     
19933.134   4     
19966.467   4     
19999.800   4     
20033.133   4     
20066.466   4     
20099.799   4     
20133.132   4     
20166.465   4     
20199.798   4     
20233.131   4     
20266.464   4     
20299.797   4     
20333.130   4     
20366.463   4     
20399.796   4     
20433.129   4     
20466.462   4     
20499.795   4     
20533.128   7     
20566.461   7     
20599.794   7     
20633.127   7     
20666.460   7     
20699.793   7     
20733.126   7     
20766.459   7     
20799.792   7     
20833.125   7     
20866.458   7     
20899.791   7     
20933.124   7     
20966.457   7     
20999.790   7     
21033.123   7     
21066.456   7     
21099.789   7     
21133.122   7     
21166.455   7     
21199.788   7     
21233.121   7     
21266.454   7     
21299.787   7     
21333.120   7     
21366.453   7     
21399.786   7     
21433.119   7     
21466.452   7     
21499.785   7     
21533.118   7     
21566.451   7     
21599.784   7     
21633.117   7     
21666.450   7     
21699.783   7     
21733.116   7     
21766.449   7     
21799.782   7     
21833.115   7     
21866.448   7     
21899.781   7     
21933.114   7     
21966.447   7     
21999.780   7     
22033.113   7     
22066.446   7     
22099.779   7     
22133.112   7     
22166.445   7     
22199.778   7     
22233.111   7     
22266.444   7     
22299.777   7     
22333.110   7     
22366.443   7     
22399.776   7     
22433.109   7     
22466.442   7     
22499.775   7     
22533.108   7     
22566.441   7     
22599.774   7     
22633.107   7     
22666.440   7     
22699.773   7     
22733.106   7     
22766.439   7     
22799.772   7     
22833.105   7     
22866.438   7     
22899.771   7     
22933.104   7     
22966.437   8     
22999.770   8     
23033.103   8     
23066.436   8     
23099.769   8     
23133.102   8     
23166.435   8     
23199.768   8     
23233.101   8     
23266.434   8     
23299.767   8     
23333.100   8     
23366.433   8     
23399.766   8     
23433.099   8     
23466.432   8     
23499.765   8     
23533.098   8     
23566.431   8     
23599.764   8     
23633.097   8     
23666.430   8     
23699.763   8     
23733.096   8     
23766.429   8     
23799.762   8     
23833.095   8     
23866.428   8     
23899.761   8     
23933.094   8     
23966.427   8     
23999.760   8     
24033.093   8     
24066.426   8     
24099.759   8     
24133.092   8     
24166.425   8     
24199.758   8     
24233.091   8     
24266.424   8     
24299.757   8     
24333.090   8     
24366.423   8     
24399.756   8     
24433.089   8     
24466.422   8     
24499.755   8     
24533.088   8     
24566.421   8     
24599.754   8     
24633.087   8     
24666.420   8     
24699.753   8     
24733.086   8     
24766.419   8     
24799.752   8     
24833.085   8     
24866.418   8     
24899.751   8     
24933.084   8     
24966.417   8     
24999.750   8     
25033.083   8     
25066.416   8     
25099.749   8     
25133.082   8     
25166.415   8     
25199.748   8     
25233.081   8     
25266.414   8     
25299.747   8     
25333.080   8     
25366.413   3     
25399.746   3     
25433.079   3     
25466.412   3     
25499.745   3     
25533.078   3     
25566.411   3     
25599.744   3     
25633.077   3     
25666.410   3     
25699.743   3     
25733.076   3     
25766.409   3     
25799.742   3     
25833.075   3     
25866.408   3     
25899.741   3     
25933.074   3     
25966.407   3     
25999.740   3     
26033.073   3     
26066.406   3     
26099.739   3     
26133.072   3     
26166.405   3     
26199.738   3     
26233.071   3     
26266.404   3     
26299.737   3     
26333.070   3     
26366.403   3     
26399.736   3     
26433.069   3     
26466.402   3     
26499.735   3     
26533.068   3     
26566.401   3     
26599.734   3     
26633.067   3     
26666.400   3     
26699.733   3     
26733.066   3     
26766.399   3     
26799.732   3     
26833.065   3     
26866.398   3     
26899.731   3     
26933.064   3     
26966.397   3     
26999.730   3     
27033.063   3     
27066.396   3     
27099.729   3     
27133.062   3     
27166.395   3     
27199.728   3     
27233.061   3     
27266.394   3     
27299.727   3     
27333.060   3     
27366.393   3     
27399.726   3     
27433.059   5     
27466.392   5     
27499.725   5     
27533.058   5     
27566.391   5     
27599.724   5     
27633.057   5     
27666.390   5     
27699.723   5     
27733.056   5     
27766.389   5     
27799.722   5     
27833.055   5     
27866.388   5     
27899.721   5     
27933.054   5     
27966.387   5     
27999.720   5     
28033.053   5     
28066.386   5     
28099.719   5     
28133.052   5     
28166.385   5     
28199.718   5     
28233.051   5     
28266.384   5     
28299.717   5     
28333.050   5     
28366.383   5     
28399.716   5     
28433.049   5     
28466.382   5     
28499.715   5     
28533.048   5     
28566.381   5     
28599.714   5     
28633.047   5     
28666.380   5     
28699.713   5     
28733.046   5     
28766.379   5     
28799.712   5     
28833.045   5     
28866.378   5     
28899.711   5     
28933.044   5     
28966.377   5     
28999.710   5     
29033.043   5     
29066.376   5     
29099.709   5     
29133.042   5     
29166.375   5     
29199.708   5     
29233.041   5     
29266.374   5     
29299.707   5     
29333.040   5     
29366.373   5     
29399.706   5     
29433.039   5     
29466.372   5     
29499.705   5     
29533.038   7     
29566.371   7     
29599.704   7     
29633.037   7     
29666.370   7     
29699.703   7     
29733.036   7     
29766.369   7     
29799.702   7     
29833.035   7     
29866.368   7     
29899.701   7     
29933.034   7     
29966.367   7     
29999.700   7     
30033.033   7     
30066.366   7     
30099.699   7     
30133.032   7     
30166.365   7     
30199.698   7     
30233.031   7     
30266.364   7     
30299.697   7     
30333.030   7     
30366.363   7     
30399.696   7     
30433.029   7     
30466.362   7     
30499.695   7     
30533.028   7     
30566.361   7     
30599.694   7     
30633.027   7     
30666.360   7     
30699.693   7     
30733.026   7     
30766.359   7     
30799.692   7     
30833.025   7     
30866.358   7     
30899.691   7     
30933.024   7     
30966.357   7     
30999.690   7     
31033.023   7     
31066.356   7     
31099.689   7     
31133.022   7     
31166.355   7     
31199.688   7     
31233.021   7     
31266.354   7     
31299.687   7     
31333.020   7     
31366.353   7     
31399.686   7     
31433.019   8     
31466.352   8     
31499.685   8     
31533.018   8     
31566.351   8     
31599.684   8     
31633.017   8     
31666.350   8     
31699.683   8     
31733.016   8     
31766.349   8     
31799.682   8     
31833.015   8     
31866.348   8     
31899.681   8     
31933.014   8     
31966.347   8     
31999.680   8     
32033.013   8     
32066.346   8     
32099.679   8     
32133.012   8     
32166.345   8     
32199.678   8     
32233.011   8     
32266.344   8     
32299.677   8     
32333.010   8     
32366.343   8     
32399.676   8     
32433.009   8     
32466.342   8     
32499.675   8     
32533.008   8     
32566.341   8     
32599.674   8     
32633.007   8     
32666.340   8     
32699.673   8     
32733.006   8     
32766.339   8     
32799.672   8     
32833.005   8     
32866.338   8     
32899.671   8     
32933.004   8     
32966.337   8     
32999.670   8     
33033.003   8     
33066.336   8     
33099.669   8     
33133.002   8     
33166.335   8     
33199.668   8     
33233.001   8     
33266.334   8     
33299.667   8     
33333.000   8     
33366.333   8     
33399.666   8     
33432.999   8     
33466.332   8     
33499.665   8     
33532.998   8     
33566.331   8     
33599.664   3     
33632.997   3     
33666.330   3     
33699.663   3     
33732.996   3     
33766.329   3     
33799.662   3     
33832.995   3     
33866.328   3     
33899.661   3     
33932.994   3     
33966.327   3     
33999.660   3     
34032.993   3     
34066.326   3     
34099.659   3     
34132.992   3     
34166.325   3     
34199.658   3     
34232.991   3     
34266.324   3     
34299.657   3     
34332.990   3     
34366.323   3     
34399.656   3     
34432.989   3     
34466.322   3     
34499.655   3     
34532.988   3     
34566.321   3     
34599.654   3     
34632.987   3     
34666.320   3     
34699.653   3     
34732.986   3     
34766.319   3     
34799.652   3     
34832.985   3     
34866.318   3     
34899.651   3     
34932.984   3     
34966.317   3     
34999.650   3     
35032.983   3     
35066.316   3     
35099.649   3     
35132.982   3     
35166.315   3     
35199.648   3     
35232.981   3     
35266.314   3     
35299.647   3     
35332.980   6     
35366.313   6     
35399.646   6     
35432.979   6     
35466.312   6     
35499.645   6     
35532.978   6     
35566.311   6     
35599.644   6     
35632.977   6     
35666.310   6     
35699.643   6     
35732.976   6     
35766.309   6     
35799.642   6     
35832.975   6     
35866.308   6     
35899.641   6     
35932.974   6     
35966.307   6     
35999.640   6     
36032.973   6     
36066.306   6     
36099.639   6     
36132.972   6     
36166.305   6     
36199.638   6     
36232.971   6     
36266.304   6     
36299.637   6     
36332.970   6     
36366.303   6     
36399.636   6     
36432.969   6     
36466.302   7     
36499.635   7     
36532.968   7     
36566.301   7     
36599.634   7     
36632.967   7     
36666.300   7     
36699.633   7     
36732.966   7     
36766.299   7     
36799.632   7     
36832.965   7     
36866.298   7     
36899.631   7     
36932.964   7     
36966.297   7     
36999.630   7     
37032.963   7     
37066.296   7     
37099.629   7     
37132.962   7     
37166.295   7     
37199.628   7     
37232.961   7     
37266.294   7     
37299.627   7     
37332.960   7     
37366.293   7     
37399.626   7     
37432.959   7     
37466.292   7     
37499.625   7     
37532.958   7     
37566.291   7     
37599.624   7     
37632.957   7     
37666.290   7     
37699.623   7     
37732.956   7     
37766.289   7     
37799.622   7     
37832.955   7     
37866.288   7     
37899.621   7     
37932.954   7     
37966.287   7     
37999.620   7     
38032.953   7     
38066.286   7     
38099.619   7     
38132.952   7     
38166.285   7     
38199.618   7     
38232.951   7     
38266.284   7     
38299.617   8     
38332.950   8     
38366.283   8     
38399.616   8     
38432.949   8     
38466.282   8     
38499.615   8     
38532.948   8     
38566.281   8     
38599.614   8     
38632.947   8     
38666.280   8     
38699.613   8     
38732.946   8     
38766.279   8     
38799.612   8     
38832.945   8     
38866.278   8     
38899.611   8     
38932.944   8     
38966.277   8     
38999.610   8     
39032.943   8     
39066.276   8     
39099.609   8     
39132.942   8     
39166.275   8     
39199.608   8     
39232.941   8     
39266.274   8     
39299.607   8     
39332.940   8     
39366.273   8     
39399.606   8     
39432.939   8     
39466.272   8     
39499.605   8     
39532.938   8     
39566.271   8     
39599.604   8     
39632.937   8     
39666.270   8     
39699.603   8     
39732.936   8     
39766.269   8     
39799.602   9     
39832.935   9     
39866.268   9     
39899.601   9     
39932.934   9     
39966.267   9     
39999.600   9     
40032.933   9     
40066.266   9     
40099.599   9     
40132.932   9     
40166.265   9     
40199.598   9     
40232.931   9     
40266.264   9     
40299.597   9     
40332.930   9     
40366.263   9     
40399.596   9     
40432.929   9     
40466.262   9     
40499.595   9     
40532.928   9     
40566.261   9     
40599.594   9     
40632.927   9     
40666.260   9     
40699.593   9     
40732.926   9     
40766.259   9     
40799.592   9     
40832.925   9     
40866.258   9     
40899.591   9     
40932.924   9     
40966.257   9     
40999.590   9     
41032.923   9     
41066.256   9     
41099.589   9     
41132.922   9     
41166.255   9     
41199.588   9     
41232.921   9     
41266.254   9     
41299.587   9     
41332.920   9     
41366.253   9     
41399.586   9     
41432.919   9     
41466.252   9     
41499.585   9     
41532.918   9     
41566.251   9     
41599.584   9     
41632.917   9     
41666.250   9     
41699.583   9     
41732.916   9     
41766.249   9     
41799.582   9     
41832.915   9     
41866.248   9     
41899.581   9     
41932.914   9     
41966.247   9     
41999.580   9     
42032.913   9     
42066.246   9     
42099.579   9     
42132.912   9     
42166.245   9     
42199.578   9     
