Time (ms)   Label 
0.000       9     
33.333      9     
66.666      9     
99.999      9     
133.332     9     
166.665     9     
199.998     9     
233.331     9     
266.664     9     
299.997     9     
333.330     9     
366.663     9     
399.996     9     
433.329     9     
466.662     9     
499.995     9     
533.328     9     
566.661     9     
599.994     9     
633.327     9     
666.660     9     
699.993     1     
733.326     1     
766.659     1     
799.992     1     
833.325     1     
866.658     1     
899.991     1     
933.324     1     
966.657     1     
999.990     1     
1033.323    1     
1066.656    1     
1099.989    1     
1133.322    1     
1166.655    1     
1199.988    1     
1233.321    1     
1266.654    1     
1299.987    1     
1333.320    1     
1366.653    1     
1399.986    1     
1433.319    1     
1466.652    1     
1499.985    1     
1533.318    1     
1566.651    1     
1599.984    1     
1633.317    1     
1666.650    1     
1699.983    1     
1733.316    1     
1766.649    1     
1799.982    1     
1833.315    1     
1866.648    1     
1899.981    1     
1933.314    1     
1966.647    1     
1999.980    1     
2033.313    1     
2066.646    1     
2099.979    1     
2133.312    1     
2166.645    1     
2199.978    1     
2233.311    1     
2266.644    1     
2299.977    1     
2333.310    1     
2366.643    1     
2399.976    1     
2433.309    1     
2466.642    1     
2499.975    1     
2533.308    1     
2566.641    1     
2599.974    1     
2633.307    1     
2666.640    1     
2699.973    1     
2733.306    1     
2766.639    1     
2799.972    1     
2833.305    1     
2866.638    1     
2899.971    1     
2933.304    1     
2966.637    1     
2999.970    1     
3033.303    1     
3066.636    1     
3099.969    1     
3133.302    1     
3166.635    1     
3199.968    1     
3233.301    1     
3266.634    1     
3299.967    1     
3333.300    1     
3366.633    1     
3399.966    1     
3433.299    1     
3466.632    1     
3499.965    1     
3533.298    1     
3566.631    1     
3599.964    1     
3633.297    1     
3666.630    1     
3699.963    1     
3733.296    1     
3766.629    1     
3799.962    1     
3833.295    1     
3866.628    1     
3899.961    1     
3933.294    1     
3966.627    1     
3999.960    1     
4033.293    1     
4066.626    1     
4099.959    1     
4133.292    1     
4166.625    1     
4199.958    1     
4233.291    1     
4266.624    1     
4299.957    1     
4333.290    1     
4366.623    1     
4399.956    1     
4433.289    1     
4466.622    1     
4499.955    1     
4533.288    1     
4566.621    1     
4599.954    1     
4633.287    1     
4666.620    1     
4699.953    1     
4733.286    1     
4766.619    1     
4799.952    1     
4833.285    1     
4866.618    1     
4899.951    1     
4933.284    1     
4966.617    1     
4999.950    1     
5033.283    1     
5066.616    1     
5099.949    1     
5133.282    1     
5166.615    1     
5199.948    1     
5233.281    1     
5266.614    1     
5299.947    1     
5333.280    1     
5366.613    1     
5399.946    1     
5433.279    1     
5466.612    1     
5499.945    1     
5533.278    1     
5566.611    1     
5599.944    1     
5633.277    1     
5666.610    1     
5699.943    1     
5733.276    1     
5766.609    1     
5799.942    1     
5833.275    1     
5866.608    1     
5899.941    1     
5933.274    1     
5966.607    1     
5999.940    1     
6033.273    1     
6066.606    1     
6099.939    1     
6133.272    1     
6166.605    1     
6199.938    1     
6233.271    1     
6266.604    1     
6299.937    1     
6333.270    1     
6366.603    1     
6399.936    1     
6433.269    1     
6466.602    1     
6499.935    1     
6533.268    1     
6566.601    1     
6599.934    1     
6633.267    1     
6666.600    1     
6699.933    1     
6733.266    1     
6766.599    1     
6799.932    1     
6833.265    1     
6866.598    1     
6899.931    1     
6933.264    1     
6966.597    1     
6999.930    1     
7033.263    1     
7066.596    1     
7099.929    1     
7133.262    1     
7166.595    1     
7199.928    1     
7233.261    1     
7266.594    1     
7299.927    1     
7333.260    1     
7366.593    1     
7399.926    1     
7433.259    1     
7466.592    1     
7499.925    1     
7533.258    1     
7566.591    1     
7599.924    1     
7633.257    1     
7666.590    1     
7699.923    1     
7733.256    1     
7766.589    1     
7799.922    1     
7833.255    1     
7866.588    1     
7899.921    1     
7933.254    1     
7966.587    1     
7999.920    1     
8033.253    1     
8066.586    1     
8099.919    1     
8133.252    1     
8166.585    1     
8199.918    1     
8233.251    1     
8266.584    1     
8299.917    1     
8333.250    1     
8366.583    1     
8399.916    1     
8433.249    1     
8466.582    1     
8499.915    1     
8533.248    1     
8566.581    1     
8599.914    1     
8633.247    1     
8666.580    1     
8699.913    1     
8733.246    1     
8766.579    2     
8799.912    2     
8833.245    2     
8866.578    2     
8899.911    2     
8933.244    2     
8966.577    2     
8999.910    2     
9033.243    2     
9066.576    2     
9099.909    2     
9133.242    2     
9166.575    2     
9199.908    2     
9233.241    2     
9266.574    2     
9299.907    2     
9333.240    2     
9366.573    2     
9399.906    2     
9433.239    2     
9466.572    2     
9499.905    2     
9533.238    2     
9566.571    2     
9599.904    2     
9633.237    2     
9666.570    2     
9699.903    2     
9733.236    2     
9766.569    2     
9799.902    2     
9833.235    2     
9866.568    2     
9899.901    2     
9933.234    2     
9966.567    2     
9999.900    2     
10033.233   2     
10066.566   2     
10099.899   2     
10133.232   2     
10166.565   2     
10199.898   2     
10233.231   2     
10266.564   2     
10299.897   2     
10333.230   2     
10366.563   2     
10399.896   2     
10433.229   2     
10466.562   2     
10499.895   2     
10533.228   2     
10566.561   2     
10599.894   2     
10633.227   2     
10666.560   2     
10699.893   2     
10733.226   2     
10766.559   2     
10799.892   2     
10833.225   2     
10866.558   2     
10899.891   2     
10933.224   2     
10966.557   2     
10999.890   2     
11033.223   2     
11066.556   2     
11099.889   2     
11133.222   2     
11166.555   2     
11199.888   2     
11233.221   2     
11266.554   2     
11299.887   2     
11333.220   2     
11366.553   2     
11399.886   2     
11433.219   2     
11466.552   2     
11499.885   2     
11533.218   2     
11566.551   2     
11599.884   2     
11633.217   2     
11666.550   2     
11699.883   2     
11733.216   2     
11766.549   2     
11799.882   2     
11833.215   2     
11866.548   2     
11899.881   2     
11933.214   2     
11966.547   2     
11999.880   2     
12033.213   2     
12066.546   2     
12099.879   2     
12133.212   2     
12166.545   2     
12199.878   2     
12233.211   2     
12266.544   2     
12299.877   2     
12333.210   2     
12366.543   2     
12399.876   2     
12433.209   2     
12466.542   2     
12499.875   2     
12533.208   2     
12566.541   2     
12599.874   2     
12633.207   2     
12666.540   2     
12699.873   2     
12733.206   2     
12766.539   2     
12799.872   2     
12833.205   2     
12866.538   2     
12899.871   2     
12933.204   2     
12966.537   2     
12999.870   2     
13033.203   2     
13066.536   2     
13099.869   2     
13133.202   2     
13166.535   2     
13199.868   2     
13233.201   2     
13266.534   2     
13299.867   2     
13333.200   2     
13366.533   2     
13399.866   2     
13433.199   2     
13466.532   2     
13499.865   2     
13533.198   2     
13566.531   2     
13599.864   2     
13633.197   2     
13666.530   2     
13699.863   2     
13733.196   2     
13766.529   2     
13799.862   2     
13833.195   2     
13866.528   2     
13899.861   2     
13933.194   2     
13966.527   2     
13999.860   2     
14033.193   2     
14066.526   2     
14099.859   2     
14133.192   2     
14166.525   2     
14199.858   2     
14233.191   2     
14266.524   2     
14299.857   2     
14333.190   2     
14366.523   2     
14399.856   2     
14433.189   2     
14466.522   2     
14499.855   2     
14533.188   2     
14566.521   2     
14599.854   2     
14633.187   2     
14666.520   2     
14699.853   2     
14733.186   2     
14766.519   2     
14799.852   2     
14833.185   2     
14866.518   2     
14899.851   2     
14933.184   2     
14966.517   2     
14999.850   2     
15033.183   2     
15066.516   2     
15099.849   2     
15133.182   2     
15166.515   2     
15199.848   2     
15233.181   2     
15266.514   2     
15299.847   2     
15333.180   2     
15366.513   2     
15399.846   2     
15433.179   2     
15466.512   2     
15499.845   2     
15533.178   2     
15566.511   2     
15599.844   2     
15633.177   2     
15666.510   2     
15699.843   2     
15733.176   2     
15766.509   2     
15799.842   2     
15833.175   2     
15866.508   2     
15899.841   2     
15933.174   2     
15966.507   2     
15999.840   2     
16033.173   2     
16066.506   2     
16099.839   2     
16133.172   2     
16166.505   2     
16199.838   2     
16233.171   2     
16266.504   2     
16299.837   2     
16333.170   2     
16366.503   2     
16399.836   2     
16433.169   2     
16466.502   2     
16499.835   2     
16533.168   2     
16566.501   2     
16599.834   2     
16633.167   2     
16666.500   2     
16699.833   2     
16733.166   2     
16766.499   2     
16799.832   2     
16833.165   2     
16866.498   2     
16899.831   2     
16933.164   2     
16966.497   2     
16999.830   2     
17033.163   2     
17066.496   2     
17099.829   2     
17133.162   2     
17166.495   2     
17199.828   2     
17233.161   2     
17266.494   2     
17299.827   2     
17333.160   2     
17366.493   2     
17399.826   2     
17433.159   2     
17466.492   2     
17499.825   2     
17533.158   2     
17566.491   2     
17599.824   2     
17633.157   2     
17666.490   2     
17699.823   2     
17733.156   2     
17766.489   2     
17799.822   2     
17833.155   2     
17866.488   2     
17899.821   2     
17933.154   2     
17966.487   2     
17999.820   2     
18033.153   2     
18066.486   2     
18099.819   2     
18133.152   2     
18166.485   2     
18199.818   2     
18233.151   2     
18266.484   2     
18299.817   2     
18333.150   2     
18366.483   2     
18399.816   2     
18433.149   2     
18466.482   2     
18499.815   2     
18533.148   2     
18566.481   2     
18599.814   2     
18633.147   2     
18666.480   2     
18699.813   2     
18733.146   2     
18766.479   2     
18799.812   2     
18833.145   2     
18866.478   2     
18899.811   2     
18933.144   2     
18966.477   2     
18999.810   2     
19033.143   2     
19066.476   2     
19099.809   2     
19133.142   2     
19166.475   2     
19199.808   2     
19233.141   2     
19266.474   2     
19299.807   2     
19333.140   2     
19366.473   2     
19399.806   2     
19433.139   2     
19466.472   2     
19499.805   2     
19533.138   2     
19566.471   2     
19599.804   2     
19633.137   2     
19666.470   2     
19699.803   2     
19733.136   2     
19766.469   2     
19799.802   2     
19833.135   2     
19866.468   2     
19899.801   2     
19933.134   2     
19966.467   2     
19999.800   2     
20033.133   2     
20066.466   2     
20099.799   2     
20133.132   2     
20166.465   2     
20199.798   2     
20233.131   2     
20266.464   2     
20299.797   2     
20333.130   2     
20366.463   2     
20399.796   2     
20433.129   2     
20466.462   2     
20499.795   2     
20533.128   2     
20566.461   2     
20599.794   2     
20633.127   2     
20666.460   2     
20699.793   2     
20733.126   2     
20766.459   2     
20799.792   2     
20833.125   2     
20866.458   2     
20899.791   2     
20933.124   2     
20966.457   2     
20999.790   2     
21033.123   2     
21066.456   2     
21099.789   2     
21133.122   2     
21166.455   2     
21199.788   2     
21233.121   2     
21266.454   2     
21299.787   2     
21333.120   2     
21366.453   2     
21399.786   2     
21433.119   2     
21466.452   2     
21499.785   2     
21533.118   2     
21566.451   2     
21599.784   2     
21633.117   2     
21666.450   2     
21699.783   2     
21733.116   2     
21766.449   2     
21799.782   2     
21833.115   2     
21866.448   2     
21899.781   2     
21933.114   2     
21966.447   2     
21999.780   2     
22033.113   2     
22066.446   2     
22099.779   2     
22133.112   2     
22166.445   2     
22199.778   2     
22233.111   2     
22266.444   2     
22299.777   2     
22333.110   2     
22366.443   3     
22399.776   3     
22433.109   3     
22466.442   3     
22499.775   3     
22533.108   3     
22566.441   3     
22599.774   3     
22633.107   3     
22666.440   3     
22699.773   3     
22733.106   3     
22766.439   3     
22799.772   3     
22833.105   3     
22866.438   3     
22899.771   3     
22933.104   3     
22966.437   3     
22999.770   3     
23033.103   3     
23066.436   3     
23099.769   3     
23133.102   3     
23166.435   3     
23199.768   3     
23233.101   3     
23266.434   3     
23299.767   3     
23333.100   3     
23366.433   3     
23399.766   3     
23433.099   3     
23466.432   3     
23499.765   3     
23533.098   3     
23566.431   3     
23599.764   3     
23633.097   3     
23666.430   3     
23699.763   3     
23733.096   3     
23766.429   3     
23799.762   3     
23833.095   3     
23866.428   3     
23899.761   3     
23933.094   3     
23966.427   3     
23999.760   3     
24033.093   3     
24066.426   3     
24099.759   3     
24133.092   3     
24166.425   3     
24199.758   3     
24233.091   3     
24266.424   3     
24299.757   3     
24333.090   3     
24366.423   3     
24399.756   3     
24433.089   3     
24466.422   3     
24499.755   3     
24533.088   3     
24566.421   3     
24599.754   3     
24633.087   3     
24666.420   3     
24699.753   3     
24733.086   3     
24766.419   3     
24799.752   3     
24833.085   3     
24866.418   3     
24899.751   3     
24933.084   3     
24966.417   3     
24999.750   3     
25033.083   3     
25066.416   3     
25099.749   3     
25133.082   3     
25166.415   3     
25199.748   3     
25233.081   3     
25266.414   3     
25299.747   3     
25333.080   3     
25366.413   3     
25399.746   3     
25433.079   3     
25466.412   3     
25499.745   3     
25533.078   3     
25566.411   3     
25599.744   3     
25633.077   3     
25666.410   3     
25699.743   3     
25733.076   3     
25766.409   3     
25799.742   3     
25833.075   3     
25866.408   3     
25899.741   3     
25933.074   3     
25966.407   3     
25999.740   3     
26033.073   3     
26066.406   3     
26099.739   3     
26133.072   3     
26166.405   3     
26199.738   3     
26233.071   3     
26266.404   3     
26299.737   3     
26333.070   3     
26366.403   3     
26399.736   3     
26433.069   3     
26466.402   3     
26499.735   3     
26533.068   3     
26566.401   3     
26599.734   3     
26633.067   4     
26666.400   4     
26699.733   4     
26733.066   4     
26766.399   4     
26799.732   4     
26833.065   4     
26866.398   4     
26899.731   4     
26933.064   4     
26966.397   4     
26999.730   4     
27033.063   4     
27066.396   4     
27099.729   4     
27133.062   4     
27166.395   4     
27199.728   4     
27233.061   4     
27266.394   4     
27299.727   4     
27333.060   4     
27366.393   4     
27399.726   4     
27433.059   4     
27466.392   4     
27499.725   4     
27533.058   4     
27566.391   4     
27599.724   4     
27633.057   4     
27666.390   4     
27699.723   4     
27733.056   4     
27766.389   4     
27799.722   4     
27833.055   4     
27866.388   4     
27899.721   4     
27933.054   4     
27966.387   4     
27999.720   4     
28033.053   4     
28066.386   4     
28099.719   4     
28133.052   4     
28166.385   4     
28199.718   4     
28233.051   4     
28266.384   4     
28299.717   4     
28333.050   4     
28366.383   4     
28399.716   4     
28433.049   4     
28466.382   4     
28499.715   4     
28533.048   4     
28566.381   4     
28599.714   4     
28633.047   4     
28666.380   4     
28699.713   4     
28733.046   4     
28766.379   4     
28799.712   4     
28833.045   4     
28866.378   4     
28899.711   4     
28933.044   4     
28966.377   4     
28999.710   4     
29033.043   4     
29066.376   4     
29099.709   4     
29133.042   4     
29166.375   4     
29199.708   4     
29233.041   4     
29266.374   4     
29299.707   4     
29333.040   4     
29366.373   4     
29399.706   4     
29433.039   4     
29466.372   4     
29499.705   4     
29533.038   4     
29566.371   4     
29599.704   4     
29633.037   4     
29666.370   4     
29699.703   4     
29733.036   4     
29766.369   4     
29799.702   4     
29833.035   4     
29866.368   4     
29899.701   4     
29933.034   4     
29966.367   4     
29999.700   4     
30033.033   4     
30066.366   4     
30099.699   4     
30133.032   4     
30166.365   4     
30199.698   4     
30233.031   4     
30266.364   4     
30299.697   4     
30333.030   4     
30366.363   4     
30399.696   4     
30433.029   4     
30466.362   4     
30499.695   4     
30533.028   4     
30566.361   4     
30599.694   4     
30633.027   4     
30666.360   4     
30699.693   4     
30733.026   4     
30766.359   4     
30799.692   4     
30833.025   4     
30866.358   4     
30899.691   4     
30933.024   4     
30966.357   4     
30999.690   4     
31033.023   4     
31066.356   4     
31099.689   4     
31133.022   4     
31166.355   4     
31199.688   4     
31233.021   4     
31266.354   4     
31299.687   4     
31333.020   4     
31366.353   4     
31399.686   4     
31433.019   4     
31466.352   4     
31499.685   4     
31533.018   4     
31566.351   4     
31599.684   7     
31633.017   7     
31666.350   7     
31699.683   7     
31733.016   7     
31766.349   7     
31799.682   7     
31833.015   7     
31866.348   7     
31899.681   7     
31933.014   7     
31966.347   7     
31999.680   7     
32033.013   7     
32066.346   7     
32099.679   7     
32133.012   7     
32166.345   7     
32199.678   7     
32233.011   7     
32266.344   7     
32299.677   7     
32333.010   7     
32366.343   7     
32399.676   7     
32433.009   7     
32466.342   7     
32499.675   7     
32533.008   7     
32566.341   7     
32599.674   7     
32633.007   7     
32666.340   7     
32699.673   7     
32733.006   7     
32766.339   7     
32799.672   7     
32833.005   7     
32866.338   7     
32899.671   7     
32933.004   7     
32966.337   7     
32999.670   7     
33033.003   7     
33066.336   7     
33099.669   7     
33133.002   7     
33166.335   7     
33199.668   7     
33233.001   7     
33266.334   7     
33299.667   7     
33333.000   7     
33366.333   7     
33399.666   7     
33432.999   7     
33466.332   7     
33499.665   7     
33532.998   7     
33566.331   7     
33599.664   7     
33632.997   7     
33666.330   7     
33699.663   7     
33732.996   7     
33766.329   7     
33799.662   7     
33832.995   7     
33866.328   7     
33899.661   7     
33932.994   7     
33966.327   7     
33999.660   7     
34032.993   7     
34066.326   7     
34099.659   7     
34132.992   7     
34166.325   7     
34199.658   7     
34232.991   7     
34266.324   7     
34299.657   7     
34332.990   7     
34366.323   7     
34399.656   7     
34432.989   7     
34466.322   7     
34499.655   7     
34532.988   7     
34566.321   7     
34599.654   7     
34632.987   7     
34666.320   7     
34699.653   7     
34732.986   7     
34766.319   7     
34799.652   7     
34832.985   7     
34866.318   7     
34899.651   7     
34932.984   7     
34966.317   7     
34999.650   7     
35032.983   7     
35066.316   7     
35099.649   7     
35132.982   7     
35166.315   7     
35199.648   7     
35232.981   7     
35266.314   7     
35299.647   7     
35332.980   7     
35366.313   7     
35399.646   7     
35432.979   7     
35466.312   7     
35499.645   7     
35532.978   7     
35566.311   7     
35599.644   7     
35632.977   7     
35666.310   7     
35699.643   7     
35732.976   7     
35766.309   7     
35799.642   7     
35832.975   7     
35866.308   7     
35899.641   7     
35932.974   8     
35966.307   8     
35999.640   8     
36032.973   8     
36066.306   8     
36099.639   8     
36132.972   8     
36166.305   8     
36199.638   8     
36232.971   8     
36266.304   8     
36299.637   8     
36332.970   8     
36366.303   8     
36399.636   8     
36432.969   8     
36466.302   8     
36499.635   8     
36532.968   8     
36566.301   8     
36599.634   8     
36632.967   8     
36666.300   8     
36699.633   8     
36732.966   8     
36766.299   8     
36799.632   8     
36832.965   8     
36866.298   8     
36899.631   8     
36932.964   8     
36966.297   8     
36999.630   8     
37032.963   8     
37066.296   8     
37099.629   8     
37132.962   8     
37166.295   8     
37199.628   8     
37232.961   8     
37266.294   8     
37299.627   8     
37332.960   8     
37366.293   8     
37399.626   8     
37432.959   8     
37466.292   8     
37499.625   8     
37532.958   8     
37566.291   8     
37599.624   8     
37632.957   8     
37666.290   8     
37699.623   8     
37732.956   8     
37766.289   8     
37799.622   8     
37832.955   8     
37866.288   8     
37899.621   8     
37932.954   8     
37966.287   8     
37999.620   8     
38032.953   8     
38066.286   8     
38099.619   8     
38132.952   8     
38166.285   8     
38199.618   8     
38232.951   8     
38266.284   8     
38299.617   8     
38332.950   8     
38366.283   8     
38399.616   8     
38432.949   8     
38466.282   8     
38499.615   8     
38532.948   8     
38566.281   8     
38599.614   8     
38632.947   8     
38666.280   8     
38699.613   8     
38732.946   8     
38766.279   8     
38799.612   8     
38832.945   8     
38866.278   8     
38899.611   8     
38932.944   8     
38966.277   8     
38999.610   8     
39032.943   8     
39066.276   8     
39099.609   8     
39132.942   8     
39166.275   8     
39199.608   8     
39232.941   8     
39266.274   8     
39299.607   8     
39332.940   8     
39366.273   8     
39399.606   8     
39432.939   8     
39466.272   8     
39499.605   8     
39532.938   8     
39566.271   8     
39599.604   8     
39632.937   8     
39666.270   8     
39699.603   8     
39732.936   8     
39766.269   8     
39799.602   8     
39832.935   8     
39866.268   8     
39899.601   8     
39932.934   8     
39966.267   8     
39999.600   8     
40032.933   8     
40066.266   8     
40099.599   8     
40132.932   8     
40166.265   8     
40199.598   8     
40232.931   8     
40266.264   8     
40299.597   8     
40332.930   8     
40366.263   8     
40399.596   8     
40432.929   8     
40466.262   8     
40499.595   8     
40532.928   8     
40566.261   8     
40599.594   8     
40632.927   8     
40666.260   8     
40699.593   3     
40732.926   3     
40766.259   3     
40799.592   3     
40832.925   3     
40866.258   3     
40899.591   3     
40932.924   3     
40966.257   3     
40999.590   3     
41032.923   3     
41066.256   3     
41099.589   3     
41132.922   3     
41166.255   3     
41199.588   3     
41232.921   3     
41266.254   3     
41299.587   3     
41332.920   3     
41366.253   3     
41399.586   3     
41432.919   3     
41466.252   3     
41499.585   3     
41532.918   3     
41566.251   3     
41599.584   3     
41632.917   8     
41666.250   8     
41699.583   8     
41732.916   8     
41766.249   8     
41799.582   8     
41832.915   8     
41866.248   8     
41899.581   8     
41932.914   8     
41966.247   8     
41999.580   8     
42032.913   8     
42066.246   8     
42099.579   8     
42132.912   8     
42166.245   8     
42199.578   8     
42232.911   8     
42266.244   8     
42299.577   8     
42332.910   8     
42366.243   8     
42399.576   8     
42432.909   8     
42466.242   8     
42499.575   8     
42532.908   8     
42566.241   8     
42599.574   8     
42632.907   8     
42666.240   8     
42699.573   8     
42732.906   8     
42766.239   8     
42799.572   8     
42832.905   8     
42866.238   8     
42899.571   8     
42932.904   8     
42966.237   8     
42999.570   8     
43032.903   8     
43066.236   8     
43099.569   8     
43132.902   8     
43166.235   8     
43199.568   8     
43232.901   8     
43266.234   8     
43299.567   8     
43332.900   8     
43366.233   8     
43399.566   8     
43432.899   8     
43466.232   8     
43499.565   8     
43532.898   8     
43566.231   8     
43599.564   8     
43632.897   8     
43666.230   8     
43699.563   8     
43732.896   8     
43766.229   8     
43799.562   8     
43832.895   8     
43866.228   8     
43899.561   8     
43932.894   8     
43966.227   8     
43999.560   8     
44032.893   8     
44066.226   8     
44099.559   8     
44132.892   8     
44166.225   8     
44199.558   8     
44232.891   8     
44266.224   3     
44299.557   3     
44332.890   3     
44366.223   3     
44399.556   3     
44432.889   3     
44466.222   3     
44499.555   3     
44532.888   3     
44566.221   3     
44599.554   3     
44632.887   3     
44666.220   3     
44699.553   3     
44732.886   3     
44766.219   3     
44799.552   3     
44832.885   3     
44866.218   3     
44899.551   3     
44932.884   3     
44966.217   3     
44999.550   3     
45032.883   3     
45066.216   3     
45099.549   3     
45132.882   3     
45166.215   3     
45199.548   3     
45232.881   3     
45266.214   3     
45299.547   3     
45332.880   3     
45366.213   3     
45399.546   3     
45432.879   3     
45466.212   3     
45499.545   3     
45532.878   3     
45566.211   3     
45599.544   3     
45632.877   3     
45666.210   3     
45699.543   3     
45732.876   3     
45766.209   3     
45799.542   3     
45832.875   3     
45866.208   3     
45899.541   3     
45932.874   3     
45966.207   3     
45999.540   3     
46032.873   3     
46066.206   3     
46099.539   3     
46132.872   3     
46166.205   3     
46199.538   3     
46232.871   3     
46266.204   3     
46299.537   3     
46332.870   3     
46366.203   3     
46399.536   3     
46432.869   3     
46466.202   3     
46499.535   3     
46532.868   3     
46566.201   3     
46599.534   3     
46632.867   3     
46666.200   3     
46699.533   3     
46732.866   3     
46766.199   3     
46799.532   3     
46832.865   3     
46866.198   3     
46899.531   3     
46932.864   3     
46966.197   3     
46999.530   3     
47032.863   3     
47066.196   3     
47099.529   3     
47132.862   3     
47166.195   3     
47199.528   3     
47232.861   3     
47266.194   3     
47299.527   3     
47332.860   3     
47366.193   3     
47399.526   3     
47432.859   3     
47466.192   3     
47499.525   3     
47532.858   3     
47566.191   3     
47599.524   3     
47632.857   3     
47666.190   3     
47699.523   3     
47732.856   3     
47766.189   3     
47799.522   3     
47832.855   3     
47866.188   3     
47899.521   3     
47932.854   3     
47966.187   3     
47999.520   3     
48032.853   3     
48066.186   3     
48099.519   3     
48132.852   3     
48166.185   3     
48199.518   3     
48232.851   3     
48266.184   3     
48299.517   3     
48332.850   3     
48366.183   3     
48399.516   3     
48432.849   3     
48466.182   3     
48499.515   3     
48532.848   3     
48566.181   3     
48599.514   3     
48632.847   3     
48666.180   3     
48699.513   3     
48732.846   3     
48766.179   3     
48799.512   3     
48832.845   3     
48866.178   3     
48899.511   3     
48932.844   3     
48966.177   3     
48999.510   3     
49032.843   3     
49066.176   3     
49099.509   3     
49132.842   3     
49166.175   3     
49199.508   3     
49232.841   3     
49266.174   3     
49299.507   3     
49332.840   3     
49366.173   3     
49399.506   3     
49432.839   3     
49466.172   3     
49499.505   3     
49532.838   3     
49566.171   3     
49599.504   3     
49632.837   3     
49666.170   3     
49699.503   3     
49732.836   3     
49766.169   3     
49799.502   3     
49832.835   3     
49866.168   3     
49899.501   3     
49932.834   3     
49966.167   3     
49999.500   3     
50032.833   3     
50066.166   3     
50099.499   3     
50132.832   3     
50166.165   3     
50199.498   3     
50232.831   3     
50266.164   3     
50299.497   3     
50332.830   3     
50366.163   3     
50399.496   3     
50432.829   3     
50466.162   3     
50499.495   3     
50532.828   3     
50566.161   3     
50599.494   3     
50632.827   3     
50666.160   3     
50699.493   3     
50732.826   3     
50766.159   3     
50799.492   3     
50832.825   3     
50866.158   3     
50899.491   3     
50932.824   3     
50966.157   3     
50999.490   3     
51032.823   3     
51066.156   3     
51099.489   5     
51132.822   5     
51166.155   5     
51199.488   5     
51232.821   5     
51266.154   5     
51299.487   5     
51332.820   5     
51366.153   5     
51399.486   5     
51432.819   5     
51466.152   5     
51499.485   5     
51532.818   5     
51566.151   5     
51599.484   5     
51632.817   5     
51666.150   5     
51699.483   5     
51732.816   5     
51766.149   5     
51799.482   5     
51832.815   5     
51866.148   5     
51899.481   5     
51932.814   5     
51966.147   5     
51999.480   5     
52032.813   5     
52066.146   5     
52099.479   5     
52132.812   5     
52166.145   5     
52199.478   5     
52232.811   5     
52266.144   5     
52299.477   5     
52332.810   5     
52366.143   5     
52399.476   5     
52432.809   5     
52466.142   5     
52499.475   5     
52532.808   5     
52566.141   5     
52599.474   5     
52632.807   5     
52666.140   5     
52699.473   5     
52732.806   5     
52766.139   5     
52799.472   5     
52832.805   5     
52866.138   5     
52899.471   5     
52932.804   5     
52966.137   5     
52999.470   5     
53032.803   5     
53066.136   5     
53099.469   5     
53132.802   5     
53166.135   5     
53199.468   5     
53232.801   5     
53266.134   5     
53299.467   5     
53332.800   5     
53366.133   5     
53399.466   5     
53432.799   5     
53466.132   5     
53499.465   5     
53532.798   5     
53566.131   5     
53599.464   5     
53632.797   5     
53666.130   5     
53699.463   5     
53732.796   5     
53766.129   5     
53799.462   5     
53832.795   5     
53866.128   5     
53899.461   5     
53932.794   5     
53966.127   5     
53999.460   5     
54032.793   5     
54066.126   5     
54099.459   5     
54132.792   5     
54166.125   5     
54199.458   5     
54232.791   5     
54266.124   7     
54299.457   7     
54332.790   7     
54366.123   7     
54399.456   7     
54432.789   7     
54466.122   7     
54499.455   7     
54532.788   7     
54566.121   7     
54599.454   7     
54632.787   7     
54666.120   7     
54699.453   7     
54732.786   7     
54766.119   7     
54799.452   7     
54832.785   7     
54866.118   7     
54899.451   7     
54932.784   7     
54966.117   7     
54999.450   7     
55032.783   7     
55066.116   7     
55099.449   7     
55132.782   7     
55166.115   7     
55199.448   7     
55232.781   7     
55266.114   7     
55299.447   7     
55332.780   7     
55366.113   7     
55399.446   7     
55432.779   7     
55466.112   7     
55499.445   7     
55532.778   7     
55566.111   7     
55599.444   7     
55632.777   7     
55666.110   7     
55699.443   7     
55732.776   7     
55766.109   7     
55799.442   7     
55832.775   7     
55866.108   7     
55899.441   7     
55932.774   7     
55966.107   7     
55999.440   7     
56032.773   7     
56066.106   7     
56099.439   7     
56132.772   7     
56166.105   7     
56199.438   7     
56232.771   7     
56266.104   7     
56299.437   7     
56332.770   7     
56366.103   7     
56399.436   7     
56432.769   7     
56466.102   7     
56499.435   7     
56532.768   7     
56566.101   7     
56599.434   7     
56632.767   7     
56666.100   7     
56699.433   7     
56732.766   7     
56766.099   7     
56799.432   7     
56832.765   7     
56866.098   7     
56899.431   7     
56932.764   7     
56966.097   7     
56999.430   7     
57032.763   7     
57066.096   7     
57099.429   7     
57132.762   7     
57166.095   7     
57199.428   7     
57232.761   7     
57266.094   7     
57299.427   7     
57332.760   7     
57366.093   7     
57399.426   7     
57432.759   7     
57466.092   7     
57499.425   7     
57532.758   7     
57566.091   7     
57599.424   7     
57632.757   7     
57666.090   7     
57699.423   7     
57732.756   7     
57766.089   7     
57799.422   7     
57832.755   7     
57866.088   7     
57899.421   7     
57932.754   7     
57966.087   7     
57999.420   7     
58032.753   7     
58066.086   7     
58099.419   7     
58132.752   7     
58166.085   7     
58199.418   7     
58232.751   7     
58266.084   7     
58299.417   7     
58332.750   7     
58366.083   7     
58399.416   7     
58432.749   7     
58466.082   7     
58499.415   7     
58532.748   7     
58566.081   7     
58599.414   7     
58632.747   7     
58666.080   7     
58699.413   7     
58732.746   7     
58766.079   7     
58799.412   7     
58832.745   7     
58866.078   7     
58899.411   7     
58932.744   7     
58966.077   7     
58999.410   7     
59032.743   7     
59066.076   7     
59099.409   7     
59132.742   3     
59166.075   3     
59199.408   3     
59232.741   3     
59266.074   3     
59299.407   3     
59332.740   3     
59366.073   3     
59399.406   3     
59432.739   3     
59466.072   3     
59499.405   3     
59532.738   3     
59566.071   3     
59599.404   3     
59632.737   3     
59666.070   3     
59699.403   3     
59732.736   3     
59766.069   3     
59799.402   3     
59832.735   3     
59866.068   3     
59899.401   3     
59932.734   3     
59966.067   3     
59999.400   3     
60032.733   3     
60066.066   3     
60099.399   3     
60132.732   3     
60166.065   3     
60199.398   3     
60232.731   3     
60266.064   3     
60299.397   3     
60332.730   3     
60366.063   3     
60399.396   3     
60432.729   3     
60466.062   3     
60499.395   3     
60532.728   3     
60566.061   3     
60599.394   3     
60632.727   3     
60666.060   3     
60699.393   3     
60732.726   3     
60766.059   3     
60799.392   3     
60832.725   3     
60866.058   3     
60899.391   3     
60932.724   3     
60966.057   3     
60999.390   3     
61032.723   3     
61066.056   3     
61099.389   3     
61132.722   3     
61166.055   3     
61199.388   3     
61232.721   3     
61266.054   3     
61299.387   3     
61332.720   3     
61366.053   3     
61399.386   3     
61432.719   3     
61466.052   3     
61499.385   3     
61532.718   3     
61566.051   3     
61599.384   3     
61632.717   3     
61666.050   3     
61699.383   3     
61732.716   3     
61766.049   3     
61799.382   3     
61832.715   3     
61866.048   3     
61899.381   3     
61932.714   3     
61966.047   3     
61999.380   3     
62032.713   3     
62066.046   3     
62099.379   3     
62132.712   3     
62166.045   3     
62199.378   3     
62232.711   3     
62266.044   3     
62299.377   3     
62332.710   3     
62366.043   3     
62399.376   3     
62432.709   3     
62466.042   3     
62499.375   3     
62532.708   3     
62566.041   3     
62599.374   3     
62632.707   3     
62666.040   3     
62699.373   5     
62732.706   5     
62766.039   5     
62799.372   5     
62832.705   5     
62866.038   5     
62899.371   5     
62932.704   5     
62966.037   5     
62999.370   5     
63032.703   5     
63066.036   5     
63099.369   5     
63132.702   5     
63166.035   5     
63199.368   5     
63232.701   5     
63266.034   5     
63299.367   5     
63332.700   5     
63366.033   5     
63399.366   5     
63432.699   5     
63466.032   5     
63499.365   5     
63532.698   5     
63566.031   5     
63599.364   5     
63632.697   5     
63666.030   5     
63699.363   5     
63732.696   5     
63766.029   5     
63799.362   5     
63832.695   5     
63866.028   5     
63899.361   5     
63932.694   5     
63966.027   5     
63999.360   5     
64032.693   5     
64066.026   5     
64099.359   5     
64132.692   5     
64166.025   5     
64199.358   5     
64232.691   5     
64266.024   5     
64299.357   5     
64332.690   5     
64366.023   5     
64399.356   5     
64432.689   5     
64466.022   5     
64499.355   5     
64532.688   5     
64566.021   5     
64599.354   5     
64632.687   5     
64666.020   5     
64699.353   5     
64732.686   5     
64766.019   5     
64799.352   5     
64832.685   5     
64866.018   5     
64899.351   5     
64932.684   5     
64966.017   5     
64999.350   5     
65032.683   5     
65066.016   5     
65099.349   5     
65132.682   5     
65166.015   5     
65199.348   5     
65232.681   5     
65266.014   5     
65299.347   5     
65332.680   5     
65366.013   5     
65399.346   5     
65432.679   5     
65466.012   5     
65499.345   5     
65532.678   5     
65566.011   5     
65599.344   5     
65632.677   5     
65666.010   5     
65699.343   5     
65732.676   5     
65766.009   5     
65799.342   5     
65832.675   5     
65866.008   5     
65899.341   5     
65932.674   5     
65966.007   5     
65999.340   5     
66032.673   5     
66066.006   5     
66099.339   5     
66132.672   5     
66166.005   5     
66199.338   5     
66232.671   5     
66266.004   5     
66299.337   5     
66332.670   5     
66366.003   5     
66399.336   5     
66432.669   5     
66466.002   5     
66499.335   5     
66532.668   5     
66566.001   5     
66599.334   5     
66632.667   5     
66666.000   5     
66699.333   5     
66732.666   5     
66765.999   5     
66799.332   5     
66832.665   7     
66865.998   7     
66899.331   7     
66932.664   7     
66965.997   7     
66999.330   7     
67032.663   7     
67065.996   7     
67099.329   7     
67132.662   7     
67165.995   7     
67199.328   7     
67232.661   7     
67265.994   7     
67299.327   7     
67332.660   7     
67365.993   7     
67399.326   7     
67432.659   7     
67465.992   7     
67499.325   7     
67532.658   7     
67565.991   7     
67599.324   7     
67632.657   7     
67665.990   7     
67699.323   7     
67732.656   7     
67765.989   7     
67799.322   7     
67832.655   7     
67865.988   7     
67899.321   7     
67932.654   7     
67965.987   7     
67999.320   7     
68032.653   7     
68065.986   7     
68099.319   7     
68132.652   7     
68165.985   7     
68199.318   7     
68232.651   7     
68265.984   7     
68299.317   7     
68332.650   7     
68365.983   7     
68399.316   7     
68432.649   7     
68465.982   7     
68499.315   7     
68532.648   7     
68565.981   7     
68599.314   7     
68632.647   7     
68665.980   7     
68699.313   7     
68732.646   7     
68765.979   7     
68799.312   7     
68832.645   7     
68865.978   7     
68899.311   7     
68932.644   7     
68965.977   7     
68999.310   7     
69032.643   7     
69065.976   7     
69099.309   7     
69132.642   7     
69165.975   7     
69199.308   7     
69232.641   7     
69265.974   7     
69299.307   7     
69332.640   7     
69365.973   7     
69399.306   7     
69432.639   7     
69465.972   7     
69499.305   7     
69532.638   7     
69565.971   7     
69599.304   7     
69632.637   7     
69665.970   7     
69699.303   7     
69732.636   7     
69765.969   7     
69799.302   7     
69832.635   7     
69865.968   7     
69899.301   7     
69932.634   7     
69965.967   7     
69999.300   7     
70032.633   7     
70065.966   7     
70099.299   7     
70132.632   7     
70165.965   7     
70199.298   7     
70232.631   7     
70265.964   7     
70299.297   7     
70332.630   7     
70365.963   7     
70399.296   7     
70432.629   7     
70465.962   7     
70499.295   7     
70532.628   7     
70565.961   7     
70599.294   7     
70632.627   7     
70665.960   7     
70699.293   7     
70732.626   7     
70765.959   7     
70799.292   7     
70832.625   7     
70865.958   7     
70899.291   7     
70932.624   7     
70965.957   7     
70999.290   7     
71032.623   7     
71065.956   7     
71099.289   7     
71132.622   7     
71165.955   7     
71199.288   7     
71232.621   7     
71265.954   7     
71299.287   7     
71332.620   7     
71365.953   7     
71399.286   7     
71432.619   7     
71465.952   7     
71499.285   7     
71532.618   7     
71565.951   7     
71599.284   7     
71632.617   7     
71665.950   7     
71699.283   7     
71732.616   7     
71765.949   7     
71799.282   7     
71832.615   7     
71865.948   7     
71899.281   7     
71932.614   7     
71965.947   7     
71999.280   7     
72032.613   7     
72065.946   7     
72099.279   7     
72132.612   7     
72165.945   7     
72199.278   7     
72232.611   7     
72265.944   7     
72299.277   7     
72332.610   7     
72365.943   7     
72399.276   7     
72432.609   7     
72465.942   7     
72499.275   7     
72532.608   7     
72565.941   7     
72599.274   7     
72632.607   7     
72665.940   7     
72699.273   7     
72732.606   7     
72765.939   7     
72799.272   7     
72832.605   7     
72865.938   7     
72899.271   8     
72932.604   8     
72965.937   8     
72999.270   8     
73032.603   8     
73065.936   8     
73099.269   8     
73132.602   8     
73165.935   8     
73199.268   8     
73232.601   8     
73265.934   8     
73299.267   8     
73332.600   8     
73365.933   8     
73399.266   8     
73432.599   8     
73465.932   8     
73499.265   8     
73532.598   8     
73565.931   8     
73599.264   8     
73632.597   8     
73665.930   8     
73699.263   8     
73732.596   8     
73765.929   8     
73799.262   8     
73832.595   8     
73865.928   8     
73899.261   8     
73932.594   8     
73965.927   8     
73999.260   8     
74032.593   8     
74065.926   8     
74099.259   8     
74132.592   8     
74165.925   8     
74199.258   8     
74232.591   8     
74265.924   8     
74299.257   8     
74332.590   8     
74365.923   8     
74399.256   8     
74432.589   8     
74465.922   8     
74499.255   8     
74532.588   8     
74565.921   8     
74599.254   8     
74632.587   8     
74665.920   8     
74699.253   8     
74732.586   8     
74765.919   8     
74799.252   8     
74832.585   8     
74865.918   8     
74899.251   8     
74932.584   8     
74965.917   8     
74999.250   8     
75032.583   8     
75065.916   8     
75099.249   8     
75132.582   8     
75165.915   8     
75199.248   8     
75232.581   8     
75265.914   8     
75299.247   8     
75332.580   8     
75365.913   8     
75399.246   8     
75432.579   8     
75465.912   8     
75499.245   8     
75532.578   8     
75565.911   8     
75599.244   8     
75632.577   8     
75665.910   8     
75699.243   8     
75732.576   8     
75765.909   8     
75799.242   8     
75832.575   8     
75865.908   8     
75899.241   8     
75932.574   8     
75965.907   8     
75999.240   8     
76032.573   8     
76065.906   8     
76099.239   8     
76132.572   8     
76165.905   8     
76199.238   8     
76232.571   8     
76265.904   8     
76299.237   8     
76332.570   8     
76365.903   8     
76399.236   8     
76432.569   8     
76465.902   8     
76499.235   8     
76532.568   8     
76565.901   8     
76599.234   8     
76632.567   8     
76665.900   8     
76699.233   8     
76732.566   8     
76765.899   8     
76799.232   8     
76832.565   8     
76865.898   8     
76899.231   8     
76932.564   8     
76965.897   8     
76999.230   8     
77032.563   8     
77065.896   8     
77099.229   8     
77132.562   8     
77165.895   8     
77199.228   8     
77232.561   8     
77265.894   8     
77299.227   8     
77332.560   8     
77365.893   8     
77399.226   8     
77432.559   8     
77465.892   8     
77499.225   8     
77532.558   8     
77565.891   8     
77599.224   8     
77632.557   8     
77665.890   8     
77699.223   8     
77732.556   8     
77765.889   8     
77799.222   8     
77832.555   8     
77865.888   8     
77899.221   8     
77932.554   8     
77965.887   8     
77999.220   8     
78032.553   8     
78065.886   8     
78099.219   8     
78132.552   8     
78165.885   8     
78199.218   8     
78232.551   8     
78265.884   8     
78299.217   8     
78332.550   8     
78365.883   8     
78399.216   8     
78432.549   8     
78465.882   8     
78499.215   8     
78532.548   8     
78565.881   8     
78599.214   8     
78632.547   8     
78665.880   8     
78699.213   8     
78732.546   8     
78765.879   8     
78799.212   8     
78832.545   8     
78865.878   8     
78899.211   8     
78932.544   8     
78965.877   8     
78999.210   8     
79032.543   8     
79065.876   8     
79099.209   8     
79132.542   8     
79165.875   8     
79199.208   8     
79232.541   8     
79265.874   8     
79299.207   8     
79332.540   8     
79365.873   8     
79399.206   8     
79432.539   8     
79465.872   8     
79499.205   8     
79532.538   8     
79565.871   8     
79599.204   8     
79632.537   8     
79665.870   8     
79699.203   8     
79732.536   8     
79765.869   8     
79799.202   8     
79832.535   8     
79865.868   8     
79899.201   8     
79932.534   8     
79965.867   8     
79999.200   8     
80032.533   8     
80065.866   8     
80099.199   8     
80132.532   8     
80165.865   8     
80199.198   8     
80232.531   8     
80265.864   8     
80299.197   8     
80332.530   8     
80365.863   8     
80399.196   8     
80432.529   8     
80465.862   8     
80499.195   8     
80532.528   8     
80565.861   8     
80599.194   8     
80632.527   8     
80665.860   8     
80699.193   8     
80732.526   8     
80765.859   8     
80799.192   8     
80832.525   8     
80865.858   8     
80899.191   8     
80932.524   8     
80965.857   8     
80999.190   8     
81032.523   8     
81065.856   8     
81099.189   8     
81132.522   8     
81165.855   8     
81199.188   8     
81232.521   8     
81265.854   8     
81299.187   8     
81332.520   8     
81365.853   8     
81399.186   8     
81432.519   8     
81465.852   8     
81499.185   8     
81532.518   8     
81565.851   8     
81599.184   8     
81632.517   8     
81665.850   8     
81699.183   8     
81732.516   8     
81765.849   8     
81799.182   8     
81832.515   8     
81865.848   8     
81899.181   8     
81932.514   8     
81965.847   8     
81999.180   8     
82032.513   8     
82065.846   8     
82099.179   8     
82132.512   8     
82165.845   8     
82199.178   8     
82232.511   8     
82265.844   8     
82299.177   8     
82332.510   8     
82365.843   8     
82399.176   8     
82432.509   8     
82465.842   8     
82499.175   8     
82532.508   8     
82565.841   8     
82599.174   8     
82632.507   8     
82665.840   8     
82699.173   8     
82732.506   8     
82765.839   8     
82799.172   8     
82832.505   8     
82865.838   8     
82899.171   8     
82932.504   8     
82965.837   8     
82999.170   8     
83032.503   8     
83065.836   8     
83099.169   8     
83132.502   8     
83165.835   8     
83199.168   8     
83232.501   8     
83265.834   8     
83299.167   8     
83332.500   8     
83365.833   8     
83399.166   8     
83432.499   8     
83465.832   8     
83499.165   8     
83532.498   8     
83565.831   8     
83599.164   8     
83632.497   8     
83665.830   8     
83699.163   8     
83732.496   8     
83765.829   8     
83799.162   8     
83832.495   8     
83865.828   8     
83899.161   8     
83932.494   8     
83965.827   8     
83999.160   8     
84032.493   8     
84065.826   8     
84099.159   8     
84132.492   8     
84165.825   8     
84199.158   8     
84232.491   8     
84265.824   8     
84299.157   8     
84332.490   8     
84365.823   8     
84399.156   8     
84432.489   8     
84465.822   8     
84499.155   8     
84532.488   8     
84565.821   8     
84599.154   8     
84632.487   8     
84665.820   8     
84699.153   8     
84732.486   8     
84765.819   8     
84799.152   8     
84832.485   8     
84865.818   8     
84899.151   8     
84932.484   8     
84965.817   8     
84999.150   8     
85032.483   8     
85065.816   8     
85099.149   8     
85132.482   8     
85165.815   8     
85199.148   8     
85232.481   8     
85265.814   8     
85299.147   8     
85332.480   8     
85365.813   8     
85399.146   8     
85432.479   8     
85465.812   8     
85499.145   8     
85532.478   8     
85565.811   8     
85599.144   8     
85632.477   8     
85665.810   8     
85699.143   8     
85732.476   8     
85765.809   8     
85799.142   8     
85832.475   8     
85865.808   8     
85899.141   8     
85932.474   8     
85965.807   8     
85999.140   8     
86032.473   8     
86065.806   8     
86099.139   8     
86132.472   8     
86165.805   8     
86199.138   8     
86232.471   8     
86265.804   8     
86299.137   8     
86332.470   8     
86365.803   8     
86399.136   8     
86432.469   8     
86465.802   8     
86499.135   8     
86532.468   8     
86565.801   8     
86599.134   8     
86632.467   8     
86665.800   8     
86699.133   8     
86732.466   8     
86765.799   8     
86799.132   8     
86832.465   8     
86865.798   8     
86899.131   8     
86932.464   8     
86965.797   8     
86999.130   8     
87032.463   8     
87065.796   8     
87099.129   8     
87132.462   8     
87165.795   8     
87199.128   8     
87232.461   8     
87265.794   8     
87299.127   8     
87332.460   8     
87365.793   8     
87399.126   8     
87432.459   8     
87465.792   8     
87499.125   8     
87532.458   8     
87565.791   3     
87599.124   3     
87632.457   3     
87665.790   3     
87699.123   3     
87732.456   3     
87765.789   3     
87799.122   3     
87832.455   3     
87865.788   3     
87899.121   3     
87932.454   3     
87965.787   3     
87999.120   3     
88032.453   3     
88065.786   3     
88099.119   3     
88132.452   3     
88165.785   3     
88199.118   3     
88232.451   3     
88265.784   3     
88299.117   3     
88332.450   3     
88365.783   3     
88399.116   3     
88432.449   3     
88465.782   3     
88499.115   3     
88532.448   3     
88565.781   3     
88599.114   3     
88632.447   3     
88665.780   3     
88699.113   3     
88732.446   3     
88765.779   3     
88799.112   3     
88832.445   3     
88865.778   3     
88899.111   3     
88932.444   3     
88965.777   3     
88999.110   3     
89032.443   3     
89065.776   3     
89099.109   3     
89132.442   3     
89165.775   3     
89199.108   3     
89232.441   3     
89265.774   3     
89299.107   3     
89332.440   3     
89365.773   3     
89399.106   3     
89432.439   3     
89465.772   3     
89499.105   3     
89532.438   3     
89565.771   3     
89599.104   3     
89632.437   3     
89665.770   3     
89699.103   3     
89732.436   3     
89765.769   3     
89799.102   3     
89832.435   3     
89865.768   3     
89899.101   3     
89932.434   3     
89965.767   3     
89999.100   3     
90032.433   3     
90065.766   3     
90099.099   3     
90132.432   3     
90165.765   3     
90199.098   3     
90232.431   3     
90265.764   3     
90299.097   3     
90332.430   3     
90365.763   3     
90399.096   3     
90432.429   3     
90465.762   3     
90499.095   3     
90532.428   3     
90565.761   3     
90599.094   3     
90632.427   3     
90665.760   3     
90699.093   3     
90732.426   3     
90765.759   3     
90799.092   3     
90832.425   3     
90865.758   3     
90899.091   3     
90932.424   3     
90965.757   3     
90999.090   3     
91032.423   3     
91065.756   3     
91099.089   3     
91132.422   3     
91165.755   3     
91199.088   3     
91232.421   3     
91265.754   3     
91299.087   3     
91332.420   3     
91365.753   3     
91399.086   3     
91432.419   3     
91465.752   3     
91499.085   3     
91532.418   3     
91565.751   3     
91599.084   3     
91632.417   3     
91665.750   3     
91699.083   3     
91732.416   3     
91765.749   3     
91799.082   3     
91832.415   3     
91865.748   3     
91899.081   3     
91932.414   3     
91965.747   3     
91999.080   3     
92032.413   3     
92065.746   3     
92099.079   3     
92132.412   3     
92165.745   3     
92199.078   3     
92232.411   3     
92265.744   3     
92299.077   3     
92332.410   3     
92365.743   3     
92399.076   3     
92432.409   3     
92465.742   3     
92499.075   3     
92532.408   3     
92565.741   3     
92599.074   3     
92632.407   3     
92665.740   3     
92699.073   3     
92732.406   3     
92765.739   3     
92799.072   3     
92832.405   3     
92865.738   3     
92899.071   3     
92932.404   3     
92965.737   3     
92999.070   3     
93032.403   3     
93065.736   3     
93099.069   3     
93132.402   3     
93165.735   3     
93199.068   3     
93232.401   3     
93265.734   3     
93299.067   3     
93332.400   3     
93365.733   3     
93399.066   3     
93432.399   3     
93465.732   3     
93499.065   3     
93532.398   3     
93565.731   3     
93599.064   3     
93632.397   3     
93665.730   3     
93699.063   3     
93732.396   3     
93765.729   3     
93799.062   3     
93832.395   3     
93865.728   3     
93899.061   3     
93932.394   3     
93965.727   3     
93999.060   3     
94032.393   3     
94065.726   3     
94099.059   3     
94132.392   3     
94165.725   3     
94199.058   6     
94232.391   6     
94265.724   6     
94299.057   6     
94332.390   6     
94365.723   6     
94399.056   6     
94432.389   6     
94465.722   6     
94499.055   6     
94532.388   6     
94565.721   6     
94599.054   6     
94632.387   6     
94665.720   6     
94699.053   6     
94732.386   6     
94765.719   6     
94799.052   6     
94832.385   6     
94865.718   6     
94899.051   6     
94932.384   6     
94965.717   6     
94999.050   6     
95032.383   6     
95065.716   6     
95099.049   6     
95132.382   6     
95165.715   6     
95199.048   6     
95232.381   6     
95265.714   6     
95299.047   6     
95332.380   6     
95365.713   6     
95399.046   6     
95432.379   6     
95465.712   6     
95499.045   6     
95532.378   6     
95565.711   6     
95599.044   6     
95632.377   6     
95665.710   6     
95699.043   6     
95732.376   6     
95765.709   6     
95799.042   6     
95832.375   6     
95865.708   6     
95899.041   6     
95932.374   6     
95965.707   6     
95999.040   6     
96032.373   6     
96065.706   6     
96099.039   6     
96132.372   6     
96165.705   6     
96199.038   6     
96232.371   6     
96265.704   6     
96299.037   7     
96332.370   7     
96365.703   7     
96399.036   7     
96432.369   7     
96465.702   7     
96499.035   7     
96532.368   7     
96565.701   7     
96599.034   7     
96632.367   7     
96665.700   7     
96699.033   7     
96732.366   7     
96765.699   7     
96799.032   7     
96832.365   7     
96865.698   7     
96899.031   7     
96932.364   7     
96965.697   7     
96999.030   7     
97032.363   7     
97065.696   7     
97099.029   7     
97132.362   7     
97165.695   7     
97199.028   7     
97232.361   7     
97265.694   7     
97299.027   7     
97332.360   7     
97365.693   7     
97399.026   7     
97432.359   7     
97465.692   7     
97499.025   7     
97532.358   7     
97565.691   7     
97599.024   7     
97632.357   7     
97665.690   7     
97699.023   7     
97732.356   7     
97765.689   7     
97799.022   7     
97832.355   7     
97865.688   7     
97899.021   7     
97932.354   7     
97965.687   7     
97999.020   7     
98032.353   7     
98065.686   7     
98099.019   7     
98132.352   7     
98165.685   7     
98199.018   7     
98232.351   3     
98265.684   3     
98299.017   3     
98332.350   3     
98365.683   3     
98399.016   3     
98432.349   3     
98465.682   3     
98499.015   3     
98532.348   3     
98565.681   3     
98599.014   3     
98632.347   3     
98665.680   3     
98699.013   3     
98732.346   3     
98765.679   3     
98799.012   3     
98832.345   6     
98865.678   6     
98899.011   6     
98932.344   6     
98965.677   6     
98999.010   6     
99032.343   6     
99065.676   6     
99099.009   6     
99132.342   6     
99165.675   6     
99199.008   6     
99232.341   6     
99265.674   6     
99299.007   6     
99332.340   6     
99365.673   6     
99399.006   6     
99432.339   6     
99465.672   6     
99499.005   6     
99532.338   6     
99565.671   6     
99599.004   6     
99632.337   6     
99665.670   6     
99699.003   6     
99732.336   6     
99765.669   6     
99799.002   6     
99832.335   6     
99865.668   6     
99899.001   6     
99932.334   6     
99965.667   6     
99999.000   6     
100032.333  6     
100065.666  6     
100098.999  6     
100132.332  6     
100165.665  6     
100198.998  6     
100232.331  6     
100265.664  6     
100298.997  6     
100332.330  6     
100365.663  6     
100398.996  6     
100432.329  6     
100465.662  6     
100498.995  6     
100532.328  6     
100565.661  6     
100598.994  6     
100632.327  6     
100665.660  6     
100698.993  6     
100732.326  6     
100765.659  6     
100798.992  6     
100832.325  6     
100865.658  6     
100898.991  6     
100932.324  6     
100965.657  6     
100998.990  6     
101032.323  7     
101065.656  7     
101098.989  7     
101132.322  7     
101165.655  7     
101198.988  7     
101232.321  7     
101265.654  7     
101298.987  7     
101332.320  7     
101365.653  7     
101398.986  7     
101432.319  7     
101465.652  7     
101498.985  7     
101532.318  7     
101565.651  7     
101598.984  7     
101632.317  7     
101665.650  7     
101698.983  7     
101732.316  7     
101765.649  7     
101798.982  7     
101832.315  7     
101865.648  7     
101898.981  7     
101932.314  7     
101965.647  7     
101998.980  7     
102032.313  7     
102065.646  7     
102098.979  7     
102132.312  7     
102165.645  7     
102198.978  7     
102232.311  7     
102265.644  7     
102298.977  7     
102332.310  7     
102365.643  7     
102398.976  7     
102432.309  7     
102465.642  7     
102498.975  7     
102532.308  7     
102565.641  7     
102598.974  7     
102632.307  7     
102665.640  7     
102698.973  7     
102732.306  7     
102765.639  7     
102798.972  7     
102832.305  7     
102865.638  7     
102898.971  7     
102932.304  7     
102965.637  7     
102998.970  7     
103032.303  7     
103065.636  7     
103098.969  7     
103132.302  7     
103165.635  7     
103198.968  7     
103232.301  7     
103265.634  7     
103298.967  7     
103332.300  7     
103365.633  7     
103398.966  7     
103432.299  7     
103465.632  7     
103498.965  7     
103532.298  7     
103565.631  7     
103598.964  7     
103632.297  7     
103665.630  7     
103698.963  7     
103732.296  7     
103765.629  7     
103798.962  7     
103832.295  7     
103865.628  7     
103898.961  7     
103932.294  7     
103965.627  7     
103998.960  7     
104032.293  7     
104065.626  7     
104098.959  7     
104132.292  7     
104165.625  7     
104198.958  7     
104232.291  7     
104265.624  7     
104298.957  7     
104332.290  7     
104365.623  7     
104398.956  7     
104432.289  8     
104465.622  8     
104498.955  8     
104532.288  8     
104565.621  8     
104598.954  8     
104632.287  8     
104665.620  8     
104698.953  8     
104732.286  8     
104765.619  8     
104798.952  8     
104832.285  8     
104865.618  8     
104898.951  8     
104932.284  8     
104965.617  8     
104998.950  8     
105032.283  8     
105065.616  8     
105098.949  8     
105132.282  8     
105165.615  8     
105198.948  8     
105232.281  8     
105265.614  8     
105298.947  8     
105332.280  8     
105365.613  8     
105398.946  8     
105432.279  8     
105465.612  8     
105498.945  8     
105532.278  8     
105565.611  8     
105598.944  8     
105632.277  8     
105665.610  8     
105698.943  8     
105732.276  8     
105765.609  8     
105798.942  8     
105832.275  8     
105865.608  8     
105898.941  8     
105932.274  8     
105965.607  8     
105998.940  8     
106032.273  8     
106065.606  8     
106098.939  8     
106132.272  8     
106165.605  8     
106198.938  8     
106232.271  8     
106265.604  8     
106298.937  8     
106332.270  8     
106365.603  8     
106398.936  8     
106432.269  8     
106465.602  8     
106498.935  8     
106532.268  8     
106565.601  8     
106598.934  8     
106632.267  8     
106665.600  8     
106698.933  8     
106732.266  8     
106765.599  8     
106798.932  8     
106832.265  8     
106865.598  8     
106898.931  8     
106932.264  8     
106965.597  8     
106998.930  8     
107032.263  8     
107065.596  8     
107098.929  8     
107132.262  8     
107165.595  8     
107198.928  8     
107232.261  8     
107265.594  8     
107298.927  8     
107332.260  9     
107365.593  9     
107398.926  9     
107432.259  9     
107465.592  9     
107498.925  9     
107532.258  9     
107565.591  9     
107598.924  9     
107632.257  9     
107665.590  9     
107698.923  9     
107732.256  9     
107765.589  9     
107798.922  9     
107832.255  9     
107865.588  9     
107898.921  9     
107932.254  9     
107965.587  9     
107998.920  9     
108032.253  9     
108065.586  9     
108098.919  9     
108132.252  9     
108165.585  9     
108198.918  9     
108232.251  9     
108265.584  9     
108298.917  9     
108332.250  9     
108365.583  9     
108398.916  9     
108432.249  9     
108465.582  9     
108498.915  9     
108532.248  9     
108565.581  9     
108598.914  9     
108632.247  9     
108665.580  9     
108698.913  9     
108732.246  9     
108765.579  9     
108798.912  9     
108832.245  9     
108865.578  9     
108898.911  9     
108932.244  9     
108965.577  9     
108998.910  9     
109032.243  9     
109065.576  9     
109098.909  9     
109132.242  9     
109165.575  9     
109198.908  9     
109232.241  9     
109265.574  9     
109298.907  9     
109332.240  9     
109365.573  9     
109398.906  9     
109432.239  9     
109465.572  9     
109498.905  9     
109532.238  9     
109565.571  9     
109598.904  9     
109632.237  9     
109665.570  9     
109698.903  9     
109732.236  9     
109765.569  9     
109798.902  9     
109832.235  9     
109865.568  9     
109898.901  9     
109932.234  9     
109965.567  9     
109998.900  9     
110032.233  9     
110065.566  9     
110098.899  9     
110132.232  9     
110165.565  9     
110198.898  9     
110232.231  9     
110265.564  9     
110298.897  9     
110332.230  9     
110365.563  9     
110398.896  9     
110432.229  9     
110465.562  9     
110498.895  9     
110532.228  9     
110565.561  9     
110598.894  9     
110632.227  9     
110665.560  9     
110698.893  9     
110732.226  9     
110765.559  9     
110798.892  9     
110832.225  9     
110865.558  9     
110898.891  9     
110932.224  9     
110965.557  9     
110998.890  9     
111032.223  9     
111065.556  9     
111098.889  9     
111132.222  9     
111165.555  9     
111198.888  9     
111232.221  9     
111265.554  9     
111298.887  9     
111332.220  9     
111365.553  9     
111398.886  9     
111432.219  9     
111465.552  9     
111498.885  9     
111532.218  9     
111565.551  9     
111598.884  9     
111632.217  9     
111665.550  9     
111698.883  9     
111732.216  9     
111765.549  9     
111798.882  9     
111832.215  9     
111865.548  9     
111898.881  9     
111932.214  9     
111965.547  9     
111998.880  9     
112032.213  9     
112065.546  9     
112098.879  9     
112132.212  9     
112165.545  9     
112198.878  9     
112232.211  9     
112265.544  9     
112298.877  9     
112332.210  9     
112365.543  9     
112398.876  9     
112432.209  9     
112465.542  9     
112498.875  9     
112532.208  9     
112565.541  9     
112598.874  9     
112632.207  9     
112665.540  9     
112698.873  9     
112732.206  9     
112765.539  9     
112798.872  9     
112832.205  9     
112865.538  9     
