Time (ms)   Label 
0.000       9     
33.333      9     
66.666      9     
99.999      9     
133.332     9     
166.665     9     
199.998     9     
233.331     9     
266.664     9     
299.997     9     
333.330     9     
366.663     9     
399.996     9     
433.329     9     
466.662     9     
499.995     9     
533.328     9     
566.661     9     
599.994     9     
633.327     9     
666.660     9     
699.993     9     
733.326     9     
766.659     9     
799.992     9     
833.325     9     
866.658     9     
899.991     9     
933.324     9     
966.657     9     
999.990     9     
1033.323    9     
1066.656    9     
1099.989    9     
1133.322    9     
1166.655    9     
1199.988    9     
1233.321    9     
1266.654    9     
1299.987    9     
1333.320    9     
1366.653    9     
1399.986    9     
1433.319    9     
1466.652    9     
1499.985    9     
1533.318    9     
1566.651    9     
1599.984    9     
1633.317    9     
1666.650    9     
1699.983    9     
1733.316    9     
1766.649    9     
1799.982    9     
1833.315    9     
1866.648    9     
1899.981    9     
1933.314    9     
1966.647    9     
1999.980    9     
2033.313    9     
2066.646    9     
2099.979    9     
2133.312    9     
2166.645    9     
2199.978    9     
2233.311    9     
2266.644    9     
2299.977    9     
2333.310    9     
2366.643    9     
2399.976    9     
2433.309    9     
2466.642    9     
2499.975    9     
2533.308    9     
2566.641    9     
2599.974    9     
2633.307    9     
2666.640    9     
2699.973    9     
2733.306    9     
2766.639    9     
2799.972    9     
2833.305    9     
2866.638    9     
2899.971    9     
2933.304    9     
2966.637    9     
2999.970    9     
3033.303    9     
3066.636    9     
3099.969    9     
3133.302    9     
3166.635    9     
3199.968    9     
3233.301    9     
3266.634    9     
3299.967    9     
3333.300    9     
3366.633    9     
3399.966    9     
3433.299    9     
3466.632    9     
3499.965    9     
3533.298    9     
3566.631    9     
3599.964    9     
3633.297    9     
3666.630    9     
3699.963    9     
3733.296    9     
3766.629    9     
3799.962    9     
3833.295    9     
3866.628    9     
3899.961    9     
3933.294    1     
3966.627    1     
3999.960    1     
4033.293    1     
4066.626    1     
4099.959    1     
4133.292    1     
4166.625    1     
4199.958    1     
4233.291    1     
4266.624    1     
4299.957    1     
4333.290    1     
4366.623    1     
4399.956    1     
4433.289    1     
4466.622    1     
4499.955    1     
4533.288    1     
4566.621    1     
4599.954    1     
4633.287    1     
4666.620    1     
4699.953    1     
4733.286    1     
4766.619    1     
4799.952    1     
4833.285    1     
4866.618    1     
4899.951    1     
4933.284    1     
4966.617    1     
4999.950    1     
5033.283    1     
5066.616    1     
5099.949    1     
5133.282    1     
5166.615    1     
5199.948    1     
5233.281    1     
5266.614    1     
5299.947    1     
5333.280    1     
5366.613    1     
5399.946    1     
5433.279    1     
5466.612    1     
5499.945    1     
5533.278    1     
5566.611    1     
5599.944    1     
5633.277    1     
5666.610    1     
5699.943    1     
5733.276    1     
5766.609    1     
5799.942    1     
5833.275    1     
5866.608    1     
5899.941    1     
5933.274    1     
5966.607    1     
5999.940    1     
6033.273    1     
6066.606    1     
6099.939    1     
6133.272    1     
6166.605    1     
6199.938    1     
6233.271    1     
6266.604    1     
6299.937    1     
6333.270    1     
6366.603    1     
6399.936    1     
6433.269    1     
6466.602    1     
6499.935    1     
6533.268    1     
6566.601    1     
6599.934    1     
6633.267    1     
6666.600    1     
6699.933    1     
6733.266    1     
6766.599    1     
6799.932    1     
6833.265    1     
6866.598    1     
6899.931    1     
6933.264    1     
6966.597    1     
6999.930    1     
7033.263    1     
7066.596    1     
7099.929    1     
7133.262    1     
7166.595    1     
7199.928    1     
7233.261    1     
7266.594    1     
7299.927    1     
7333.260    1     
7366.593    1     
7399.926    1     
7433.259    1     
7466.592    1     
7499.925    1     
7533.258    1     
7566.591    1     
7599.924    1     
7633.257    1     
7666.590    1     
7699.923    1     
7733.256    1     
7766.589    1     
7799.922    1     
7833.255    1     
7866.588    1     
7899.921    1     
7933.254    1     
7966.587    1     
7999.920    1     
8033.253    1     
8066.586    1     
8099.919    1     
8133.252    1     
8166.585    1     
8199.918    1     
8233.251    1     
8266.584    1     
8299.917    1     
8333.250    1     
8366.583    1     
8399.916    1     
8433.249    1     
8466.582    1     
8499.915    1     
8533.248    1     
8566.581    1     
8599.914    1     
8633.247    1     
8666.580    1     
8699.913    1     
8733.246    1     
8766.579    1     
8799.912    1     
8833.245    1     
8866.578    1     
8899.911    1     
8933.244    1     
8966.577    1     
8999.910    1     
9033.243    1     
9066.576    1     
9099.909    1     
9133.242    1     
9166.575    1     
9199.908    1     
9233.241    1     
9266.574    1     
9299.907    1     
9333.240    1     
9366.573    1     
9399.906    1     
9433.239    1     
9466.572    1     
9499.905    1     
9533.238    1     
9566.571    1     
9599.904    1     
9633.237    1     
9666.570    1     
9699.903    1     
9733.236    1     
9766.569    1     
9799.902    1     
9833.235    1     
9866.568    1     
9899.901    1     
9933.234    1     
9966.567    1     
9999.900    1     
10033.233   1     
10066.566   1     
10099.899   1     
10133.232   1     
10166.565   1     
10199.898   1     
10233.231   1     
10266.564   1     
10299.897   1     
10333.230   1     
10366.563   1     
10399.896   1     
10433.229   1     
10466.562   1     
10499.895   1     
10533.228   1     
10566.561   1     
10599.894   1     
10633.227   1     
10666.560   1     
10699.893   1     
10733.226   1     
10766.559   1     
10799.892   1     
10833.225   1     
10866.558   1     
10899.891   1     
10933.224   1     
10966.557   1     
10999.890   1     
11033.223   1     
11066.556   1     
11099.889   1     
11133.222   1     
11166.555   1     
11199.888   1     
11233.221   1     
11266.554   1     
11299.887   1     
11333.220   1     
11366.553   1     
11399.886   1     
11433.219   1     
11466.552   1     
11499.885   1     
11533.218   1     
11566.551   1     
11599.884   1     
11633.217   1     
11666.550   1     
11699.883   1     
11733.216   1     
11766.549   1     
11799.882   1     
11833.215   1     
11866.548   1     
11899.881   1     
11933.214   1     
11966.547   1     
11999.880   1     
12033.213   1     
12066.546   1     
12099.879   1     
12133.212   1     
12166.545   1     
12199.878   1     
12233.211   1     
12266.544   1     
12299.877   1     
12333.210   1     
12366.543   1     
12399.876   1     
12433.209   1     
12466.542   1     
12499.875   1     
12533.208   1     
12566.541   1     
12599.874   1     
12633.207   1     
12666.540   1     
12699.873   1     
12733.206   1     
12766.539   1     
12799.872   1     
12833.205   1     
12866.538   1     
12899.871   1     
12933.204   1     
12966.537   1     
12999.870   1     
13033.203   1     
13066.536   1     
13099.869   1     
13133.202   1     
13166.535   1     
13199.868   1     
13233.201   1     
13266.534   1     
13299.867   2     
13333.200   2     
13366.533   2     
13399.866   2     
13433.199   2     
13466.532   2     
13499.865   2     
13533.198   2     
13566.531   2     
13599.864   2     
13633.197   2     
13666.530   2     
13699.863   2     
13733.196   2     
13766.529   2     
13799.862   2     
13833.195   2     
13866.528   2     
13899.861   2     
13933.194   2     
13966.527   2     
13999.860   2     
14033.193   2     
14066.526   2     
14099.859   2     
14133.192   2     
14166.525   2     
14199.858   2     
14233.191   2     
14266.524   2     
14299.857   2     
14333.190   2     
14366.523   2     
14399.856   2     
14433.189   2     
14466.522   2     
14499.855   2     
14533.188   2     
14566.521   2     
14599.854   2     
14633.187   2     
14666.520   2     
14699.853   2     
14733.186   2     
14766.519   2     
14799.852   2     
14833.185   2     
14866.518   2     
14899.851   2     
14933.184   2     
14966.517   2     
14999.850   2     
15033.183   2     
15066.516   2     
15099.849   2     
15133.182   2     
15166.515   2     
15199.848   2     
15233.181   2     
15266.514   2     
15299.847   2     
15333.180   2     
15366.513   2     
15399.846   2     
15433.179   2     
15466.512   2     
15499.845   2     
15533.178   2     
15566.511   2     
15599.844   2     
15633.177   2     
15666.510   2     
15699.843   2     
15733.176   2     
15766.509   2     
15799.842   2     
15833.175   2     
15866.508   2     
15899.841   2     
15933.174   2     
15966.507   2     
15999.840   2     
16033.173   2     
16066.506   2     
16099.839   2     
16133.172   2     
16166.505   2     
16199.838   2     
16233.171   2     
16266.504   2     
16299.837   2     
16333.170   2     
16366.503   2     
16399.836   2     
16433.169   2     
16466.502   2     
16499.835   2     
16533.168   2     
16566.501   2     
16599.834   2     
16633.167   2     
16666.500   2     
16699.833   2     
16733.166   2     
16766.499   2     
16799.832   2     
16833.165   2     
16866.498   2     
16899.831   2     
16933.164   2     
16966.497   2     
16999.830   2     
17033.163   2     
17066.496   2     
17099.829   2     
17133.162   2     
17166.495   2     
17199.828   2     
17233.161   2     
17266.494   2     
17299.827   2     
17333.160   2     
17366.493   2     
17399.826   2     
17433.159   2     
17466.492   2     
17499.825   2     
17533.158   2     
17566.491   2     
17599.824   2     
17633.157   2     
17666.490   2     
17699.823   2     
17733.156   2     
17766.489   2     
17799.822   2     
17833.155   2     
17866.488   2     
17899.821   2     
17933.154   2     
17966.487   2     
17999.820   2     
18033.153   2     
18066.486   2     
18099.819   2     
18133.152   2     
18166.485   2     
18199.818   2     
18233.151   2     
18266.484   2     
18299.817   2     
18333.150   2     
18366.483   2     
18399.816   2     
18433.149   2     
18466.482   2     
18499.815   2     
18533.148   2     
18566.481   2     
18599.814   2     
18633.147   2     
18666.480   2     
18699.813   2     
18733.146   2     
18766.479   2     
18799.812   2     
18833.145   2     
18866.478   2     
18899.811   2     
18933.144   2     
18966.477   2     
18999.810   2     
19033.143   2     
19066.476   2     
19099.809   2     
19133.142   2     
19166.475   2     
19199.808   2     
19233.141   2     
19266.474   2     
19299.807   2     
19333.140   2     
19366.473   2     
19399.806   2     
19433.139   2     
19466.472   2     
19499.805   2     
19533.138   2     
19566.471   2     
19599.804   2     
19633.137   2     
19666.470   2     
19699.803   2     
19733.136   2     
19766.469   2     
19799.802   2     
19833.135   2     
19866.468   2     
19899.801   2     
19933.134   2     
19966.467   2     
19999.800   2     
20033.133   2     
20066.466   2     
20099.799   2     
20133.132   2     
20166.465   2     
20199.798   2     
20233.131   2     
20266.464   2     
20299.797   2     
20333.130   2     
20366.463   2     
20399.796   2     
20433.129   2     
20466.462   2     
20499.795   2     
20533.128   2     
20566.461   2     
20599.794   2     
20633.127   2     
20666.460   2     
20699.793   2     
20733.126   2     
20766.459   2     
20799.792   2     
20833.125   2     
20866.458   2     
20899.791   2     
20933.124   2     
20966.457   2     
20999.790   2     
21033.123   2     
21066.456   2     
21099.789   2     
21133.122   2     
21166.455   2     
21199.788   2     
21233.121   2     
21266.454   2     
21299.787   2     
21333.120   2     
21366.453   2     
21399.786   2     
21433.119   2     
21466.452   2     
21499.785   2     
21533.118   2     
21566.451   2     
21599.784   2     
21633.117   2     
21666.450   2     
21699.783   2     
21733.116   2     
21766.449   2     
21799.782   2     
21833.115   2     
21866.448   2     
21899.781   2     
21933.114   2     
21966.447   2     
21999.780   2     
22033.113   2     
22066.446   2     
22099.779   2     
22133.112   2     
22166.445   2     
22199.778   2     
22233.111   2     
22266.444   2     
22299.777   2     
22333.110   2     
22366.443   2     
22399.776   2     
22433.109   2     
22466.442   2     
22499.775   2     
22533.108   2     
22566.441   2     
22599.774   2     
22633.107   2     
22666.440   2     
22699.773   2     
22733.106   2     
22766.439   2     
22799.772   2     
22833.105   2     
22866.438   2     
22899.771   2     
22933.104   2     
22966.437   2     
22999.770   2     
23033.103   2     
23066.436   2     
23099.769   2     
23133.102   2     
23166.435   2     
23199.768   2     
23233.101   2     
23266.434   2     
23299.767   2     
23333.100   2     
23366.433   2     
23399.766   2     
23433.099   2     
23466.432   2     
23499.765   2     
23533.098   2     
23566.431   2     
23599.764   2     
23633.097   2     
23666.430   2     
23699.763   2     
23733.096   2     
23766.429   2     
23799.762   2     
23833.095   2     
23866.428   2     
23899.761   2     
23933.094   2     
23966.427   2     
23999.760   2     
24033.093   2     
24066.426   2     
24099.759   2     
24133.092   2     
24166.425   2     
24199.758   2     
24233.091   2     
24266.424   2     
24299.757   2     
24333.090   2     
24366.423   2     
24399.756   2     
24433.089   2     
24466.422   2     
24499.755   2     
24533.088   2     
24566.421   2     
24599.754   2     
24633.087   2     
24666.420   2     
24699.753   2     
24733.086   2     
24766.419   2     
24799.752   2     
24833.085   2     
24866.418   2     
24899.751   2     
24933.084   2     
24966.417   2     
24999.750   2     
25033.083   2     
25066.416   2     
25099.749   2     
25133.082   2     
25166.415   2     
25199.748   2     
25233.081   2     
25266.414   2     
25299.747   2     
25333.080   2     
25366.413   2     
25399.746   2     
25433.079   2     
25466.412   2     
25499.745   2     
25533.078   2     
25566.411   2     
25599.744   2     
25633.077   2     
25666.410   2     
25699.743   2     
25733.076   2     
25766.409   2     
25799.742   2     
25833.075   2     
25866.408   2     
25899.741   2     
25933.074   2     
25966.407   2     
25999.740   2     
26033.073   2     
26066.406   2     
26099.739   2     
26133.072   2     
26166.405   2     
26199.738   2     
26233.071   2     
26266.404   2     
26299.737   2     
26333.070   2     
26366.403   2     
26399.736   2     
26433.069   2     
26466.402   2     
26499.735   2     
26533.068   2     
26566.401   2     
26599.734   2     
26633.067   2     
26666.400   2     
26699.733   2     
26733.066   2     
26766.399   2     
26799.732   2     
26833.065   2     
26866.398   2     
26899.731   2     
26933.064   2     
26966.397   2     
26999.730   2     
27033.063   2     
27066.396   2     
27099.729   2     
27133.062   2     
27166.395   2     
27199.728   2     
27233.061   2     
27266.394   2     
27299.727   2     
27333.060   2     
27366.393   2     
27399.726   2     
27433.059   2     
27466.392   2     
27499.725   2     
27533.058   2     
27566.391   2     
27599.724   2     
27633.057   2     
27666.390   2     
27699.723   2     
27733.056   2     
27766.389   2     
27799.722   2     
27833.055   2     
27866.388   2     
27899.721   2     
27933.054   2     
27966.387   2     
27999.720   2     
28033.053   2     
28066.386   2     
28099.719   2     
28133.052   2     
28166.385   2     
28199.718   2     
28233.051   2     
28266.384   2     
28299.717   2     
28333.050   2     
28366.383   2     
28399.716   2     
28433.049   2     
28466.382   2     
28499.715   2     
28533.048   2     
28566.381   2     
28599.714   2     
28633.047   2     
28666.380   2     
28699.713   2     
28733.046   2     
28766.379   2     
28799.712   2     
28833.045   2     
28866.378   2     
28899.711   2     
28933.044   2     
28966.377   2     
28999.710   2     
29033.043   2     
29066.376   2     
29099.709   2     
29133.042   2     
29166.375   2     
29199.708   2     
29233.041   2     
29266.374   2     
29299.707   2     
29333.040   2     
29366.373   2     
29399.706   2     
29433.039   2     
29466.372   2     
29499.705   2     
29533.038   2     
29566.371   2     
29599.704   2     
29633.037   2     
29666.370   2     
29699.703   2     
29733.036   2     
29766.369   2     
29799.702   2     
29833.035   2     
29866.368   2     
29899.701   2     
29933.034   2     
29966.367   2     
29999.700   2     
30033.033   2     
30066.366   2     
30099.699   2     
30133.032   2     
30166.365   2     
30199.698   2     
30233.031   2     
30266.364   2     
30299.697   2     
30333.030   2     
30366.363   2     
30399.696   2     
30433.029   2     
30466.362   2     
30499.695   2     
30533.028   2     
30566.361   2     
30599.694   2     
30633.027   2     
30666.360   2     
30699.693   2     
30733.026   2     
30766.359   2     
30799.692   2     
30833.025   2     
30866.358   2     
30899.691   2     
30933.024   2     
30966.357   2     
30999.690   2     
31033.023   2     
31066.356   2     
31099.689   2     
31133.022   2     
31166.355   2     
31199.688   2     
31233.021   2     
31266.354   3     
31299.687   3     
31333.020   3     
31366.353   3     
31399.686   3     
31433.019   3     
31466.352   3     
31499.685   3     
31533.018   3     
31566.351   3     
31599.684   3     
31633.017   3     
31666.350   3     
31699.683   3     
31733.016   3     
31766.349   3     
31799.682   3     
31833.015   3     
31866.348   3     
31899.681   3     
31933.014   3     
31966.347   3     
31999.680   3     
32033.013   3     
32066.346   3     
32099.679   3     
32133.012   3     
32166.345   3     
32199.678   3     
32233.011   3     
32266.344   3     
32299.677   3     
32333.010   3     
32366.343   3     
32399.676   3     
32433.009   3     
32466.342   3     
32499.675   3     
32533.008   3     
32566.341   3     
32599.674   3     
32633.007   3     
32666.340   3     
32699.673   2     
32733.006   2     
32766.339   2     
32799.672   2     
32833.005   2     
32866.338   2     
32899.671   2     
32933.004   2     
32966.337   2     
32999.670   2     
33033.003   2     
33066.336   2     
33099.669   2     
33133.002   2     
33166.335   2     
33199.668   2     
33233.001   2     
33266.334   2     
33299.667   2     
33333.000   2     
33366.333   2     
33399.666   2     
33432.999   2     
33466.332   2     
33499.665   2     
33532.998   2     
33566.331   2     
33599.664   2     
33632.997   2     
33666.330   2     
33699.663   2     
33732.996   2     
33766.329   2     
33799.662   2     
33832.995   2     
33866.328   2     
33899.661   2     
33932.994   2     
33966.327   2     
33999.660   2     
34032.993   2     
34066.326   2     
34099.659   2     
34132.992   2     
34166.325   2     
34199.658   2     
34232.991   2     
34266.324   2     
34299.657   2     
34332.990   2     
34366.323   2     
34399.656   2     
34432.989   2     
34466.322   2     
34499.655   2     
34532.988   2     
34566.321   2     
34599.654   2     
34632.987   2     
34666.320   2     
34699.653   2     
34732.986   2     
34766.319   2     
34799.652   2     
34832.985   2     
34866.318   2     
34899.651   2     
34932.984   2     
34966.317   2     
34999.650   2     
35032.983   2     
35066.316   2     
35099.649   2     
35132.982   2     
35166.315   2     
35199.648   2     
35232.981   2     
35266.314   2     
35299.647   2     
35332.980   2     
35366.313   2     
35399.646   2     
35432.979   2     
35466.312   2     
35499.645   2     
35532.978   2     
35566.311   2     
35599.644   2     
35632.977   2     
35666.310   2     
35699.643   2     
35732.976   2     
35766.309   2     
35799.642   2     
35832.975   2     
35866.308   2     
35899.641   2     
35932.974   2     
35966.307   2     
35999.640   2     
36032.973   2     
36066.306   2     
36099.639   2     
36132.972   2     
36166.305   2     
36199.638   2     
36232.971   2     
36266.304   2     
36299.637   2     
36332.970   2     
36366.303   2     
36399.636   2     
36432.969   2     
36466.302   2     
36499.635   2     
36532.968   2     
36566.301   2     
36599.634   2     
36632.967   2     
36666.300   2     
36699.633   2     
36732.966   2     
36766.299   2     
36799.632   2     
36832.965   2     
36866.298   2     
36899.631   2     
36932.964   2     
36966.297   2     
36999.630   2     
37032.963   2     
37066.296   2     
37099.629   2     
37132.962   2     
37166.295   2     
37199.628   2     
37232.961   3     
37266.294   3     
37299.627   3     
37332.960   3     
37366.293   3     
37399.626   3     
37432.959   3     
37466.292   3     
37499.625   3     
37532.958   3     
37566.291   3     
37599.624   3     
37632.957   3     
37666.290   3     
37699.623   3     
37732.956   3     
37766.289   3     
37799.622   3     
37832.955   3     
37866.288   3     
37899.621   3     
37932.954   3     
37966.287   3     
37999.620   3     
38032.953   3     
38066.286   3     
38099.619   3     
38132.952   3     
38166.285   3     
38199.618   3     
38232.951   3     
38266.284   3     
38299.617   3     
38332.950   3     
38366.283   3     
38399.616   3     
38432.949   3     
38466.282   3     
38499.615   3     
38532.948   3     
38566.281   3     
38599.614   3     
38632.947   3     
38666.280   3     
38699.613   3     
38732.946   3     
38766.279   3     
38799.612   3     
38832.945   3     
38866.278   3     
38899.611   3     
38932.944   3     
38966.277   3     
38999.610   3     
39032.943   3     
39066.276   3     
39099.609   3     
39132.942   3     
39166.275   3     
39199.608   3     
39232.941   3     
39266.274   3     
39299.607   3     
39332.940   3     
39366.273   3     
39399.606   3     
39432.939   3     
39466.272   3     
39499.605   3     
39532.938   3     
39566.271   3     
39599.604   3     
39632.937   3     
39666.270   3     
39699.603   3     
39732.936   3     
39766.269   3     
39799.602   3     
39832.935   3     
39866.268   3     
39899.601   3     
39932.934   3     
39966.267   3     
39999.600   3     
40032.933   3     
40066.266   3     
40099.599   3     
40132.932   3     
40166.265   4     
40199.598   4     
40232.931   4     
40266.264   4     
40299.597   4     
40332.930   4     
40366.263   4     
40399.596   4     
40432.929   4     
40466.262   4     
40499.595   4     
40532.928   4     
40566.261   4     
40599.594   4     
40632.927   4     
40666.260   4     
40699.593   4     
40732.926   4     
40766.259   4     
40799.592   4     
40832.925   4     
40866.258   4     
40899.591   4     
40932.924   4     
40966.257   4     
40999.590   4     
41032.923   4     
41066.256   4     
41099.589   4     
41132.922   4     
41166.255   4     
41199.588   4     
41232.921   4     
41266.254   4     
41299.587   4     
41332.920   4     
41366.253   4     
41399.586   4     
41432.919   4     
41466.252   4     
41499.585   4     
41532.918   4     
41566.251   4     
41599.584   4     
41632.917   4     
41666.250   4     
41699.583   4     
41732.916   4     
41766.249   4     
41799.582   4     
41832.915   4     
41866.248   4     
41899.581   4     
41932.914   4     
41966.247   4     
41999.580   4     
42032.913   4     
42066.246   4     
42099.579   4     
42132.912   4     
42166.245   4     
42199.578   4     
42232.911   4     
42266.244   4     
42299.577   4     
42332.910   4     
42366.243   4     
42399.576   4     
42432.909   4     
42466.242   4     
42499.575   4     
42532.908   4     
42566.241   4     
42599.574   4     
42632.907   4     
42666.240   4     
42699.573   4     
42732.906   4     
42766.239   4     
42799.572   4     
42832.905   4     
42866.238   4     
42899.571   4     
42932.904   4     
42966.237   4     
42999.570   4     
43032.903   4     
43066.236   4     
43099.569   4     
43132.902   4     
43166.235   4     
43199.568   4     
43232.901   4     
43266.234   4     
43299.567   4     
43332.900   4     
43366.233   4     
43399.566   4     
43432.899   4     
43466.232   4     
43499.565   4     
43532.898   4     
43566.231   4     
43599.564   4     
43632.897   4     
43666.230   4     
43699.563   4     
43732.896   4     
43766.229   4     
43799.562   4     
43832.895   4     
43866.228   4     
43899.561   4     
43932.894   4     
43966.227   4     
43999.560   4     
44032.893   4     
44066.226   4     
44099.559   4     
44132.892   7     
44166.225   7     
44199.558   7     
44232.891   7     
44266.224   7     
44299.557   7     
44332.890   7     
44366.223   7     
44399.556   7     
44432.889   7     
44466.222   7     
44499.555   7     
44532.888   7     
44566.221   7     
44599.554   7     
44632.887   7     
44666.220   7     
44699.553   7     
44732.886   7     
44766.219   7     
44799.552   7     
44832.885   7     
44866.218   7     
44899.551   7     
44932.884   7     
44966.217   4     
44999.550   4     
45032.883   4     
45066.216   4     
45099.549   4     
45132.882   4     
45166.215   4     
45199.548   4     
45232.881   4     
45266.214   4     
45299.547   4     
45332.880   4     
45366.213   4     
45399.546   4     
45432.879   4     
45466.212   4     
45499.545   4     
45532.878   4     
45566.211   4     
45599.544   4     
45632.877   4     
45666.210   4     
45699.543   4     
45732.876   4     
45766.209   4     
45799.542   4     
45832.875   4     
45866.208   4     
45899.541   4     
45932.874   4     
45966.207   4     
45999.540   4     
46032.873   4     
46066.206   4     
46099.539   4     
46132.872   4     
46166.205   4     
46199.538   4     
46232.871   4     
46266.204   4     
46299.537   4     
46332.870   4     
46366.203   4     
46399.536   4     
46432.869   4     
46466.202   4     
46499.535   4     
46532.868   4     
46566.201   4     
46599.534   4     
46632.867   4     
46666.200   4     
46699.533   4     
46732.866   4     
46766.199   4     
46799.532   4     
46832.865   4     
46866.198   4     
46899.531   4     
46932.864   4     
46966.197   4     
46999.530   4     
47032.863   4     
47066.196   4     
47099.529   4     
47132.862   4     
47166.195   4     
47199.528   4     
47232.861   4     
47266.194   4     
47299.527   4     
47332.860   4     
47366.193   4     
47399.526   4     
47432.859   4     
47466.192   4     
47499.525   4     
47532.858   4     
47566.191   4     
47599.524   4     
47632.857   4     
47666.190   4     
47699.523   4     
47732.856   4     
47766.189   4     
47799.522   4     
47832.855   4     
47866.188   4     
47899.521   4     
47932.854   4     
47966.187   4     
47999.520   4     
48032.853   4     
48066.186   4     
48099.519   4     
48132.852   4     
48166.185   4     
48199.518   4     
48232.851   4     
48266.184   4     
48299.517   4     
48332.850   4     
48366.183   4     
48399.516   4     
48432.849   4     
48466.182   4     
48499.515   4     
48532.848   4     
48566.181   4     
48599.514   4     
48632.847   4     
48666.180   4     
48699.513   4     
48732.846   4     
48766.179   4     
48799.512   4     
48832.845   4     
48866.178   4     
48899.511   4     
48932.844   4     
48966.177   4     
48999.510   4     
49032.843   4     
49066.176   4     
49099.509   4     
49132.842   4     
49166.175   4     
49199.508   4     
49232.841   4     
49266.174   4     
49299.507   7     
49332.840   7     
49366.173   7     
49399.506   7     
49432.839   7     
49466.172   7     
49499.505   7     
49532.838   7     
49566.171   7     
49599.504   7     
49632.837   7     
49666.170   7     
49699.503   7     
49732.836   7     
49766.169   7     
49799.502   7     
49832.835   7     
49866.168   7     
49899.501   7     
49932.834   7     
49966.167   7     
49999.500   7     
50032.833   7     
50066.166   7     
50099.499   7     
50132.832   7     
50166.165   7     
50199.498   7     
50232.831   7     
50266.164   7     
50299.497   7     
50332.830   7     
50366.163   7     
50399.496   7     
50432.829   7     
50466.162   7     
50499.495   7     
50532.828   7     
50566.161   7     
50599.494   7     
50632.827   7     
50666.160   7     
50699.493   7     
50732.826   7     
50766.159   7     
50799.492   7     
50832.825   7     
50866.158   7     
50899.491   7     
50932.824   7     
50966.157   7     
50999.490   7     
51032.823   7     
51066.156   7     
51099.489   7     
51132.822   7     
51166.155   7     
51199.488   7     
51232.821   7     
51266.154   7     
51299.487   7     
51332.820   7     
51366.153   7     
51399.486   7     
51432.819   7     
51466.152   7     
51499.485   7     
51532.818   7     
51566.151   7     
51599.484   7     
51632.817   7     
51666.150   7     
51699.483   7     
51732.816   7     
51766.149   7     
51799.482   7     
51832.815   7     
51866.148   7     
51899.481   7     
51932.814   7     
51966.147   7     
51999.480   7     
52032.813   7     
52066.146   7     
52099.479   7     
52132.812   7     
52166.145   7     
52199.478   7     
52232.811   7     
52266.144   7     
52299.477   7     
52332.810   7     
52366.143   7     
52399.476   7     
52432.809   7     
52466.142   7     
52499.475   7     
52532.808   7     
52566.141   7     
52599.474   7     
52632.807   7     
52666.140   7     
52699.473   7     
52732.806   7     
52766.139   7     
52799.472   7     
52832.805   7     
52866.138   7     
52899.471   7     
52932.804   7     
52966.137   7     
52999.470   7     
53032.803   7     
53066.136   7     
53099.469   7     
53132.802   7     
53166.135   7     
53199.468   7     
53232.801   7     
53266.134   7     
53299.467   7     
53332.800   7     
53366.133   7     
53399.466   7     
53432.799   7     
53466.132   7     
53499.465   7     
53532.798   7     
53566.131   7     
53599.464   7     
53632.797   7     
53666.130   7     
53699.463   7     
53732.796   7     
53766.129   7     
53799.462   7     
53832.795   7     
53866.128   7     
53899.461   7     
53932.794   7     
53966.127   7     
53999.460   7     
54032.793   7     
54066.126   7     
54099.459   7     
54132.792   7     
54166.125   7     
54199.458   7     
54232.791   7     
54266.124   7     
54299.457   7     
54332.790   7     
54366.123   7     
54399.456   7     
54432.789   7     
54466.122   7     
54499.455   7     
54532.788   7     
54566.121   7     
54599.454   7     
54632.787   7     
54666.120   7     
54699.453   7     
54732.786   7     
54766.119   7     
54799.452   7     
54832.785   7     
54866.118   7     
54899.451   7     
54932.784   7     
54966.117   7     
54999.450   7     
55032.783   7     
55066.116   7     
55099.449   7     
55132.782   7     
55166.115   7     
55199.448   7     
55232.781   7     
55266.114   7     
55299.447   7     
55332.780   7     
55366.113   7     
55399.446   7     
55432.779   7     
55466.112   7     
55499.445   7     
55532.778   7     
55566.111   7     
55599.444   7     
55632.777   7     
55666.110   7     
55699.443   7     
55732.776   7     
55766.109   7     
55799.442   7     
55832.775   7     
55866.108   7     
55899.441   7     
55932.774   7     
55966.107   7     
55999.440   7     
56032.773   7     
56066.106   7     
56099.439   8     
56132.772   8     
56166.105   8     
56199.438   8     
56232.771   8     
56266.104   8     
56299.437   8     
56332.770   8     
56366.103   8     
56399.436   8     
56432.769   8     
56466.102   8     
56499.435   8     
56532.768   8     
56566.101   8     
56599.434   8     
56632.767   8     
56666.100   8     
56699.433   8     
56732.766   8     
56766.099   8     
56799.432   8     
56832.765   8     
56866.098   8     
56899.431   8     
56932.764   8     
56966.097   8     
56999.430   8     
57032.763   8     
57066.096   8     
57099.429   8     
57132.762   8     
57166.095   8     
57199.428   8     
57232.761   8     
57266.094   8     
57299.427   8     
57332.760   8     
57366.093   8     
57399.426   8     
57432.759   8     
57466.092   8     
57499.425   8     
57532.758   8     
57566.091   8     
57599.424   8     
57632.757   8     
57666.090   8     
57699.423   8     
57732.756   8     
57766.089   8     
57799.422   8     
57832.755   8     
57866.088   8     
57899.421   8     
57932.754   8     
57966.087   8     
57999.420   8     
58032.753   8     
58066.086   8     
58099.419   8     
58132.752   8     
58166.085   8     
58199.418   8     
58232.751   8     
58266.084   8     
58299.417   8     
58332.750   8     
58366.083   8     
58399.416   8     
58432.749   8     
58466.082   8     
58499.415   8     
58532.748   8     
58566.081   8     
58599.414   8     
58632.747   8     
58666.080   8     
58699.413   8     
58732.746   8     
58766.079   8     
58799.412   8     
58832.745   8     
58866.078   8     
58899.411   8     
58932.744   8     
58966.077   8     
58999.410   8     
59032.743   8     
59066.076   8     
59099.409   8     
59132.742   8     
59166.075   8     
59199.408   8     
59232.741   8     
59266.074   8     
59299.407   8     
59332.740   8     
59366.073   8     
59399.406   8     
59432.739   8     
59466.072   8     
59499.405   8     
59532.738   8     
59566.071   8     
59599.404   8     
59632.737   8     
59666.070   8     
59699.403   8     
59732.736   8     
59766.069   8     
59799.402   8     
59832.735   8     
59866.068   8     
59899.401   8     
59932.734   8     
59966.067   8     
59999.400   8     
60032.733   8     
60066.066   8     
60099.399   8     
60132.732   8     
60166.065   8     
60199.398   8     
60232.731   8     
60266.064   8     
60299.397   8     
60332.730   8     
60366.063   8     
60399.396   8     
60432.729   8     
60466.062   8     
60499.395   8     
60532.728   8     
60566.061   8     
60599.394   8     
60632.727   8     
60666.060   8     
60699.393   8     
60732.726   8     
60766.059   8     
60799.392   8     
60832.725   8     
60866.058   8     
60899.391   8     
60932.724   8     
60966.057   8     
60999.390   8     
61032.723   8     
61066.056   8     
61099.389   8     
61132.722   8     
61166.055   8     
61199.388   8     
61232.721   8     
61266.054   8     
61299.387   8     
61332.720   8     
61366.053   8     
61399.386   8     
61432.719   8     
61466.052   8     
61499.385   8     
61532.718   8     
61566.051   8     
61599.384   8     
61632.717   8     
61666.050   8     
61699.383   8     
61732.716   8     
61766.049   8     
61799.382   8     
61832.715   8     
61866.048   8     
61899.381   8     
61932.714   8     
61966.047   8     
61999.380   8     
62032.713   8     
62066.046   8     
62099.379   8     
62132.712   8     
62166.045   8     
62199.378   8     
62232.711   8     
62266.044   8     
62299.377   8     
62332.710   8     
62366.043   3     
62399.376   3     
62432.709   3     
62466.042   3     
62499.375   3     
62532.708   3     
62566.041   3     
62599.374   3     
62632.707   3     
62666.040   3     
62699.373   3     
62732.706   3     
62766.039   3     
62799.372   3     
62832.705   3     
62866.038   3     
62899.371   3     
62932.704   3     
62966.037   3     
62999.370   3     
63032.703   3     
63066.036   3     
63099.369   3     
63132.702   3     
63166.035   3     
63199.368   3     
63232.701   3     
63266.034   3     
63299.367   3     
63332.700   3     
63366.033   3     
63399.366   3     
63432.699   3     
63466.032   3     
63499.365   3     
63532.698   3     
63566.031   3     
63599.364   3     
63632.697   3     
63666.030   3     
63699.363   3     
63732.696   3     
63766.029   3     
63799.362   3     
63832.695   3     
63866.028   3     
63899.361   3     
63932.694   3     
63966.027   3     
63999.360   3     
64032.693   3     
64066.026   3     
64099.359   3     
64132.692   3     
64166.025   3     
64199.358   3     
64232.691   3     
64266.024   3     
64299.357   3     
64332.690   3     
64366.023   3     
64399.356   3     
64432.689   3     
64466.022   3     
64499.355   3     
64532.688   3     
64566.021   3     
64599.354   3     
64632.687   3     
64666.020   3     
64699.353   3     
64732.686   3     
64766.019   3     
64799.352   3     
64832.685   3     
64866.018   3     
64899.351   3     
64932.684   3     
64966.017   3     
64999.350   3     
65032.683   3     
65066.016   3     
65099.349   3     
65132.682   3     
65166.015   3     
65199.348   3     
65232.681   3     
65266.014   3     
65299.347   3     
65332.680   3     
65366.013   3     
65399.346   3     
65432.679   3     
65466.012   3     
65499.345   3     
65532.678   3     
65566.011   3     
65599.344   3     
65632.677   3     
65666.010   3     
65699.343   3     
65732.676   3     
65766.009   3     
65799.342   3     
65832.675   3     
65866.008   3     
65899.341   3     
65932.674   3     
65966.007   3     
65999.340   3     
66032.673   3     
66066.006   3     
66099.339   3     
66132.672   3     
66166.005   3     
66199.338   3     
66232.671   3     
66266.004   3     
66299.337   3     
66332.670   3     
66366.003   3     
66399.336   3     
66432.669   3     
66466.002   3     
66499.335   3     
66532.668   3     
66566.001   3     
66599.334   3     
66632.667   3     
66666.000   3     
66699.333   3     
66732.666   3     
66765.999   3     
66799.332   3     
66832.665   3     
66865.998   3     
66899.331   3     
66932.664   3     
66965.997   3     
66999.330   3     
67032.663   3     
67065.996   3     
67099.329   3     
67132.662   3     
67165.995   3     
67199.328   3     
67232.661   3     
67265.994   3     
67299.327   3     
67332.660   3     
67365.993   3     
67399.326   3     
67432.659   3     
67465.992   3     
67499.325   3     
67532.658   3     
67565.991   3     
67599.324   3     
67632.657   3     
67665.990   3     
67699.323   3     
67732.656   3     
67765.989   3     
67799.322   3     
67832.655   3     
67865.988   3     
67899.321   3     
67932.654   3     
67965.987   3     
67999.320   3     
68032.653   3     
68065.986   3     
68099.319   3     
68132.652   3     
68165.985   3     
68199.318   3     
68232.651   3     
68265.984   3     
68299.317   3     
68332.650   3     
68365.983   3     
68399.316   3     
68432.649   3     
68465.982   3     
68499.315   3     
68532.648   3     
68565.981   3     
68599.314   3     
68632.647   3     
68665.980   3     
68699.313   5     
68732.646   5     
68765.979   5     
68799.312   5     
68832.645   5     
68865.978   5     
68899.311   5     
68932.644   5     
68965.977   5     
68999.310   5     
69032.643   5     
69065.976   5     
69099.309   5     
69132.642   5     
69165.975   5     
69199.308   5     
69232.641   5     
69265.974   5     
69299.307   5     
69332.640   5     
69365.973   5     
69399.306   5     
69432.639   5     
69465.972   5     
69499.305   5     
69532.638   5     
69565.971   5     
69599.304   5     
69632.637   5     
69665.970   5     
69699.303   5     
69732.636   5     
69765.969   5     
69799.302   5     
69832.635   5     
69865.968   5     
69899.301   5     
69932.634   5     
69965.967   5     
69999.300   5     
70032.633   5     
70065.966   5     
70099.299   5     
70132.632   5     
70165.965   5     
70199.298   5     
70232.631   5     
70265.964   5     
70299.297   5     
70332.630   5     
70365.963   5     
70399.296   5     
70432.629   5     
70465.962   5     
70499.295   5     
70532.628   5     
70565.961   5     
70599.294   5     
70632.627   5     
70665.960   5     
70699.293   5     
70732.626   5     
70765.959   5     
70799.292   5     
70832.625   5     
70865.958   5     
70899.291   5     
70932.624   5     
70965.957   5     
70999.290   5     
71032.623   5     
71065.956   5     
71099.289   5     
71132.622   5     
71165.955   5     
71199.288   5     
71232.621   5     
71265.954   5     
71299.287   5     
71332.620   5     
71365.953   5     
71399.286   5     
71432.619   5     
71465.952   5     
71499.285   7     
71532.618   7     
71565.951   7     
71599.284   7     
71632.617   7     
71665.950   7     
71699.283   7     
71732.616   7     
71765.949   7     
71799.282   7     
71832.615   7     
71865.948   7     
71899.281   7     
71932.614   7     
71965.947   7     
71999.280   7     
72032.613   7     
72065.946   7     
72099.279   7     
72132.612   7     
72165.945   7     
72199.278   7     
72232.611   7     
72265.944   7     
72299.277   7     
72332.610   7     
72365.943   7     
72399.276   7     
72432.609   7     
72465.942   7     
72499.275   7     
72532.608   7     
72565.941   7     
72599.274   7     
72632.607   7     
72665.940   7     
72699.273   7     
72732.606   7     
72765.939   7     
72799.272   7     
72832.605   7     
72865.938   7     
72899.271   7     
72932.604   7     
72965.937   7     
72999.270   7     
73032.603   7     
73065.936   7     
73099.269   7     
73132.602   7     
73165.935   7     
73199.268   7     
73232.601   7     
73265.934   7     
73299.267   7     
73332.600   7     
73365.933   7     
73399.266   7     
73432.599   7     
73465.932   7     
73499.265   7     
73532.598   7     
73565.931   7     
73599.264   7     
73632.597   7     
73665.930   7     
73699.263   7     
73732.596   7     
73765.929   7     
73799.262   7     
73832.595   7     
73865.928   7     
73899.261   7     
73932.594   7     
73965.927   7     
73999.260   7     
74032.593   7     
74065.926   7     
74099.259   7     
74132.592   7     
74165.925   7     
74199.258   7     
74232.591   7     
74265.924   7     
74299.257   7     
74332.590   7     
74365.923   7     
74399.256   7     
74432.589   7     
74465.922   7     
74499.255   7     
74532.588   7     
74565.921   7     
74599.254   7     
74632.587   7     
74665.920   7     
74699.253   7     
74732.586   7     
74765.919   7     
74799.252   7     
74832.585   7     
74865.918   7     
74899.251   7     
74932.584   7     
74965.917   7     
74999.250   7     
75032.583   7     
75065.916   7     
75099.249   7     
75132.582   7     
75165.915   7     
75199.248   7     
75232.581   7     
75265.914   7     
75299.247   7     
75332.580   7     
75365.913   7     
75399.246   7     
75432.579   7     
75465.912   3     
75499.245   3     
75532.578   3     
75565.911   3     
75599.244   3     
75632.577   3     
75665.910   3     
75699.243   3     
75732.576   3     
75765.909   3     
75799.242   3     
75832.575   3     
75865.908   3     
75899.241   3     
75932.574   3     
75965.907   3     
75999.240   3     
76032.573   3     
76065.906   3     
76099.239   3     
76132.572   3     
76165.905   3     
76199.238   3     
76232.571   3     
76265.904   3     
76299.237   3     
76332.570   3     
76365.903   3     
76399.236   3     
76432.569   3     
76465.902   3     
76499.235   3     
76532.568   3     
76565.901   3     
76599.234   3     
76632.567   3     
76665.900   3     
76699.233   3     
76732.566   3     
76765.899   3     
76799.232   3     
76832.565   3     
76865.898   3     
76899.231   3     
76932.564   3     
76965.897   3     
76999.230   3     
77032.563   3     
77065.896   3     
77099.229   3     
77132.562   3     
77165.895   3     
77199.228   3     
77232.561   3     
77265.894   3     
77299.227   3     
77332.560   3     
77365.893   3     
77399.226   3     
77432.559   3     
77465.892   3     
77499.225   3     
77532.558   3     
77565.891   3     
77599.224   3     
77632.557   5     
77665.890   5     
77699.223   5     
77732.556   5     
77765.889   5     
77799.222   5     
77832.555   5     
77865.888   5     
77899.221   5     
77932.554   5     
77965.887   5     
77999.220   5     
78032.553   5     
78065.886   5     
78099.219   5     
78132.552   5     
78165.885   5     
78199.218   5     
78232.551   5     
78265.884   5     
78299.217   5     
78332.550   5     
78365.883   5     
78399.216   5     
78432.549   5     
78465.882   5     
78499.215   5     
78532.548   5     
78565.881   5     
78599.214   5     
78632.547   5     
78665.880   5     
78699.213   5     
78732.546   5     
78765.879   5     
78799.212   5     
78832.545   5     
78865.878   5     
78899.211   5     
78932.544   5     
78965.877   5     
78999.210   5     
79032.543   5     
79065.876   5     
79099.209   5     
79132.542   5     
79165.875   5     
79199.208   5     
79232.541   5     
79265.874   5     
79299.207   5     
79332.540   5     
79365.873   5     
79399.206   5     
79432.539   5     
79465.872   5     
79499.205   5     
79532.538   5     
79565.871   5     
79599.204   5     
79632.537   5     
79665.870   5     
79699.203   5     
79732.536   5     
79765.869   5     
79799.202   5     
79832.535   5     
79865.868   5     
79899.201   5     
79932.534   5     
79965.867   5     
79999.200   5     
80032.533   5     
80065.866   5     
80099.199   5     
80132.532   5     
80165.865   5     
80199.198   5     
80232.531   5     
80265.864   5     
80299.197   5     
80332.530   5     
80365.863   5     
80399.196   7     
80432.529   7     
80465.862   7     
80499.195   7     
80532.528   7     
80565.861   7     
80599.194   7     
80632.527   7     
80665.860   7     
80699.193   7     
80732.526   7     
80765.859   7     
80799.192   7     
80832.525   7     
80865.858   7     
80899.191   7     
80932.524   7     
80965.857   7     
80999.190   7     
81032.523   7     
81065.856   7     
81099.189   7     
81132.522   7     
81165.855   7     
81199.188   7     
81232.521   7     
81265.854   7     
81299.187   7     
81332.520   7     
81365.853   7     
81399.186   7     
81432.519   7     
81465.852   7     
81499.185   7     
81532.518   7     
81565.851   7     
81599.184   7     
81632.517   7     
81665.850   7     
81699.183   7     
81732.516   7     
81765.849   7     
81799.182   7     
81832.515   7     
81865.848   7     
81899.181   7     
81932.514   7     
81965.847   7     
81999.180   7     
82032.513   7     
82065.846   7     
82099.179   7     
82132.512   7     
82165.845   7     
82199.178   7     
82232.511   7     
82265.844   7     
82299.177   7     
82332.510   7     
82365.843   7     
82399.176   7     
82432.509   7     
82465.842   7     
82499.175   7     
82532.508   7     
82565.841   7     
82599.174   7     
82632.507   7     
82665.840   7     
82699.173   7     
82732.506   7     
82765.839   7     
82799.172   7     
82832.505   7     
82865.838   7     
82899.171   7     
82932.504   7     
82965.837   7     
82999.170   7     
83032.503   7     
83065.836   7     
83099.169   7     
83132.502   7     
83165.835   7     
83199.168   7     
83232.501   7     
83265.834   7     
83299.167   7     
83332.500   7     
83365.833   7     
83399.166   7     
83432.499   7     
83465.832   7     
83499.165   7     
83532.498   7     
83565.831   7     
83599.164   7     
83632.497   7     
83665.830   7     
83699.163   7     
83732.496   7     
83765.829   7     
83799.162   7     
83832.495   7     
83865.828   7     
83899.161   7     
83932.494   7     
83965.827   7     
83999.160   7     
84032.493   7     
84065.826   7     
84099.159   8     
84132.492   8     
84165.825   8     
84199.158   8     
84232.491   8     
84265.824   8     
84299.157   8     
84332.490   8     
84365.823   8     
84399.156   8     
84432.489   8     
84465.822   8     
84499.155   8     
84532.488   8     
84565.821   8     
84599.154   8     
84632.487   8     
84665.820   8     
84699.153   8     
84732.486   8     
84765.819   8     
84799.152   8     
84832.485   8     
84865.818   8     
84899.151   8     
84932.484   8     
84965.817   8     
84999.150   8     
85032.483   8     
85065.816   8     
85099.149   8     
85132.482   8     
85165.815   8     
85199.148   8     
85232.481   8     
85265.814   8     
85299.147   8     
85332.480   8     
85365.813   8     
85399.146   8     
85432.479   8     
85465.812   8     
85499.145   8     
85532.478   8     
85565.811   8     
85599.144   8     
85632.477   8     
85665.810   8     
85699.143   8     
85732.476   8     
85765.809   8     
85799.142   8     
85832.475   8     
85865.808   8     
85899.141   8     
85932.474   8     
85965.807   8     
85999.140   8     
86032.473   8     
86065.806   8     
86099.139   8     
86132.472   8     
86165.805   8     
86199.138   8     
86232.471   8     
86265.804   8     
86299.137   8     
86332.470   8     
86365.803   8     
86399.136   8     
86432.469   8     
86465.802   8     
86499.135   8     
86532.468   8     
86565.801   8     
86599.134   8     
86632.467   8     
86665.800   8     
86699.133   8     
86732.466   8     
86765.799   8     
86799.132   8     
86832.465   8     
86865.798   8     
86899.131   8     
86932.464   8     
86965.797   8     
86999.130   8     
87032.463   8     
87065.796   8     
87099.129   8     
87132.462   8     
87165.795   8     
87199.128   8     
87232.461   8     
87265.794   8     
87299.127   8     
87332.460   8     
87365.793   8     
87399.126   8     
87432.459   8     
87465.792   8     
87499.125   8     
87532.458   8     
87565.791   8     
87599.124   8     
87632.457   8     
87665.790   8     
87699.123   8     
87732.456   8     
87765.789   8     
87799.122   8     
87832.455   8     
87865.788   8     
87899.121   8     
87932.454   8     
87965.787   8     
87999.120   8     
88032.453   8     
88065.786   8     
88099.119   8     
88132.452   8     
88165.785   8     
88199.118   8     
88232.451   8     
88265.784   8     
88299.117   8     
88332.450   8     
88365.783   8     
88399.116   8     
88432.449   8     
88465.782   8     
88499.115   8     
88532.448   8     
88565.781   8     
88599.114   8     
88632.447   8     
88665.780   8     
88699.113   8     
88732.446   8     
88765.779   8     
88799.112   8     
88832.445   8     
88865.778   8     
88899.111   8     
88932.444   8     
88965.777   8     
88999.110   8     
89032.443   8     
89065.776   8     
89099.109   8     
89132.442   8     
89165.775   8     
89199.108   8     
89232.441   3     
89265.774   3     
89299.107   3     
89332.440   3     
89365.773   3     
89399.106   3     
89432.439   3     
89465.772   3     
89499.105   3     
89532.438   3     
89565.771   3     
89599.104   3     
89632.437   3     
89665.770   3     
89699.103   3     
89732.436   3     
89765.769   3     
89799.102   3     
89832.435   3     
89865.768   3     
89899.101   3     
89932.434   3     
89965.767   3     
89999.100   3     
90032.433   3     
90065.766   3     
90099.099   3     
90132.432   3     
90165.765   3     
90199.098   3     
90232.431   3     
90265.764   3     
90299.097   3     
90332.430   3     
90365.763   3     
90399.096   3     
90432.429   3     
90465.762   3     
90499.095   3     
90532.428   3     
90565.761   3     
90599.094   3     
90632.427   3     
90665.760   3     
90699.093   3     
90732.426   3     
90765.759   3     
90799.092   3     
90832.425   3     
90865.758   3     
90899.091   3     
90932.424   3     
90965.757   3     
90999.090   3     
91032.423   3     
91065.756   3     
91099.089   3     
91132.422   3     
91165.755   3     
91199.088   3     
91232.421   3     
91265.754   3     
91299.087   3     
91332.420   3     
91365.753   3     
91399.086   3     
91432.419   3     
91465.752   3     
91499.085   3     
91532.418   3     
91565.751   3     
91599.084   3     
91632.417   3     
91665.750   3     
91699.083   3     
91732.416   3     
91765.749   3     
91799.082   3     
91832.415   3     
91865.748   3     
91899.081   3     
91932.414   3     
91965.747   3     
91999.080   3     
92032.413   3     
92065.746   3     
92099.079   3     
92132.412   3     
92165.745   3     
92199.078   3     
92232.411   3     
92265.744   3     
92299.077   3     
92332.410   3     
92365.743   3     
92399.076   3     
92432.409   3     
92465.742   3     
92499.075   3     
92532.408   3     
92565.741   3     
92599.074   3     
92632.407   3     
92665.740   3     
92699.073   3     
92732.406   3     
92765.739   3     
92799.072   3     
92832.405   3     
92865.738   3     
92899.071   3     
92932.404   3     
92965.737   3     
92999.070   3     
93032.403   3     
93065.736   3     
93099.069   3     
93132.402   3     
93165.735   3     
93199.068   3     
93232.401   3     
93265.734   3     
93299.067   3     
93332.400   3     
93365.733   3     
93399.066   3     
93432.399   3     
93465.732   3     
93499.065   3     
93532.398   3     
93565.731   3     
93599.064   3     
93632.397   3     
93665.730   3     
93699.063   3     
93732.396   3     
93765.729   3     
93799.062   3     
93832.395   3     
93865.728   3     
93899.061   3     
93932.394   3     
93965.727   3     
93999.060   3     
94032.393   3     
94065.726   3     
94099.059   3     
94132.392   3     
94165.725   3     
94199.058   3     
94232.391   3     
94265.724   3     
94299.057   3     
94332.390   3     
94365.723   3     
94399.056   3     
94432.389   3     
94465.722   3     
94499.055   3     
94532.388   3     
94565.721   3     
94599.054   3     
94632.387   3     
94665.720   3     
94699.053   3     
94732.386   3     
94765.719   3     
94799.052   3     
94832.385   3     
94865.718   3     
94899.051   3     
94932.384   3     
94965.717   3     
94999.050   3     
95032.383   3     
95065.716   3     
95099.049   3     
95132.382   3     
95165.715   3     
95199.048   3     
95232.381   3     
95265.714   3     
95299.047   3     
95332.380   3     
95365.713   3     
95399.046   3     
95432.379   3     
95465.712   3     
95499.045   3     
95532.378   3     
95565.711   3     
95599.044   3     
95632.377   3     
95665.710   3     
95699.043   3     
95732.376   3     
95765.709   3     
95799.042   3     
95832.375   3     
95865.708   3     
95899.041   3     
95932.374   3     
95965.707   3     
95999.040   6     
96032.373   6     
96065.706   6     
96099.039   6     
96132.372   6     
96165.705   6     
96199.038   6     
96232.371   6     
96265.704   6     
96299.037   6     
96332.370   6     
96365.703   6     
96399.036   6     
96432.369   6     
96465.702   6     
96499.035   6     
96532.368   6     
96565.701   6     
96599.034   6     
96632.367   6     
96665.700   6     
96699.033   6     
96732.366   6     
96765.699   6     
96799.032   6     
96832.365   6     
96865.698   6     
96899.031   6     
96932.364   6     
96965.697   6     
96999.030   6     
97032.363   6     
97065.696   6     
97099.029   6     
97132.362   6     
97165.695   6     
97199.028   6     
97232.361   6     
97265.694   6     
97299.027   6     
97332.360   6     
97365.693   6     
97399.026   6     
97432.359   6     
97465.692   6     
97499.025   6     
97532.358   6     
97565.691   6     
97599.024   6     
97632.357   6     
97665.690   6     
97699.023   6     
97732.356   6     
97765.689   6     
97799.022   6     
97832.355   6     
97865.688   6     
97899.021   6     
97932.354   6     
97965.687   6     
97999.020   6     
98032.353   6     
98065.686   6     
98099.019   6     
98132.352   6     
98165.685   6     
98199.018   6     
98232.351   6     
98265.684   6     
98299.017   6     
98332.350   6     
98365.683   6     
98399.016   6     
98432.349   6     
98465.682   6     
98499.015   6     
98532.348   7     
98565.681   7     
98599.014   7     
98632.347   7     
98665.680   7     
98699.013   7     
98732.346   7     
98765.679   7     
98799.012   7     
98832.345   7     
98865.678   7     
98899.011   7     
98932.344   7     
98965.677   7     
98999.010   7     
99032.343   7     
99065.676   7     
99099.009   7     
99132.342   7     
99165.675   7     
99199.008   7     
99232.341   7     
99265.674   7     
99299.007   7     
99332.340   7     
99365.673   7     
99399.006   7     
99432.339   7     
99465.672   7     
99499.005   7     
99532.338   7     
99565.671   7     
99599.004   7     
99632.337   7     
99665.670   7     
99699.003   7     
99732.336   7     
99765.669   7     
99799.002   7     
99832.335   7     
99865.668   7     
99899.001   7     
99932.334   7     
99965.667   7     
99999.000   7     
100032.333  7     
100065.666  7     
100098.999  7     
100132.332  7     
100165.665  7     
100198.998  7     
100232.331  7     
100265.664  7     
100298.997  7     
100332.330  7     
100365.663  7     
100398.996  7     
100432.329  7     
100465.662  7     
100498.995  7     
100532.328  7     
100565.661  7     
100598.994  7     
100632.327  7     
100665.660  7     
100698.993  7     
100732.326  7     
100765.659  7     
100798.992  7     
100832.325  7     
100865.658  7     
100898.991  7     
100932.324  7     
100965.657  7     
100998.990  7     
101032.323  7     
101065.656  7     
101098.989  7     
101132.322  7     
101165.655  7     
101198.988  7     
101232.321  7     
101265.654  7     
101298.987  7     
101332.320  7     
101365.653  7     
101398.986  7     
101432.319  7     
101465.652  7     
101498.985  7     
101532.318  7     
101565.651  7     
101598.984  7     
101632.317  7     
101665.650  7     
101698.983  7     
101732.316  7     
101765.649  7     
101798.982  7     
101832.315  7     
101865.648  7     
101898.981  7     
101932.314  7     
101965.647  7     
101998.980  7     
102032.313  7     
102065.646  7     
102098.979  7     
102132.312  7     
102165.645  7     
102198.978  7     
102232.311  7     
102265.644  7     
102298.977  7     
102332.310  7     
102365.643  7     
102398.976  7     
102432.309  7     
102465.642  7     
102498.975  7     
102532.308  7     
102565.641  7     
102598.974  7     
102632.307  7     
102665.640  7     
102698.973  8     
102732.306  8     
102765.639  8     
102798.972  8     
102832.305  8     
102865.638  8     
102898.971  8     
102932.304  8     
102965.637  8     
102998.970  8     
103032.303  8     
103065.636  8     
103098.969  8     
103132.302  8     
103165.635  8     
103198.968  8     
103232.301  8     
103265.634  8     
103298.967  8     
103332.300  8     
103365.633  8     
103398.966  8     
103432.299  8     
103465.632  8     
103498.965  8     
103532.298  8     
103565.631  8     
103598.964  8     
103632.297  8     
103665.630  8     
103698.963  8     
103732.296  8     
103765.629  8     
103798.962  8     
103832.295  8     
103865.628  8     
103898.961  8     
103932.294  8     
103965.627  8     
103998.960  8     
104032.293  8     
104065.626  8     
104098.959  8     
104132.292  8     
104165.625  8     
104198.958  8     
104232.291  8     
104265.624  8     
104298.957  8     
104332.290  8     
104365.623  8     
104398.956  8     
104432.289  8     
104465.622  8     
104498.955  8     
104532.288  8     
104565.621  8     
104598.954  8     
104632.287  8     
104665.620  8     
104698.953  8     
104732.286  8     
104765.619  8     
104798.952  8     
104832.285  8     
104865.618  8     
104898.951  8     
104932.284  8     
104965.617  8     
104998.950  8     
105032.283  8     
105065.616  8     
105098.949  8     
105132.282  8     
105165.615  8     
105198.948  8     
105232.281  8     
105265.614  8     
105298.947  8     
105332.280  8     
105365.613  8     
105398.946  8     
105432.279  8     
105465.612  8     
105498.945  8     
105532.278  8     
105565.611  8     
105598.944  8     
105632.277  8     
105665.610  8     
105698.943  8     
105732.276  8     
105765.609  8     
105798.942  8     
105832.275  8     
105865.608  8     
105898.941  8     
105932.274  8     
105965.607  8     
105998.940  8     
106032.273  8     
106065.606  8     
106098.939  8     
106132.272  8     
106165.605  8     
106198.938  8     
106232.271  8     
106265.604  8     
106298.937  8     
106332.270  8     
106365.603  8     
106398.936  8     
106432.269  8     
106465.602  8     
106498.935  8     
106532.268  8     
106565.601  8     
106598.934  8     
106632.267  8     
106665.600  8     
106698.933  8     
106732.266  8     
106765.599  8     
106798.932  8     
106832.265  8     
106865.598  8     
106898.931  8     
106932.264  8     
106965.597  8     
106998.930  8     
107032.263  8     
107065.596  8     
107098.929  8     
107132.262  8     
107165.595  8     
107198.928  1     
107232.261  1     
107265.594  1     
107298.927  1     
107332.260  1     
107365.593  1     
107398.926  1     
107432.259  1     
107465.592  1     
107498.925  1     
107532.258  1     
107565.591  1     
107598.924  1     
107632.257  1     
107665.590  1     
107698.923  1     
107732.256  1     
107765.589  1     
107798.922  1     
107832.255  1     
107865.588  1     
107898.921  1     
107932.254  1     
107965.587  1     
