Time (ms)   Label 
0.000       9     
33.333      9     
66.666      9     
99.999      9     
133.332     9     
166.665     9     
199.998     9     
233.331     9     
266.664     9     
299.997     9     
333.330     9     
366.663     9     
399.996     9     
433.329     9     
466.662     9     
499.995     9     
533.328     9     
566.661     9     
599.994     9     
633.327     9     
666.660     9     
699.993     9     
733.326     9     
766.659     9     
799.992     9     
833.325     9     
866.658     9     
899.991     9     
933.324     9     
966.657     9     
999.990     9     
1033.323    9     
1066.656    9     
1099.989    9     
1133.322    9     
1166.655    9     
1199.988    9     
1233.321    9     
1266.654    9     
1299.987    9     
1333.320    9     
1366.653    9     
1399.986    9     
1433.319    9     
1466.652    9     
1499.985    9     
1533.318    9     
1566.651    9     
1599.984    9     
1633.317    9     
1666.650    9     
1699.983    9     
1733.316    9     
1766.649    9     
1799.982    1     
1833.315    1     
1866.648    1     
1899.981    1     
1933.314    1     
1966.647    1     
1999.980    1     
2033.313    1     
2066.646    1     
2099.979    1     
2133.312    1     
2166.645    1     
2199.978    1     
2233.311    1     
2266.644    1     
2299.977    1     
2333.310    1     
2366.643    1     
2399.976    1     
2433.309    1     
2466.642    1     
2499.975    1     
2533.308    1     
2566.641    1     
2599.974    1     
2633.307    1     
2666.640    1     
2699.973    1     
2733.306    1     
2766.639    1     
2799.972    1     
2833.305    1     
2866.638    1     
2899.971    1     
2933.304    1     
2966.637    1     
2999.970    1     
3033.303    1     
3066.636    1     
3099.969    1     
3133.302    1     
3166.635    1     
3199.968    1     
3233.301    1     
3266.634    1     
3299.967    1     
3333.300    1     
3366.633    1     
3399.966    1     
3433.299    1     
3466.632    1     
3499.965    1     
3533.298    1     
3566.631    1     
3599.964    1     
3633.297    1     
3666.630    1     
3699.963    1     
3733.296    1     
3766.629    1     
3799.962    1     
3833.295    1     
3866.628    1     
3899.961    1     
3933.294    1     
3966.627    1     
3999.960    1     
4033.293    1     
4066.626    1     
4099.959    1     
4133.292    1     
4166.625    1     
4199.958    1     
4233.291    1     
4266.624    1     
4299.957    1     
4333.290    1     
4366.623    1     
4399.956    1     
4433.289    1     
4466.622    1     
4499.955    1     
4533.288    1     
4566.621    1     
4599.954    1     
4633.287    1     
4666.620    1     
4699.953    1     
4733.286    1     
4766.619    1     
4799.952    1     
4833.285    1     
4866.618    1     
4899.951    1     
4933.284    1     
4966.617    1     
4999.950    1     
5033.283    1     
5066.616    1     
5099.949    1     
5133.282    1     
5166.615    1     
5199.948    1     
5233.281    1     
5266.614    1     
5299.947    1     
5333.280    1     
5366.613    1     
5399.946    1     
5433.279    1     
5466.612    1     
5499.945    1     
5533.278    1     
5566.611    1     
5599.944    1     
5633.277    1     
5666.610    1     
5699.943    1     
5733.276    1     
5766.609    1     
5799.942    1     
5833.275    1     
5866.608    1     
5899.941    1     
5933.274    1     
5966.607    1     
5999.940    1     
6033.273    1     
6066.606    1     
6099.939    1     
6133.272    1     
6166.605    1     
6199.938    1     
6233.271    1     
6266.604    1     
6299.937    1     
6333.270    1     
6366.603    1     
6399.936    1     
6433.269    1     
6466.602    1     
6499.935    1     
6533.268    1     
6566.601    1     
6599.934    1     
6633.267    1     
6666.600    1     
6699.933    1     
6733.266    1     
6766.599    1     
6799.932    1     
6833.265    1     
6866.598    1     
6899.931    1     
6933.264    1     
6966.597    1     
6999.930    1     
7033.263    1     
7066.596    1     
7099.929    1     
7133.262    1     
7166.595    1     
7199.928    1     
7233.261    1     
7266.594    1     
7299.927    1     
7333.260    1     
7366.593    1     
7399.926    1     
7433.259    1     
7466.592    1     
7499.925    1     
7533.258    1     
7566.591    1     
7599.924    1     
7633.257    1     
7666.590    1     
7699.923    1     
7733.256    1     
7766.589    1     
7799.922    1     
7833.255    1     
7866.588    1     
7899.921    1     
7933.254    1     
7966.587    1     
7999.920    1     
8033.253    1     
8066.586    1     
8099.919    1     
8133.252    1     
8166.585    1     
8199.918    1     
8233.251    1     
8266.584    1     
8299.917    1     
8333.250    1     
8366.583    1     
8399.916    1     
8433.249    1     
8466.582    1     
8499.915    1     
8533.248    1     
8566.581    1     
8599.914    1     
8633.247    1     
8666.580    1     
8699.913    1     
8733.246    1     
8766.579    1     
8799.912    1     
8833.245    1     
8866.578    1     
8899.911    1     
8933.244    1     
8966.577    1     
8999.910    1     
9033.243    1     
9066.576    1     
9099.909    1     
9133.242    1     
9166.575    1     
9199.908    1     
9233.241    1     
9266.574    1     
9299.907    1     
9333.240    1     
9366.573    1     
9399.906    1     
9433.239    1     
9466.572    1     
9499.905    1     
9533.238    1     
9566.571    1     
9599.904    1     
9633.237    1     
9666.570    1     
9699.903    1     
9733.236    1     
9766.569    1     
9799.902    1     
9833.235    1     
9866.568    1     
9899.901    1     
9933.234    1     
9966.567    1     
9999.900    1     
10033.233   1     
10066.566   1     
10099.899   1     
10133.232   1     
10166.565   1     
10199.898   1     
10233.231   1     
10266.564   1     
10299.897   1     
10333.230   1     
10366.563   1     
10399.896   1     
10433.229   1     
10466.562   1     
10499.895   1     
10533.228   1     
10566.561   1     
10599.894   1     
10633.227   1     
10666.560   1     
10699.893   1     
10733.226   1     
10766.559   1     
10799.892   1     
10833.225   1     
10866.558   1     
10899.891   1     
10933.224   1     
10966.557   1     
10999.890   1     
11033.223   1     
11066.556   1     
11099.889   1     
11133.222   1     
11166.555   1     
11199.888   1     
11233.221   1     
11266.554   1     
11299.887   1     
11333.220   1     
11366.553   1     
11399.886   1     
11433.219   1     
11466.552   1     
11499.885   1     
11533.218   1     
11566.551   1     
11599.884   1     
11633.217   1     
11666.550   1     
11699.883   1     
11733.216   1     
11766.549   1     
11799.882   1     
11833.215   1     
11866.548   1     
11899.881   1     
11933.214   1     
11966.547   1     
11999.880   1     
12033.213   1     
12066.546   1     
12099.879   1     
12133.212   1     
12166.545   1     
12199.878   2     
12233.211   2     
12266.544   2     
12299.877   2     
12333.210   2     
12366.543   2     
12399.876   2     
12433.209   2     
12466.542   2     
12499.875   2     
12533.208   2     
12566.541   2     
12599.874   2     
12633.207   2     
12666.540   2     
12699.873   2     
12733.206   2     
12766.539   2     
12799.872   2     
12833.205   2     
12866.538   2     
12899.871   2     
12933.204   2     
12966.537   2     
12999.870   2     
13033.203   2     
13066.536   2     
13099.869   2     
13133.202   2     
13166.535   2     
13199.868   2     
13233.201   2     
13266.534   2     
13299.867   2     
13333.200   2     
13366.533   2     
13399.866   2     
13433.199   2     
13466.532   2     
13499.865   2     
13533.198   2     
13566.531   2     
13599.864   2     
13633.197   2     
13666.530   2     
13699.863   2     
13733.196   2     
13766.529   2     
13799.862   2     
13833.195   2     
13866.528   2     
13899.861   2     
13933.194   2     
13966.527   2     
13999.860   2     
14033.193   2     
14066.526   2     
14099.859   2     
14133.192   2     
14166.525   2     
14199.858   2     
14233.191   2     
14266.524   2     
14299.857   2     
14333.190   2     
14366.523   2     
14399.856   2     
14433.189   2     
14466.522   2     
14499.855   2     
14533.188   2     
14566.521   2     
14599.854   2     
14633.187   2     
14666.520   2     
14699.853   2     
14733.186   2     
14766.519   2     
14799.852   2     
14833.185   2     
14866.518   2     
14899.851   2     
14933.184   2     
14966.517   2     
14999.850   2     
15033.183   2     
15066.516   2     
15099.849   2     
15133.182   2     
15166.515   2     
15199.848   2     
15233.181   2     
15266.514   2     
15299.847   2     
15333.180   2     
15366.513   2     
15399.846   2     
15433.179   2     
15466.512   2     
15499.845   2     
15533.178   2     
15566.511   2     
15599.844   2     
15633.177   2     
15666.510   2     
15699.843   2     
15733.176   2     
15766.509   2     
15799.842   2     
15833.175   2     
15866.508   2     
15899.841   2     
15933.174   2     
15966.507   2     
15999.840   2     
16033.173   2     
16066.506   2     
16099.839   2     
16133.172   2     
16166.505   2     
16199.838   2     
16233.171   2     
16266.504   2     
16299.837   2     
16333.170   2     
16366.503   2     
16399.836   2     
16433.169   2     
16466.502   2     
16499.835   2     
16533.168   2     
16566.501   2     
16599.834   2     
16633.167   2     
16666.500   2     
16699.833   2     
16733.166   2     
16766.499   2     
16799.832   2     
16833.165   2     
16866.498   2     
16899.831   2     
16933.164   2     
16966.497   2     
16999.830   2     
17033.163   2     
17066.496   2     
17099.829   2     
17133.162   2     
17166.495   2     
17199.828   2     
17233.161   2     
17266.494   2     
17299.827   2     
17333.160   2     
17366.493   2     
17399.826   2     
17433.159   2     
17466.492   2     
17499.825   2     
17533.158   2     
17566.491   2     
17599.824   2     
17633.157   2     
17666.490   2     
17699.823   2     
17733.156   2     
17766.489   2     
17799.822   2     
17833.155   2     
17866.488   2     
17899.821   2     
17933.154   2     
17966.487   2     
17999.820   2     
18033.153   2     
18066.486   2     
18099.819   2     
18133.152   2     
18166.485   2     
18199.818   2     
18233.151   2     
18266.484   2     
18299.817   2     
18333.150   2     
18366.483   2     
18399.816   2     
18433.149   2     
18466.482   2     
18499.815   2     
18533.148   2     
18566.481   2     
18599.814   2     
18633.147   2     
18666.480   2     
18699.813   2     
18733.146   2     
18766.479   2     
18799.812   2     
18833.145   2     
18866.478   2     
18899.811   2     
18933.144   2     
18966.477   2     
18999.810   2     
19033.143   2     
19066.476   2     
19099.809   2     
19133.142   2     
19166.475   2     
19199.808   2     
19233.141   2     
19266.474   2     
19299.807   2     
19333.140   2     
19366.473   2     
19399.806   2     
19433.139   2     
19466.472   2     
19499.805   2     
19533.138   2     
19566.471   2     
19599.804   2     
19633.137   2     
19666.470   2     
19699.803   2     
19733.136   2     
19766.469   2     
19799.802   2     
19833.135   2     
19866.468   2     
19899.801   2     
19933.134   2     
19966.467   2     
19999.800   2     
20033.133   2     
20066.466   2     
20099.799   2     
20133.132   2     
20166.465   2     
20199.798   2     
20233.131   2     
20266.464   2     
20299.797   2     
20333.130   2     
20366.463   2     
20399.796   2     
20433.129   2     
20466.462   2     
20499.795   2     
20533.128   2     
20566.461   2     
20599.794   2     
20633.127   2     
20666.460   2     
20699.793   2     
20733.126   2     
20766.459   2     
20799.792   2     
20833.125   2     
20866.458   2     
20899.791   2     
20933.124   2     
20966.457   2     
20999.790   2     
21033.123   2     
21066.456   2     
21099.789   2     
21133.122   2     
21166.455   2     
21199.788   2     
21233.121   2     
21266.454   2     
21299.787   2     
21333.120   2     
21366.453   2     
21399.786   2     
21433.119   2     
21466.452   2     
21499.785   2     
21533.118   2     
21566.451   2     
21599.784   2     
21633.117   2     
21666.450   2     
21699.783   2     
21733.116   2     
21766.449   2     
21799.782   2     
21833.115   2     
21866.448   2     
21899.781   2     
21933.114   2     
21966.447   2     
21999.780   2     
22033.113   2     
22066.446   2     
22099.779   2     
22133.112   2     
22166.445   2     
22199.778   2     
22233.111   2     
22266.444   2     
22299.777   2     
22333.110   2     
22366.443   2     
22399.776   2     
22433.109   2     
22466.442   2     
22499.775   2     
22533.108   2     
22566.441   2     
22599.774   2     
22633.107   2     
22666.440   2     
22699.773   2     
22733.106   2     
22766.439   2     
22799.772   2     
22833.105   2     
22866.438   2     
22899.771   2     
22933.104   2     
22966.437   2     
22999.770   2     
23033.103   2     
23066.436   2     
23099.769   2     
23133.102   2     
23166.435   2     
23199.768   2     
23233.101   2     
23266.434   2     
23299.767   2     
23333.100   2     
23366.433   2     
23399.766   2     
23433.099   2     
23466.432   2     
23499.765   2     
23533.098   2     
23566.431   2     
23599.764   2     
23633.097   2     
23666.430   2     
23699.763   2     
23733.096   2     
23766.429   2     
23799.762   2     
23833.095   2     
23866.428   2     
23899.761   2     
23933.094   2     
23966.427   2     
23999.760   2     
24033.093   2     
24066.426   2     
24099.759   2     
24133.092   2     
24166.425   2     
24199.758   2     
24233.091   2     
24266.424   2     
24299.757   2     
24333.090   2     
24366.423   2     
24399.756   2     
24433.089   2     
24466.422   2     
24499.755   3     
24533.088   3     
24566.421   3     
24599.754   3     
24633.087   3     
24666.420   3     
24699.753   3     
24733.086   3     
24766.419   3     
24799.752   3     
24833.085   3     
24866.418   3     
24899.751   3     
24933.084   3     
24966.417   3     
24999.750   3     
25033.083   3     
25066.416   3     
25099.749   3     
25133.082   3     
25166.415   3     
25199.748   3     
25233.081   3     
25266.414   3     
25299.747   3     
25333.080   3     
25366.413   3     
25399.746   3     
25433.079   3     
25466.412   3     
25499.745   3     
25533.078   3     
25566.411   3     
25599.744   3     
25633.077   3     
25666.410   3     
25699.743   3     
25733.076   3     
25766.409   3     
25799.742   3     
25833.075   3     
25866.408   3     
25899.741   3     
25933.074   3     
25966.407   3     
25999.740   3     
26033.073   3     
26066.406   3     
26099.739   3     
26133.072   3     
26166.405   3     
26199.738   3     
26233.071   3     
26266.404   3     
26299.737   3     
26333.070   4     
26366.403   4     
26399.736   4     
26433.069   4     
26466.402   4     
26499.735   4     
26533.068   4     
26566.401   4     
26599.734   4     
26633.067   4     
26666.400   4     
26699.733   4     
26733.066   4     
26766.399   4     
26799.732   4     
26833.065   4     
26866.398   4     
26899.731   4     
26933.064   4     
26966.397   4     
26999.730   4     
27033.063   4     
27066.396   4     
27099.729   4     
27133.062   4     
27166.395   4     
27199.728   4     
27233.061   4     
27266.394   4     
27299.727   4     
27333.060   4     
27366.393   4     
27399.726   4     
27433.059   4     
27466.392   4     
27499.725   4     
27533.058   4     
27566.391   4     
27599.724   4     
27633.057   4     
27666.390   4     
27699.723   4     
27733.056   4     
27766.389   4     
27799.722   4     
27833.055   4     
27866.388   4     
27899.721   4     
27933.054   4     
27966.387   4     
27999.720   4     
28033.053   4     
28066.386   4     
28099.719   4     
28133.052   4     
28166.385   4     
28199.718   4     
28233.051   4     
28266.384   4     
28299.717   4     
28333.050   4     
28366.383   4     
28399.716   4     
28433.049   4     
28466.382   4     
28499.715   4     
28533.048   4     
28566.381   4     
28599.714   4     
28633.047   4     
28666.380   4     
28699.713   4     
28733.046   4     
28766.379   4     
28799.712   4     
28833.045   4     
28866.378   4     
28899.711   4     
28933.044   4     
28966.377   4     
28999.710   4     
29033.043   4     
29066.376   4     
29099.709   4     
29133.042   4     
29166.375   4     
29199.708   4     
29233.041   4     
29266.374   4     
29299.707   7     
29333.040   7     
29366.373   7     
29399.706   7     
29433.039   7     
29466.372   7     
29499.705   7     
29533.038   7     
29566.371   7     
29599.704   7     
29633.037   7     
29666.370   7     
29699.703   7     
29733.036   7     
29766.369   7     
29799.702   7     
29833.035   7     
29866.368   7     
29899.701   7     
29933.034   7     
29966.367   7     
29999.700   7     
30033.033   7     
30066.366   7     
30099.699   7     
30133.032   7     
30166.365   7     
30199.698   7     
30233.031   7     
30266.364   7     
30299.697   7     
30333.030   7     
30366.363   7     
30399.696   7     
30433.029   7     
30466.362   7     
30499.695   7     
30533.028   7     
30566.361   7     
30599.694   7     
30633.027   7     
30666.360   7     
30699.693   7     
30733.026   7     
30766.359   7     
30799.692   7     
30833.025   7     
30866.358   7     
30899.691   7     
30933.024   7     
30966.357   7     
30999.690   7     
31033.023   7     
31066.356   7     
31099.689   7     
31133.022   7     
31166.355   7     
31199.688   7     
31233.021   7     
31266.354   7     
31299.687   7     
31333.020   7     
31366.353   7     
31399.686   7     
31433.019   7     
31466.352   7     
31499.685   7     
31533.018   7     
31566.351   7     
31599.684   7     
31633.017   7     
31666.350   7     
31699.683   7     
31733.016   7     
31766.349   7     
31799.682   7     
31833.015   7     
31866.348   7     
31899.681   7     
31933.014   7     
31966.347   7     
31999.680   7     
32033.013   7     
32066.346   7     
32099.679   7     
32133.012   7     
32166.345   7     
32199.678   7     
32233.011   7     
32266.344   7     
32299.677   7     
32333.010   7     
32366.343   7     
32399.676   7     
32433.009   7     
32466.342   7     
32499.675   7     
32533.008   7     
32566.341   7     
32599.674   7     
32633.007   7     
32666.340   7     
32699.673   7     
32733.006   7     
32766.339   7     
32799.672   7     
32833.005   7     
32866.338   7     
32899.671   7     
32933.004   7     
32966.337   7     
32999.670   7     
33033.003   7     
33066.336   7     
33099.669   7     
33133.002   7     
33166.335   7     
33199.668   7     
33233.001   7     
33266.334   7     
33299.667   7     
33333.000   7     
33366.333   7     
33399.666   7     
33432.999   7     
33466.332   7     
33499.665   7     
33532.998   7     
33566.331   7     
33599.664   7     
33632.997   7     
33666.330   7     
33699.663   7     
33732.996   7     
33766.329   7     
33799.662   7     
33832.995   7     
33866.328   7     
33899.661   7     
33932.994   7     
33966.327   7     
33999.660   7     
34032.993   7     
34066.326   7     
34099.659   7     
34132.992   7     
34166.325   7     
34199.658   7     
34232.991   7     
34266.324   7     
34299.657   7     
34332.990   7     
34366.323   7     
34399.656   7     
34432.989   7     
34466.322   7     
34499.655   7     
34532.988   7     
34566.321   7     
34599.654   7     
34632.987   7     
34666.320   7     
34699.653   7     
34732.986   7     
34766.319   7     
34799.652   7     
34832.985   7     
34866.318   7     
34899.651   7     
34932.984   8     
34966.317   8     
34999.650   8     
35032.983   8     
35066.316   8     
35099.649   8     
35132.982   8     
35166.315   8     
35199.648   8     
35232.981   8     
35266.314   8     
35299.647   8     
35332.980   8     
35366.313   8     
35399.646   8     
35432.979   8     
35466.312   8     
35499.645   8     
35532.978   8     
35566.311   8     
35599.644   8     
35632.977   8     
35666.310   8     
35699.643   8     
35732.976   8     
35766.309   8     
35799.642   8     
35832.975   8     
35866.308   8     
35899.641   8     
35932.974   8     
35966.307   8     
35999.640   8     
36032.973   8     
36066.306   8     
36099.639   8     
36132.972   8     
36166.305   8     
36199.638   8     
36232.971   8     
36266.304   8     
36299.637   8     
36332.970   8     
36366.303   8     
36399.636   8     
36432.969   8     
36466.302   8     
36499.635   8     
36532.968   8     
36566.301   8     
36599.634   8     
36632.967   8     
36666.300   8     
36699.633   8     
36732.966   8     
36766.299   8     
36799.632   8     
36832.965   8     
36866.298   8     
36899.631   8     
36932.964   8     
36966.297   8     
36999.630   8     
37032.963   8     
37066.296   8     
37099.629   8     
37132.962   8     
37166.295   8     
37199.628   8     
37232.961   8     
37266.294   8     
37299.627   8     
37332.960   8     
37366.293   8     
37399.626   8     
37432.959   8     
37466.292   8     
37499.625   8     
37532.958   8     
37566.291   8     
37599.624   8     
37632.957   8     
37666.290   8     
37699.623   8     
37732.956   8     
37766.289   8     
37799.622   8     
37832.955   8     
37866.288   8     
37899.621   8     
37932.954   8     
37966.287   8     
37999.620   8     
38032.953   8     
38066.286   8     
38099.619   8     
38132.952   8     
38166.285   8     
38199.618   8     
38232.951   8     
38266.284   8     
38299.617   8     
38332.950   8     
38366.283   8     
38399.616   8     
38432.949   8     
38466.282   8     
38499.615   8     
38532.948   8     
38566.281   8     
38599.614   8     
38632.947   8     
38666.280   8     
38699.613   8     
38732.946   8     
38766.279   8     
38799.612   8     
38832.945   8     
38866.278   8     
38899.611   8     
38932.944   8     
38966.277   8     
38999.610   8     
39032.943   8     
39066.276   8     
39099.609   8     
39132.942   8     
39166.275   8     
39199.608   8     
39232.941   8     
39266.274   8     
39299.607   8     
39332.940   8     
39366.273   8     
39399.606   8     
39432.939   8     
39466.272   8     
39499.605   8     
39532.938   8     
39566.271   8     
39599.604   8     
39632.937   8     
39666.270   8     
39699.603   8     
39732.936   8     
39766.269   8     
39799.602   8     
39832.935   8     
39866.268   8     
39899.601   8     
39932.934   8     
39966.267   8     
39999.600   8     
40032.933   8     
40066.266   8     
40099.599   8     
40132.932   8     
40166.265   8     
40199.598   8     
40232.931   8     
40266.264   8     
40299.597   8     
40332.930   8     
40366.263   8     
40399.596   8     
40432.929   8     
40466.262   8     
40499.595   8     
40532.928   8     
40566.261   8     
40599.594   8     
40632.927   8     
40666.260   8     
40699.593   8     
40732.926   8     
40766.259   8     
40799.592   8     
40832.925   8     
40866.258   8     
40899.591   8     
40932.924   8     
40966.257   8     
40999.590   8     
41032.923   8     
41066.256   8     
41099.589   8     
41132.922   8     
41166.255   8     
41199.588   8     
41232.921   8     
41266.254   8     
41299.587   8     
41332.920   8     
41366.253   8     
41399.586   8     
41432.919   8     
41466.252   8     
41499.585   8     
41532.918   8     
41566.251   8     
41599.584   8     
41632.917   8     
41666.250   8     
41699.583   8     
41732.916   8     
41766.249   8     
41799.582   8     
41832.915   8     
41866.248   8     
41899.581   8     
41932.914   8     
41966.247   8     
41999.580   8     
42032.913   8     
42066.246   8     
42099.579   8     
42132.912   8     
42166.245   8     
42199.578   8     
42232.911   8     
42266.244   8     
42299.577   8     
42332.910   8     
42366.243   8     
42399.576   8     
42432.909   8     
42466.242   8     
42499.575   8     
42532.908   8     
42566.241   8     
42599.574   8     
42632.907   8     
42666.240   8     
42699.573   8     
42732.906   8     
42766.239   8     
42799.572   8     
42832.905   8     
42866.238   8     
42899.571   8     
42932.904   8     
42966.237   8     
42999.570   8     
43032.903   8     
43066.236   8     
43099.569   8     
43132.902   8     
43166.235   8     
43199.568   8     
43232.901   8     
43266.234   8     
43299.567   8     
43332.900   8     
43366.233   8     
43399.566   8     
43432.899   8     
43466.232   8     
43499.565   8     
43532.898   8     
43566.231   8     
43599.564   8     
43632.897   8     
43666.230   8     
43699.563   8     
43732.896   8     
43766.229   8     
43799.562   8     
43832.895   8     
43866.228   8     
43899.561   8     
43932.894   8     
43966.227   8     
43999.560   8     
44032.893   8     
44066.226   8     
44099.559   8     
44132.892   8     
44166.225   8     
44199.558   8     
44232.891   8     
44266.224   8     
44299.557   8     
44332.890   8     
44366.223   8     
44399.556   8     
44432.889   8     
44466.222   8     
44499.555   8     
44532.888   8     
44566.221   8     
44599.554   8     
44632.887   8     
44666.220   8     
44699.553   8     
44732.886   8     
44766.219   8     
44799.552   8     
44832.885   8     
44866.218   8     
44899.551   8     
44932.884   8     
44966.217   8     
44999.550   8     
45032.883   8     
45066.216   8     
45099.549   8     
45132.882   8     
45166.215   8     
45199.548   8     
45232.881   8     
45266.214   8     
45299.547   8     
45332.880   8     
45366.213   8     
45399.546   8     
45432.879   8     
45466.212   8     
45499.545   8     
45532.878   8     
45566.211   8     
45599.544   8     
45632.877   8     
45666.210   8     
45699.543   8     
45732.876   8     
45766.209   8     
45799.542   8     
45832.875   8     
45866.208   8     
45899.541   8     
45932.874   8     
45966.207   8     
45999.540   8     
46032.873   8     
46066.206   8     
46099.539   8     
46132.872   8     
46166.205   8     
46199.538   8     
46232.871   8     
46266.204   8     
46299.537   8     
46332.870   8     
46366.203   8     
46399.536   8     
46432.869   8     
46466.202   8     
46499.535   8     
46532.868   8     
46566.201   8     
46599.534   8     
46632.867   8     
46666.200   8     
46699.533   8     
46732.866   8     
46766.199   8     
46799.532   8     
46832.865   8     
46866.198   8     
46899.531   8     
46932.864   8     
46966.197   8     
46999.530   8     
47032.863   8     
47066.196   8     
47099.529   8     
47132.862   8     
47166.195   8     
47199.528   8     
47232.861   8     
47266.194   8     
47299.527   8     
47332.860   8     
47366.193   8     
47399.526   8     
47432.859   8     
47466.192   8     
47499.525   8     
47532.858   8     
47566.191   8     
47599.524   8     
47632.857   8     
47666.190   8     
47699.523   8     
47732.856   8     
47766.189   8     
47799.522   8     
47832.855   8     
47866.188   8     
47899.521   8     
47932.854   8     
47966.187   8     
47999.520   8     
48032.853   8     
48066.186   8     
48099.519   8     
48132.852   8     
48166.185   8     
48199.518   8     
48232.851   8     
48266.184   8     
48299.517   8     
48332.850   8     
48366.183   8     
48399.516   8     
48432.849   8     
48466.182   8     
48499.515   8     
48532.848   8     
48566.181   8     
48599.514   8     
48632.847   8     
48666.180   8     
48699.513   8     
48732.846   8     
48766.179   8     
48799.512   8     
48832.845   8     
48866.178   8     
48899.511   8     
48932.844   8     
48966.177   8     
48999.510   8     
49032.843   8     
49066.176   8     
49099.509   8     
49132.842   8     
49166.175   8     
49199.508   8     
49232.841   8     
49266.174   8     
49299.507   8     
49332.840   8     
49366.173   8     
49399.506   8     
49432.839   8     
49466.172   8     
49499.505   8     
49532.838   8     
49566.171   8     
49599.504   8     
49632.837   8     
49666.170   8     
49699.503   8     
49732.836   8     
49766.169   8     
49799.502   8     
49832.835   8     
49866.168   8     
49899.501   8     
49932.834   8     
49966.167   8     
49999.500   8     
50032.833   8     
50066.166   8     
50099.499   8     
50132.832   8     
50166.165   8     
50199.498   8     
50232.831   8     
50266.164   8     
50299.497   8     
50332.830   8     
50366.163   8     
50399.496   8     
50432.829   8     
50466.162   8     
50499.495   8     
50532.828   8     
50566.161   8     
50599.494   8     
50632.827   8     
50666.160   8     
50699.493   8     
50732.826   8     
50766.159   8     
50799.492   8     
50832.825   8     
50866.158   8     
50899.491   8     
50932.824   8     
50966.157   8     
50999.490   8     
51032.823   8     
51066.156   8     
51099.489   8     
51132.822   8     
51166.155   8     
51199.488   8     
51232.821   8     
51266.154   8     
51299.487   8     
51332.820   8     
51366.153   8     
51399.486   8     
51432.819   8     
51466.152   8     
51499.485   8     
51532.818   8     
51566.151   8     
51599.484   8     
51632.817   8     
51666.150   8     
51699.483   8     
51732.816   8     
51766.149   8     
51799.482   8     
51832.815   8     
51866.148   8     
51899.481   8     
51932.814   8     
51966.147   8     
51999.480   8     
52032.813   8     
52066.146   8     
52099.479   8     
52132.812   8     
52166.145   8     
52199.478   8     
52232.811   8     
52266.144   8     
52299.477   8     
52332.810   8     
52366.143   8     
52399.476   8     
52432.809   8     
52466.142   8     
52499.475   8     
52532.808   8     
52566.141   8     
52599.474   8     
52632.807   8     
52666.140   8     
52699.473   8     
52732.806   8     
52766.139   8     
52799.472   8     
52832.805   8     
52866.138   8     
52899.471   8     
52932.804   8     
52966.137   8     
52999.470   8     
53032.803   8     
53066.136   8     
53099.469   8     
53132.802   8     
53166.135   8     
53199.468   8     
53232.801   8     
53266.134   8     
53299.467   8     
53332.800   8     
53366.133   8     
53399.466   8     
53432.799   8     
53466.132   8     
53499.465   8     
53532.798   8     
53566.131   8     
53599.464   8     
53632.797   8     
53666.130   8     
53699.463   8     
53732.796   8     
53766.129   8     
53799.462   8     
53832.795   8     
53866.128   8     
53899.461   8     
53932.794   8     
53966.127   8     
53999.460   8     
54032.793   8     
54066.126   8     
54099.459   8     
54132.792   8     
54166.125   8     
54199.458   8     
54232.791   8     
54266.124   8     
54299.457   8     
54332.790   8     
54366.123   8     
54399.456   8     
54432.789   8     
54466.122   8     
54499.455   8     
54532.788   8     
54566.121   8     
54599.454   8     
54632.787   8     
54666.120   8     
54699.453   8     
54732.786   8     
54766.119   8     
54799.452   8     
54832.785   8     
54866.118   8     
54899.451   8     
54932.784   8     
54966.117   8     
54999.450   8     
55032.783   8     
55066.116   8     
55099.449   8     
55132.782   8     
55166.115   8     
55199.448   8     
55232.781   8     
55266.114   8     
55299.447   8     
55332.780   8     
55366.113   8     
55399.446   8     
55432.779   8     
55466.112   8     
55499.445   8     
55532.778   8     
55566.111   8     
55599.444   8     
55632.777   8     
55666.110   8     
55699.443   8     
55732.776   8     
55766.109   8     
55799.442   8     
55832.775   8     
55866.108   8     
55899.441   8     
55932.774   8     
55966.107   8     
55999.440   8     
56032.773   8     
56066.106   8     
56099.439   8     
56132.772   8     
56166.105   8     
56199.438   8     
56232.771   8     
56266.104   8     
56299.437   8     
56332.770   8     
56366.103   8     
56399.436   8     
56432.769   8     
56466.102   8     
56499.435   8     
56532.768   8     
56566.101   8     
56599.434   8     
56632.767   8     
56666.100   8     
56699.433   8     
56732.766   8     
56766.099   8     
56799.432   8     
56832.765   8     
56866.098   8     
56899.431   8     
56932.764   8     
56966.097   8     
56999.430   8     
57032.763   8     
57066.096   8     
57099.429   8     
57132.762   8     
57166.095   8     
57199.428   8     
57232.761   8     
57266.094   8     
57299.427   8     
57332.760   8     
57366.093   8     
57399.426   8     
57432.759   8     
57466.092   8     
57499.425   8     
57532.758   8     
57566.091   8     
57599.424   8     
57632.757   8     
57666.090   8     
57699.423   8     
57732.756   8     
57766.089   8     
57799.422   8     
57832.755   8     
57866.088   8     
57899.421   8     
57932.754   8     
57966.087   8     
57999.420   8     
58032.753   8     
58066.086   8     
58099.419   8     
58132.752   8     
58166.085   8     
58199.418   8     
58232.751   8     
58266.084   8     
58299.417   8     
58332.750   8     
58366.083   8     
58399.416   8     
58432.749   8     
58466.082   8     
58499.415   8     
58532.748   8     
58566.081   8     
58599.414   8     
58632.747   8     
58666.080   8     
58699.413   8     
58732.746   8     
58766.079   8     
58799.412   8     
58832.745   8     
58866.078   8     
58899.411   8     
58932.744   8     
58966.077   8     
58999.410   3     
59032.743   3     
59066.076   3     
59099.409   3     
59132.742   3     
59166.075   3     
59199.408   3     
59232.741   3     
59266.074   3     
59299.407   3     
59332.740   3     
59366.073   3     
59399.406   3     
59432.739   3     
59466.072   3     
59499.405   3     
59532.738   3     
59566.071   3     
59599.404   3     
59632.737   3     
59666.070   3     
59699.403   3     
59732.736   3     
59766.069   3     
59799.402   3     
59832.735   3     
59866.068   3     
59899.401   3     
59932.734   3     
59966.067   3     
59999.400   3     
60032.733   3     
60066.066   3     
60099.399   3     
60132.732   3     
60166.065   3     
60199.398   3     
60232.731   3     
60266.064   3     
60299.397   3     
60332.730   3     
60366.063   3     
60399.396   3     
60432.729   3     
60466.062   3     
60499.395   3     
60532.728   3     
60566.061   3     
60599.394   3     
60632.727   3     
60666.060   3     
60699.393   3     
60732.726   3     
60766.059   3     
60799.392   3     
60832.725   3     
60866.058   3     
60899.391   3     
60932.724   3     
60966.057   3     
60999.390   3     
61032.723   3     
61066.056   3     
61099.389   3     
61132.722   3     
61166.055   3     
61199.388   3     
61232.721   3     
61266.054   3     
61299.387   3     
61332.720   3     
61366.053   3     
61399.386   3     
61432.719   3     
61466.052   3     
61499.385   3     
61532.718   3     
61566.051   3     
61599.384   3     
61632.717   3     
61666.050   3     
61699.383   3     
61732.716   3     
61766.049   3     
61799.382   3     
61832.715   3     
61866.048   3     
61899.381   3     
61932.714   3     
61966.047   3     
61999.380   3     
62032.713   3     
62066.046   3     
62099.379   3     
62132.712   3     
62166.045   3     
62199.378   3     
62232.711   3     
62266.044   3     
62299.377   3     
62332.710   3     
62366.043   3     
62399.376   3     
62432.709   3     
62466.042   3     
62499.375   3     
62532.708   3     
62566.041   3     
62599.374   3     
62632.707   3     
62666.040   3     
62699.373   3     
62732.706   3     
62766.039   3     
62799.372   3     
62832.705   3     
62866.038   3     
62899.371   3     
62932.704   3     
62966.037   3     
62999.370   3     
63032.703   5     
63066.036   5     
63099.369   5     
63132.702   5     
63166.035   5     
63199.368   5     
63232.701   5     
63266.034   5     
63299.367   5     
63332.700   5     
63366.033   5     
63399.366   5     
63432.699   5     
63466.032   5     
63499.365   5     
63532.698   5     
63566.031   5     
63599.364   5     
63632.697   5     
63666.030   5     
63699.363   5     
63732.696   5     
63766.029   5     
63799.362   5     
63832.695   5     
63866.028   5     
63899.361   5     
63932.694   5     
63966.027   5     
63999.360   5     
64032.693   5     
64066.026   5     
64099.359   5     
64132.692   5     
64166.025   5     
64199.358   5     
64232.691   5     
64266.024   5     
64299.357   5     
64332.690   5     
64366.023   5     
64399.356   5     
64432.689   5     
64466.022   5     
64499.355   5     
64532.688   5     
64566.021   5     
64599.354   5     
64632.687   5     
64666.020   5     
64699.353   5     
64732.686   5     
64766.019   5     
64799.352   5     
64832.685   5     
64866.018   5     
64899.351   5     
64932.684   5     
64966.017   5     
64999.350   5     
65032.683   5     
65066.016   5     
65099.349   5     
65132.682   5     
65166.015   5     
65199.348   5     
65232.681   5     
65266.014   5     
65299.347   5     
65332.680   5     
65366.013   5     
65399.346   5     
65432.679   5     
65466.012   5     
65499.345   5     
65532.678   5     
65566.011   5     
65599.344   5     
65632.677   7     
65666.010   7     
65699.343   7     
65732.676   7     
65766.009   7     
65799.342   7     
65832.675   7     
65866.008   7     
65899.341   7     
65932.674   7     
65966.007   7     
65999.340   7     
66032.673   7     
66066.006   7     
66099.339   7     
66132.672   7     
66166.005   7     
66199.338   7     
66232.671   7     
66266.004   7     
66299.337   7     
66332.670   7     
66366.003   7     
66399.336   7     
66432.669   7     
66466.002   7     
66499.335   7     
66532.668   7     
66566.001   7     
66599.334   7     
66632.667   7     
66666.000   7     
66699.333   7     
66732.666   7     
66765.999   7     
66799.332   7     
66832.665   7     
66865.998   7     
66899.331   7     
66932.664   7     
66965.997   7     
66999.330   7     
67032.663   7     
67065.996   7     
67099.329   7     
67132.662   7     
67165.995   7     
67199.328   7     
67232.661   7     
67265.994   7     
67299.327   7     
67332.660   7     
67365.993   7     
67399.326   7     
67432.659   7     
67465.992   7     
67499.325   7     
67532.658   7     
67565.991   7     
67599.324   7     
67632.657   7     
67665.990   7     
67699.323   7     
67732.656   7     
67765.989   7     
67799.322   7     
67832.655   7     
67865.988   7     
67899.321   7     
67932.654   7     
67965.987   7     
67999.320   7     
68032.653   7     
68065.986   7     
68099.319   7     
68132.652   7     
68165.985   7     
68199.318   7     
68232.651   7     
68265.984   7     
68299.317   7     
68332.650   7     
68365.983   7     
68399.316   7     
68432.649   7     
68465.982   7     
68499.315   7     
68532.648   7     
68565.981   7     
68599.314   7     
68632.647   7     
68665.980   7     
68699.313   7     
68732.646   7     
68765.979   7     
68799.312   7     
68832.645   7     
68865.978   7     
68899.311   7     
68932.644   7     
68965.977   7     
68999.310   7     
69032.643   8     
69065.976   8     
69099.309   8     
69132.642   8     
69165.975   8     
69199.308   8     
69232.641   8     
69265.974   8     
69299.307   8     
69332.640   8     
69365.973   8     
69399.306   8     
69432.639   8     
69465.972   8     
69499.305   8     
69532.638   8     
69565.971   8     
69599.304   8     
69632.637   8     
69665.970   8     
69699.303   8     
69732.636   8     
69765.969   8     
69799.302   8     
69832.635   8     
69865.968   8     
69899.301   8     
69932.634   8     
69965.967   8     
69999.300   8     
70032.633   8     
70065.966   8     
70099.299   8     
70132.632   8     
70165.965   8     
70199.298   8     
70232.631   8     
70265.964   8     
70299.297   8     
70332.630   8     
70365.963   8     
70399.296   8     
70432.629   8     
70465.962   8     
70499.295   8     
70532.628   8     
70565.961   8     
70599.294   8     
70632.627   8     
70665.960   8     
70699.293   8     
70732.626   8     
70765.959   8     
70799.292   8     
70832.625   8     
70865.958   8     
70899.291   8     
70932.624   8     
70965.957   8     
70999.290   8     
71032.623   8     
71065.956   8     
71099.289   8     
71132.622   8     
71165.955   8     
71199.288   8     
71232.621   8     
71265.954   8     
71299.287   8     
71332.620   8     
71365.953   8     
71399.286   8     
71432.619   8     
71465.952   8     
71499.285   8     
71532.618   8     
71565.951   8     
71599.284   8     
71632.617   8     
71665.950   8     
71699.283   8     
71732.616   8     
71765.949   8     
71799.282   8     
71832.615   8     
71865.948   8     
71899.281   8     
71932.614   8     
71965.947   8     
71999.280   8     
72032.613   8     
72065.946   8     
72099.279   8     
72132.612   8     
72165.945   8     
72199.278   8     
72232.611   8     
72265.944   8     
72299.277   8     
72332.610   8     
72365.943   8     
72399.276   8     
72432.609   8     
72465.942   8     
72499.275   8     
72532.608   8     
72565.941   8     
72599.274   8     
72632.607   8     
72665.940   8     
72699.273   8     
72732.606   8     
72765.939   8     
72799.272   8     
72832.605   8     
72865.938   8     
72899.271   8     
72932.604   3     
72965.937   3     
72999.270   3     
73032.603   3     
73065.936   3     
73099.269   3     
73132.602   3     
73165.935   3     
73199.268   3     
73232.601   3     
73265.934   3     
73299.267   3     
73332.600   3     
73365.933   3     
73399.266   3     
73432.599   3     
73465.932   3     
73499.265   3     
73532.598   3     
73565.931   3     
73599.264   3     
73632.597   3     
73665.930   3     
73699.263   3     
73732.596   3     
73765.929   3     
73799.262   3     
73832.595   3     
73865.928   3     
73899.261   3     
73932.594   3     
73965.927   3     
73999.260   3     
74032.593   3     
74065.926   3     
74099.259   3     
74132.592   3     
74165.925   3     
74199.258   3     
74232.591   3     
74265.924   3     
74299.257   3     
74332.590   3     
74365.923   3     
74399.256   3     
74432.589   3     
74465.922   3     
74499.255   3     
74532.588   3     
74565.921   3     
74599.254   3     
74632.587   3     
74665.920   3     
74699.253   3     
74732.586   3     
74765.919   3     
74799.252   3     
74832.585   3     
74865.918   3     
74899.251   3     
74932.584   3     
74965.917   3     
74999.250   3     
75032.583   3     
75065.916   3     
75099.249   3     
75132.582   3     
75165.915   3     
75199.248   3     
75232.581   3     
75265.914   3     
75299.247   3     
75332.580   3     
75365.913   3     
75399.246   3     
75432.579   3     
75465.912   3     
75499.245   3     
75532.578   3     
75565.911   3     
75599.244   3     
75632.577   3     
75665.910   3     
75699.243   3     
75732.576   3     
75765.909   3     
75799.242   3     
75832.575   3     
75865.908   3     
75899.241   3     
75932.574   6     
75965.907   6     
75999.240   6     
76032.573   6     
76065.906   6     
76099.239   6     
76132.572   6     
76165.905   6     
76199.238   6     
76232.571   6     
76265.904   6     
76299.237   6     
76332.570   6     
76365.903   6     
76399.236   6     
76432.569   6     
76465.902   6     
76499.235   6     
76532.568   6     
76565.901   6     
76599.234   6     
76632.567   6     
76665.900   6     
76699.233   6     
76732.566   6     
76765.899   6     
76799.232   6     
76832.565   6     
76865.898   6     
76899.231   6     
76932.564   6     
76965.897   6     
76999.230   6     
77032.563   6     
77065.896   6     
77099.229   6     
77132.562   6     
77165.895   6     
77199.228   6     
77232.561   6     
77265.894   6     
77299.227   6     
77332.560   6     
77365.893   6     
77399.226   6     
77432.559   6     
77465.892   6     
77499.225   6     
77532.558   6     
77565.891   6     
77599.224   6     
77632.557   6     
77665.890   6     
77699.223   6     
77732.556   6     
77765.889   7     
77799.222   7     
77832.555   7     
77865.888   7     
77899.221   7     
77932.554   7     
77965.887   7     
77999.220   7     
78032.553   7     
78065.886   7     
78099.219   7     
78132.552   7     
78165.885   7     
78199.218   7     
78232.551   7     
78265.884   7     
78299.217   7     
78332.550   7     
78365.883   7     
78399.216   7     
78432.549   7     
78465.882   7     
78499.215   7     
78532.548   7     
78565.881   7     
78599.214   7     
78632.547   7     
78665.880   7     
78699.213   7     
78732.546   7     
78765.879   7     
78799.212   7     
78832.545   7     
78865.878   7     
78899.211   7     
78932.544   7     
78965.877   7     
78999.210   7     
79032.543   7     
79065.876   7     
79099.209   7     
79132.542   7     
79165.875   7     
79199.208   7     
79232.541   7     
79265.874   7     
79299.207   7     
79332.540   7     
79365.873   7     
79399.206   7     
79432.539   7     
79465.872   7     
79499.205   7     
79532.538   7     
79565.871   7     
79599.204   7     
79632.537   7     
79665.870   7     
79699.203   7     
79732.536   7     
79765.869   7     
79799.202   7     
79832.535   7     
79865.868   7     
79899.201   7     
79932.534   7     
79965.867   7     
79999.200   7     
80032.533   7     
80065.866   7     
80099.199   7     
80132.532   7     
80165.865   7     
80199.198   7     
80232.531   7     
80265.864   7     
80299.197   7     
80332.530   7     
80365.863   7     
80399.196   7     
80432.529   7     
80465.862   7     
80499.195   7     
80532.528   7     
80565.861   7     
80599.194   7     
80632.527   7     
80665.860   3     
80699.193   3     
80732.526   3     
80765.859   3     
80799.192   3     
80832.525   3     
80865.858   3     
80899.191   3     
80932.524   3     
80965.857   3     
80999.190   3     
81032.523   3     
81065.856   3     
81099.189   3     
81132.522   3     
81165.855   3     
81199.188   3     
81232.521   3     
81265.854   3     
81299.187   3     
81332.520   3     
81365.853   3     
81399.186   3     
81432.519   3     
81465.852   3     
81499.185   3     
81532.518   3     
81565.851   3     
81599.184   3     
81632.517   3     
81665.850   3     
81699.183   3     
81732.516   3     
81765.849   3     
81799.182   3     
81832.515   3     
81865.848   3     
81899.181   3     
81932.514   3     
81965.847   3     
81999.180   3     
82032.513   3     
82065.846   3     
82099.179   3     
82132.512   3     
82165.845   3     
82199.178   3     
82232.511   3     
82265.844   3     
82299.177   3     
82332.510   3     
82365.843   3     
82399.176   3     
82432.509   3     
82465.842   3     
82499.175   3     
82532.508   3     
82565.841   3     
82599.174   3     
82632.507   3     
82665.840   3     
82699.173   3     
82732.506   3     
82765.839   3     
82799.172   3     
82832.505   3     
82865.838   3     
82899.171   3     
82932.504   3     
82965.837   3     
82999.170   3     
83032.503   3     
83065.836   3     
83099.169   3     
83132.502   3     
83165.835   3     
83199.168   3     
83232.501   3     
83265.834   3     
83299.167   3     
83332.500   3     
83365.833   3     
83399.166   3     
83432.499   3     
83465.832   3     
83499.165   3     
83532.498   3     
83565.831   3     
83599.164   6     
83632.497   6     
83665.830   6     
83699.163   6     
83732.496   6     
83765.829   6     
83799.162   6     
83832.495   6     
83865.828   6     
83899.161   6     
83932.494   6     
83965.827   6     
83999.160   6     
84032.493   6     
84065.826   6     
84099.159   6     
84132.492   6     
84165.825   6     
84199.158   6     
84232.491   6     
84265.824   6     
84299.157   6     
84332.490   6     
84365.823   6     
84399.156   6     
84432.489   6     
84465.822   6     
84499.155   6     
84532.488   6     
84565.821   6     
84599.154   6     
84632.487   6     
84665.820   6     
84699.153   6     
84732.486   6     
84765.819   6     
84799.152   6     
84832.485   6     
84865.818   6     
84899.151   6     
84932.484   6     
84965.817   6     
84999.150   6     
85032.483   6     
85065.816   6     
85099.149   6     
85132.482   6     
85165.815   6     
85199.148   6     
85232.481   6     
85265.814   6     
85299.147   6     
85332.480   6     
85365.813   6     
85399.146   6     
85432.479   6     
85465.812   6     
85499.145   6     
85532.478   6     
85565.811   6     
85599.144   6     
85632.477   6     
85665.810   6     
85699.143   6     
85732.476   6     
85765.809   6     
85799.142   6     
85832.475   6     
85865.808   7     
85899.141   7     
85932.474   7     
85965.807   7     
85999.140   7     
86032.473   7     
86065.806   7     
86099.139   7     
86132.472   7     
86165.805   7     
86199.138   7     
86232.471   7     
86265.804   7     
86299.137   7     
86332.470   7     
86365.803   7     
86399.136   7     
86432.469   7     
86465.802   7     
86499.135   7     
86532.468   7     
86565.801   7     
86599.134   7     
86632.467   7     
86665.800   7     
86699.133   7     
86732.466   7     
86765.799   7     
86799.132   7     
86832.465   7     
86865.798   7     
86899.131   7     
86932.464   7     
86965.797   7     
86999.130   7     
87032.463   7     
87065.796   7     
87099.129   7     
87132.462   7     
87165.795   7     
87199.128   7     
87232.461   7     
87265.794   7     
87299.127   7     
87332.460   7     
87365.793   7     
87399.126   7     
87432.459   7     
87465.792   7     
87499.125   7     
87532.458   7     
87565.791   7     
87599.124   7     
87632.457   7     
87665.790   7     
87699.123   7     
87732.456   7     
87765.789   7     
87799.122   7     
87832.455   7     
87865.788   7     
87899.121   7     
87932.454   7     
87965.787   7     
87999.120   7     
88032.453   7     
88065.786   7     
88099.119   8     
88132.452   8     
88165.785   8     
88199.118   8     
88232.451   8     
88265.784   8     
88299.117   8     
88332.450   8     
88365.783   8     
88399.116   8     
88432.449   8     
88465.782   8     
88499.115   8     
88532.448   8     
88565.781   8     
88599.114   8     
88632.447   8     
88665.780   8     
88699.113   8     
88732.446   8     
88765.779   8     
88799.112   8     
88832.445   8     
88865.778   8     
88899.111   8     
88932.444   8     
88965.777   8     
88999.110   8     
89032.443   8     
89065.776   8     
89099.109   8     
89132.442   8     
89165.775   8     
89199.108   8     
89232.441   8     
89265.774   8     
89299.107   8     
89332.440   8     
89365.773   8     
89399.106   8     
89432.439   8     
89465.772   8     
89499.105   8     
89532.438   8     
89565.771   8     
89599.104   8     
89632.437   8     
89665.770   8     
89699.103   8     
89732.436   8     
89765.769   8     
89799.102   8     
89832.435   8     
89865.768   8     
89899.101   8     
89932.434   8     
89965.767   8     
89999.100   8     
90032.433   8     
90065.766   8     
90099.099   8     
90132.432   8     
90165.765   8     
90199.098   8     
90232.431   8     
90265.764   8     
90299.097   8     
90332.430   8     
90365.763   8     
90399.096   8     
90432.429   8     
90465.762   8     
90499.095   8     
90532.428   8     
90565.761   8     
90599.094   8     
90632.427   8     
90665.760   8     
90699.093   8     
90732.426   8     
90765.759   8     
90799.092   8     
90832.425   8     
90865.758   8     
90899.091   8     
90932.424   8     
90965.757   8     
90999.090   8     
91032.423   8     
91065.756   8     
91099.089   8     
91132.422   8     
91165.755   8     
91199.088   8     
91232.421   8     
91265.754   8     
91299.087   8     
91332.420   8     
91365.753   8     
91399.086   8     
91432.419   8     
91465.752   8     
91499.085   8     
91532.418   8     
91565.751   8     
91599.084   8     
91632.417   8     
91665.750   8     
91699.083   8     
91732.416   8     
91765.749   9     
91799.082   9     
91832.415   9     
91865.748   9     
91899.081   9     
91932.414   9     
91965.747   9     
91999.080   9     
92032.413   9     
92065.746   9     
92099.079   9     
92132.412   9     
92165.745   9     
92199.078   9     
92232.411   9     
92265.744   9     
92299.077   9     
92332.410   9     
92365.743   9     
92399.076   9     
92432.409   9     
92465.742   9     
92499.075   9     
92532.408   9     
92565.741   9     
92599.074   9     
92632.407   9     
92665.740   9     
92699.073   9     
92732.406   9     
92765.739   9     
92799.072   9     
92832.405   9     
92865.738   9     
92899.071   9     
92932.404   9     
92965.737   9     
92999.070   9     
93032.403   9     
93065.736   9     
93099.069   9     
93132.402   9     
93165.735   9     
93199.068   9     
93232.401   9     
93265.734   9     
93299.067   9     
93332.400   9     
93365.733   9     
93399.066   9     
93432.399   9     
93465.732   9     
93499.065   9     
