Time (ms)   Label 
0.000       9     
33.333      9     
66.666      9     
99.999      9     
133.332     9     
166.665     9     
199.998     9     
233.331     9     
266.664     9     
299.997     9     
333.330     9     
366.663     9     
399.996     9     
433.329     9     
466.662     9     
499.995     9     
533.328     9     
566.661     9     
599.994     9     
633.327     9     
666.660     9     
699.993     9     
733.326     9     
766.659     9     
799.992     9     
833.325     9     
866.658     1     
899.991     1     
933.324     1     
966.657     1     
999.990     1     
1033.323    1     
1066.656    1     
1099.989    1     
1133.322    1     
1166.655    1     
1199.988    1     
1233.321    1     
1266.654    1     
1299.987    1     
1333.320    1     
1366.653    1     
1399.986    1     
1433.319    1     
1466.652    1     
1499.985    1     
1533.318    1     
1566.651    1     
1599.984    1     
1633.317    1     
1666.650    1     
1699.983    1     
1733.316    1     
1766.649    1     
1799.982    1     
1833.315    1     
1866.648    1     
1899.981    1     
1933.314    1     
1966.647    1     
1999.980    1     
2033.313    1     
2066.646    1     
2099.979    1     
2133.312    1     
2166.645    1     
2199.978    1     
2233.311    1     
2266.644    1     
2299.977    1     
2333.310    1     
2366.643    1     
2399.976    1     
2433.309    1     
2466.642    1     
2499.975    1     
2533.308    1     
2566.641    1     
2599.974    1     
2633.307    1     
2666.640    1     
2699.973    1     
2733.306    1     
2766.639    1     
2799.972    1     
2833.305    1     
2866.638    1     
2899.971    1     
2933.304    1     
2966.637    1     
2999.970    1     
3033.303    1     
3066.636    1     
3099.969    1     
3133.302    1     
3166.635    1     
3199.968    1     
3233.301    1     
3266.634    1     
3299.967    1     
3333.300    1     
3366.633    1     
3399.966    1     
3433.299    1     
3466.632    1     
3499.965    1     
3533.298    1     
3566.631    1     
3599.964    1     
3633.297    1     
3666.630    1     
3699.963    1     
3733.296    1     
3766.629    1     
3799.962    1     
3833.295    1     
3866.628    1     
3899.961    1     
3933.294    1     
3966.627    1     
3999.960    1     
4033.293    1     
4066.626    1     
4099.959    1     
4133.292    1     
4166.625    1     
4199.958    1     
4233.291    1     
4266.624    1     
4299.957    1     
4333.290    1     
4366.623    1     
4399.956    1     
4433.289    1     
4466.622    1     
4499.955    1     
4533.288    1     
4566.621    1     
4599.954    1     
4633.287    1     
4666.620    1     
4699.953    1     
4733.286    1     
4766.619    1     
4799.952    1     
4833.285    1     
4866.618    1     
4899.951    1     
4933.284    1     
4966.617    1     
4999.950    1     
5033.283    1     
5066.616    1     
5099.949    1     
5133.282    1     
5166.615    1     
5199.948    1     
5233.281    1     
5266.614    1     
5299.947    1     
5333.280    1     
5366.613    1     
5399.946    1     
5433.279    1     
5466.612    1     
5499.945    1     
5533.278    1     
5566.611    1     
5599.944    1     
5633.277    1     
5666.610    1     
5699.943    1     
5733.276    1     
5766.609    1     
5799.942    1     
5833.275    1     
5866.608    1     
5899.941    1     
5933.274    1     
5966.607    1     
5999.940    1     
6033.273    1     
6066.606    1     
6099.939    1     
6133.272    1     
6166.605    1     
6199.938    1     
6233.271    1     
6266.604    1     
6299.937    1     
6333.270    1     
6366.603    1     
6399.936    1     
6433.269    1     
6466.602    1     
6499.935    1     
6533.268    1     
6566.601    1     
6599.934    1     
6633.267    1     
6666.600    1     
6699.933    1     
6733.266    1     
6766.599    1     
6799.932    1     
6833.265    1     
6866.598    1     
6899.931    1     
6933.264    1     
6966.597    1     
6999.930    1     
7033.263    1     
7066.596    1     
7099.929    1     
7133.262    1     
7166.595    1     
7199.928    2     
7233.261    2     
7266.594    2     
7299.927    2     
7333.260    2     
7366.593    2     
7399.926    2     
7433.259    2     
7466.592    2     
7499.925    2     
7533.258    2     
7566.591    2     
7599.924    2     
7633.257    2     
7666.590    2     
7699.923    2     
7733.256    2     
7766.589    2     
7799.922    2     
7833.255    2     
7866.588    2     
7899.921    2     
7933.254    2     
7966.587    2     
7999.920    2     
8033.253    2     
8066.586    2     
8099.919    2     
8133.252    2     
8166.585    2     
8199.918    2     
8233.251    2     
8266.584    2     
8299.917    2     
8333.250    2     
8366.583    2     
8399.916    2     
8433.249    2     
8466.582    2     
8499.915    2     
8533.248    2     
8566.581    2     
8599.914    2     
8633.247    2     
8666.580    2     
8699.913    2     
8733.246    2     
8766.579    2     
8799.912    2     
8833.245    2     
8866.578    2     
8899.911    2     
8933.244    2     
8966.577    2     
8999.910    2     
9033.243    2     
9066.576    2     
9099.909    2     
9133.242    2     
9166.575    2     
9199.908    2     
9233.241    2     
9266.574    2     
9299.907    2     
9333.240    2     
9366.573    2     
9399.906    2     
9433.239    2     
9466.572    2     
9499.905    2     
9533.238    2     
9566.571    2     
9599.904    2     
9633.237    2     
9666.570    2     
9699.903    2     
9733.236    2     
9766.569    2     
9799.902    2     
9833.235    2     
9866.568    2     
9899.901    2     
9933.234    2     
9966.567    2     
9999.900    2     
10033.233   2     
10066.566   2     
10099.899   2     
10133.232   2     
10166.565   2     
10199.898   2     
10233.231   2     
10266.564   2     
10299.897   2     
10333.230   2     
10366.563   2     
10399.896   2     
10433.229   2     
10466.562   2     
10499.895   2     
10533.228   2     
10566.561   2     
10599.894   2     
10633.227   2     
10666.560   2     
10699.893   2     
10733.226   2     
10766.559   2     
10799.892   2     
10833.225   2     
10866.558   2     
10899.891   2     
10933.224   2     
10966.557   2     
10999.890   2     
11033.223   2     
11066.556   2     
11099.889   2     
11133.222   2     
11166.555   2     
11199.888   2     
11233.221   2     
11266.554   2     
11299.887   2     
11333.220   2     
11366.553   2     
11399.886   2     
11433.219   2     
11466.552   2     
11499.885   2     
11533.218   2     
11566.551   2     
11599.884   2     
11633.217   2     
11666.550   2     
11699.883   2     
11733.216   2     
11766.549   2     
11799.882   2     
11833.215   2     
11866.548   2     
11899.881   2     
11933.214   2     
11966.547   2     
11999.880   2     
12033.213   2     
12066.546   2     
12099.879   2     
12133.212   2     
12166.545   2     
12199.878   2     
12233.211   2     
12266.544   2     
12299.877   2     
12333.210   2     
12366.543   2     
12399.876   2     
12433.209   2     
12466.542   2     
12499.875   2     
12533.208   2     
12566.541   2     
12599.874   2     
12633.207   2     
12666.540   2     
12699.873   2     
12733.206   2     
12766.539   2     
12799.872   2     
12833.205   2     
12866.538   2     
12899.871   2     
12933.204   2     
12966.537   2     
12999.870   2     
13033.203   2     
13066.536   2     
13099.869   2     
13133.202   2     
13166.535   2     
13199.868   2     
13233.201   2     
13266.534   2     
13299.867   2     
13333.200   2     
13366.533   2     
13399.866   2     
13433.199   2     
13466.532   2     
13499.865   2     
13533.198   2     
13566.531   2     
13599.864   2     
13633.197   2     
13666.530   2     
13699.863   2     
13733.196   2     
13766.529   2     
13799.862   2     
13833.195   2     
13866.528   2     
13899.861   2     
13933.194   2     
13966.527   2     
13999.860   2     
14033.193   2     
14066.526   2     
14099.859   2     
14133.192   2     
14166.525   2     
14199.858   2     
14233.191   2     
14266.524   2     
14299.857   2     
14333.190   2     
14366.523   2     
14399.856   2     
14433.189   2     
14466.522   2     
14499.855   2     
14533.188   2     
14566.521   2     
14599.854   2     
14633.187   2     
14666.520   2     
14699.853   2     
14733.186   2     
14766.519   2     
14799.852   2     
14833.185   2     
14866.518   2     
14899.851   2     
14933.184   2     
14966.517   2     
14999.850   2     
15033.183   2     
15066.516   2     
15099.849   2     
15133.182   2     
15166.515   2     
15199.848   2     
15233.181   2     
15266.514   2     
15299.847   2     
15333.180   2     
15366.513   2     
15399.846   2     
15433.179   2     
15466.512   2     
15499.845   2     
15533.178   2     
15566.511   2     
15599.844   2     
15633.177   2     
15666.510   2     
15699.843   2     
15733.176   2     
15766.509   2     
15799.842   2     
15833.175   2     
15866.508   2     
15899.841   2     
15933.174   2     
15966.507   2     
15999.840   2     
16033.173   2     
16066.506   2     
16099.839   2     
16133.172   2     
16166.505   2     
16199.838   2     
16233.171   2     
16266.504   2     
16299.837   2     
16333.170   2     
16366.503   2     
16399.836   2     
16433.169   2     
16466.502   2     
16499.835   2     
16533.168   2     
16566.501   2     
16599.834   2     
16633.167   2     
16666.500   2     
16699.833   2     
16733.166   2     
16766.499   2     
16799.832   2     
16833.165   2     
16866.498   2     
16899.831   2     
16933.164   2     
16966.497   2     
16999.830   2     
17033.163   2     
17066.496   2     
17099.829   2     
17133.162   2     
17166.495   2     
17199.828   2     
17233.161   2     
17266.494   2     
17299.827   2     
17333.160   2     
17366.493   2     
17399.826   2     
17433.159   2     
17466.492   2     
17499.825   2     
17533.158   2     
17566.491   2     
17599.824   2     
17633.157   2     
17666.490   2     
17699.823   2     
17733.156   2     
17766.489   2     
17799.822   2     
17833.155   2     
17866.488   2     
17899.821   2     
17933.154   2     
17966.487   2     
17999.820   2     
18033.153   2     
18066.486   2     
18099.819   2     
18133.152   2     
18166.485   2     
18199.818   2     
18233.151   2     
18266.484   2     
18299.817   2     
18333.150   2     
18366.483   2     
18399.816   2     
18433.149   2     
18466.482   2     
18499.815   2     
18533.148   2     
18566.481   2     
18599.814   2     
18633.147   2     
18666.480   2     
18699.813   2     
18733.146   3     
18766.479   3     
18799.812   3     
18833.145   3     
18866.478   3     
18899.811   3     
18933.144   3     
18966.477   3     
18999.810   3     
19033.143   3     
19066.476   3     
19099.809   3     
19133.142   3     
19166.475   3     
19199.808   3     
19233.141   3     
19266.474   3     
19299.807   3     
19333.140   3     
19366.473   3     
19399.806   3     
19433.139   3     
19466.472   3     
19499.805   3     
19533.138   3     
19566.471   3     
19599.804   3     
19633.137   4     
19666.470   4     
19699.803   4     
19733.136   4     
19766.469   4     
19799.802   4     
19833.135   4     
19866.468   4     
19899.801   4     
19933.134   4     
19966.467   4     
19999.800   4     
20033.133   4     
20066.466   4     
20099.799   4     
20133.132   4     
20166.465   4     
20199.798   4     
20233.131   4     
20266.464   4     
20299.797   4     
20333.130   4     
20366.463   4     
20399.796   4     
20433.129   4     
20466.462   4     
20499.795   4     
20533.128   4     
20566.461   4     
20599.794   4     
20633.127   4     
20666.460   4     
20699.793   4     
20733.126   4     
20766.459   4     
20799.792   4     
20833.125   4     
20866.458   4     
20899.791   4     
20933.124   4     
20966.457   4     
20999.790   4     
21033.123   4     
21066.456   4     
21099.789   4     
21133.122   4     
21166.455   4     
21199.788   4     
21233.121   4     
21266.454   4     
21299.787   4     
21333.120   4     
21366.453   4     
21399.786   4     
21433.119   4     
21466.452   4     
21499.785   4     
21533.118   4     
21566.451   4     
21599.784   4     
21633.117   4     
21666.450   4     
21699.783   4     
21733.116   4     
21766.449   4     
21799.782   4     
21833.115   4     
21866.448   4     
21899.781   4     
21933.114   4     
21966.447   4     
21999.780   4     
22033.113   4     
22066.446   4     
22099.779   4     
22133.112   4     
22166.445   4     
22199.778   4     
22233.111   4     
22266.444   4     
22299.777   4     
22333.110   4     
22366.443   4     
22399.776   4     
22433.109   4     
22466.442   4     
22499.775   4     
22533.108   4     
22566.441   4     
22599.774   4     
22633.107   4     
22666.440   4     
22699.773   4     
22733.106   4     
22766.439   4     
22799.772   7     
22833.105   7     
22866.438   7     
22899.771   7     
22933.104   7     
22966.437   7     
22999.770   7     
23033.103   7     
23066.436   7     
23099.769   7     
23133.102   7     
23166.435   7     
23199.768   7     
23233.101   7     
23266.434   7     
23299.767   7     
23333.100   7     
23366.433   7     
23399.766   7     
23433.099   7     
23466.432   7     
23499.765   7     
23533.098   7     
23566.431   7     
23599.764   7     
23633.097   7     
23666.430   7     
23699.763   7     
23733.096   7     
23766.429   7     
23799.762   7     
23833.095   7     
23866.428   7     
23899.761   7     
23933.094   7     
23966.427   7     
23999.760   7     
24033.093   7     
24066.426   7     
24099.759   7     
24133.092   7     
24166.425   7     
24199.758   7     
24233.091   7     
24266.424   7     
24299.757   7     
24333.090   7     
24366.423   7     
24399.756   7     
24433.089   7     
24466.422   7     
24499.755   7     
24533.088   7     
24566.421   7     
24599.754   7     
24633.087   7     
24666.420   7     
24699.753   7     
24733.086   7     
24766.419   7     
24799.752   7     
24833.085   7     
24866.418   7     
24899.751   7     
24933.084   7     
24966.417   7     
24999.750   7     
25033.083   7     
25066.416   7     
25099.749   7     
25133.082   8     
25166.415   8     
25199.748   8     
25233.081   8     
25266.414   8     
25299.747   8     
25333.080   8     
25366.413   8     
25399.746   8     
25433.079   8     
25466.412   8     
25499.745   8     
25533.078   8     
25566.411   8     
25599.744   8     
25633.077   8     
25666.410   8     
25699.743   8     
25733.076   8     
25766.409   8     
25799.742   8     
25833.075   8     
25866.408   8     
25899.741   8     
25933.074   8     
25966.407   8     
25999.740   8     
26033.073   8     
26066.406   8     
26099.739   8     
26133.072   8     
26166.405   8     
26199.738   8     
26233.071   8     
26266.404   8     
26299.737   8     
26333.070   8     
26366.403   8     
26399.736   8     
26433.069   8     
26466.402   8     
26499.735   8     
26533.068   8     
26566.401   8     
26599.734   8     
26633.067   8     
26666.400   8     
26699.733   8     
26733.066   8     
26766.399   8     
26799.732   8     
26833.065   8     
26866.398   8     
26899.731   8     
26933.064   8     
26966.397   8     
26999.730   8     
27033.063   8     
27066.396   8     
27099.729   8     
27133.062   8     
27166.395   8     
27199.728   3     
27233.061   3     
27266.394   3     
27299.727   3     
27333.060   3     
27366.393   3     
27399.726   3     
27433.059   3     
27466.392   3     
27499.725   3     
27533.058   3     
27566.391   3     
27599.724   3     
27633.057   3     
27666.390   3     
27699.723   3     
27733.056   3     
27766.389   3     
27799.722   3     
27833.055   3     
27866.388   3     
27899.721   3     
27933.054   3     
27966.387   3     
27999.720   3     
28033.053   3     
28066.386   3     
28099.719   3     
28133.052   3     
28166.385   3     
28199.718   3     
28233.051   3     
28266.384   3     
28299.717   3     
28333.050   3     
28366.383   3     
28399.716   3     
28433.049   3     
28466.382   3     
28499.715   3     
28533.048   3     
28566.381   3     
28599.714   3     
28633.047   3     
28666.380   5     
28699.713   5     
28733.046   5     
28766.379   5     
28799.712   5     
28833.045   5     
28866.378   5     
28899.711   5     
28933.044   5     
28966.377   5     
28999.710   5     
29033.043   5     
29066.376   5     
29099.709   5     
29133.042   5     
29166.375   5     
29199.708   5     
29233.041   5     
29266.374   5     
29299.707   5     
29333.040   5     
29366.373   5     
29399.706   5     
29433.039   5     
29466.372   5     
29499.705   5     
29533.038   5     
29566.371   5     
29599.704   5     
29633.037   5     
29666.370   5     
29699.703   5     
29733.036   5     
29766.369   5     
29799.702   5     
29833.035   5     
29866.368   5     
29899.701   5     
29933.034   5     
29966.367   5     
29999.700   5     
30033.033   5     
30066.366   5     
30099.699   5     
30133.032   5     
30166.365   5     
30199.698   5     
30233.031   5     
30266.364   7     
30299.697   7     
30333.030   7     
30366.363   7     
30399.696   7     
30433.029   7     
30466.362   7     
30499.695   7     
30533.028   7     
30566.361   7     
30599.694   7     
30633.027   7     
30666.360   7     
30699.693   7     
30733.026   7     
30766.359   7     
30799.692   7     
30833.025   7     
30866.358   7     
30899.691   7     
30933.024   7     
30966.357   7     
30999.690   7     
31033.023   7     
31066.356   7     
31099.689   7     
31133.022   7     
31166.355   7     
31199.688   7     
31233.021   7     
31266.354   7     
31299.687   7     
31333.020   7     
31366.353   7     
31399.686   8     
31433.019   8     
31466.352   8     
31499.685   8     
31533.018   8     
31566.351   8     
31599.684   8     
31633.017   8     
31666.350   8     
31699.683   8     
31733.016   8     
31766.349   8     
31799.682   8     
31833.015   8     
31866.348   8     
31899.681   8     
31933.014   8     
31966.347   8     
31999.680   8     
32033.013   8     
32066.346   8     
32099.679   8     
32133.012   8     
32166.345   8     
32199.678   8     
32233.011   8     
32266.344   8     
32299.677   8     
32333.010   8     
32366.343   8     
32399.676   8     
32433.009   8     
32466.342   8     
32499.675   8     
32533.008   8     
32566.341   8     
32599.674   8     
32633.007   8     
32666.340   8     
32699.673   8     
32733.006   3     
32766.339   3     
32799.672   3     
32833.005   3     
32866.338   3     
32899.671   3     
32933.004   3     
32966.337   3     
32999.670   3     
33033.003   3     
33066.336   3     
33099.669   3     
33133.002   3     
33166.335   3     
33199.668   3     
33233.001   3     
33266.334   3     
33299.667   3     
33333.000   3     
33366.333   3     
33399.666   3     
33432.999   3     
33466.332   3     
33499.665   3     
33532.998   6     
33566.331   6     
33599.664   6     
33632.997   6     
33666.330   6     
33699.663   6     
33732.996   6     
33766.329   6     
33799.662   6     
33832.995   6     
33866.328   6     
33899.661   6     
33932.994   6     
33966.327   6     
33999.660   6     
34032.993   6     
34066.326   6     
34099.659   6     
34132.992   6     
34166.325   6     
34199.658   6     
34232.991   6     
34266.324   6     
34299.657   6     
34332.990   6     
34366.323   6     
34399.656   6     
34432.989   6     
34466.322   6     
34499.655   6     
34532.988   6     
34566.321   6     
34599.654   6     
34632.987   6     
34666.320   6     
34699.653   6     
34732.986   6     
34766.319   6     
34799.652   6     
34832.985   6     
34866.318   6     
34899.651   6     
34932.984   6     
34966.317   6     
34999.650   6     
35032.983   6     
35066.316   6     
35099.649   6     
35132.982   6     
35166.315   7     
35199.648   7     
35232.981   7     
35266.314   7     
35299.647   7     
35332.980   7     
35366.313   7     
35399.646   7     
35432.979   7     
35466.312   7     
35499.645   7     
35532.978   7     
35566.311   7     
35599.644   7     
35632.977   7     
35666.310   7     
35699.643   7     
35732.976   7     
35766.309   7     
35799.642   7     
35832.975   7     
35866.308   7     
35899.641   7     
35932.974   7     
35966.307   7     
35999.640   7     
36032.973   7     
36066.306   7     
36099.639   7     
36132.972   7     
36166.305   7     
36199.638   7     
36232.971   7     
36266.304   7     
36299.637   7     
36332.970   7     
36366.303   7     
36399.636   7     
36432.969   7     
36466.302   7     
36499.635   7     
36532.968   7     
36566.301   7     
36599.634   7     
36632.967   7     
36666.300   7     
36699.633   7     
36732.966   7     
36766.299   7     
36799.632   7     
36832.965   7     
36866.298   7     
36899.631   7     
36932.964   7     
36966.297   7     
36999.630   7     
37032.963   7     
37066.296   7     
37099.629   7     
37132.962   7     
37166.295   7     
37199.628   8     
37232.961   8     
37266.294   8     
37299.627   8     
37332.960   8     
37366.293   8     
37399.626   8     
37432.959   8     
37466.292   8     
37499.625   8     
37532.958   8     
37566.291   8     
37599.624   8     
37632.957   8     
37666.290   8     
37699.623   8     
37732.956   8     
37766.289   8     
37799.622   8     
37832.955   8     
37866.288   8     
37899.621   8     
37932.954   8     
37966.287   8     
37999.620   8     
38032.953   8     
38066.286   8     
38099.619   8     
38132.952   8     
38166.285   8     
38199.618   8     
38232.951   8     
38266.284   8     
38299.617   8     
38332.950   8     
38366.283   8     
38399.616   8     
38432.949   8     
38466.282   8     
38499.615   8     
38532.948   8     
38566.281   8     
38599.614   8     
38632.947   8     
38666.280   8     
38699.613   8     
38732.946   8     
38766.279   8     
38799.612   8     
38832.945   8     
38866.278   8     
38899.611   8     
38932.944   8     
38966.277   8     
38999.610   8     
39032.943   8     
39066.276   9     
39099.609   9     
39132.942   9     
39166.275   9     
39199.608   9     
39232.941   9     
39266.274   9     
39299.607   9     
39332.940   9     
39366.273   9     
39399.606   9     
39432.939   9     
39466.272   9     
39499.605   9     
39532.938   9     
39566.271   9     
39599.604   9     
39632.937   9     
39666.270   9     
39699.603   9     
39732.936   9     
39766.269   9     
39799.602   9     
39832.935   9     
39866.268   9     
39899.601   9     
39932.934   9     
39966.267   9     
39999.600   9     
40032.933   9     
40066.266   9     
40099.599   9     
40132.932   9     
40166.265   9     
40199.598   9     
40232.931   9     
40266.264   9     
40299.597   9     
40332.930   9     
40366.263   9     
40399.596   9     
40432.929   9     
40466.262   9     
40499.595   9     
40532.928   9     
40566.261   9     
40599.594   9     
40632.927   9     
40666.260   9     
40699.593   9     
40732.926   9     
40766.259   9     
40799.592   9     
40832.925   9     
40866.258   9     
40899.591   9     
40932.924   9     
40966.257   9     
40999.590   9     
41032.923   9     
41066.256   9     
41099.589   9     
41132.922   9     
41166.255   9     
41199.588   9     
41232.921   9     
41266.254   9     
41299.587   9     
41332.920   9     
41366.253   9     
41399.586   9     
41432.919   9     
41466.252   9     
41499.585   9     
41532.918   9     
