Time (ms)   Label 
0.000       9     
33.333      9     
66.666      9     
99.999      9     
133.332     9     
166.665     9     
199.998     9     
233.331     9     
266.664     9     
299.997     9     
333.330     9     
366.663     9     
399.996     9     
433.329     9     
466.662     9     
499.995     9     
533.328     9     
566.661     9     
599.994     9     
633.327     9     
666.660     9     
699.993     9     
733.326     9     
766.659     9     
799.992     9     
833.325     1     
866.658     1     
899.991     1     
933.324     1     
966.657     1     
999.990     1     
1033.323    1     
1066.656    1     
1099.989    1     
1133.322    1     
1166.655    1     
1199.988    1     
1233.321    1     
1266.654    1     
1299.987    1     
1333.320    1     
1366.653    1     
1399.986    1     
1433.319    1     
1466.652    1     
1499.985    1     
1533.318    1     
1566.651    1     
1599.984    1     
1633.317    1     
1666.650    1     
1699.983    1     
1733.316    1     
1766.649    1     
1799.982    1     
1833.315    1     
1866.648    1     
1899.981    1     
1933.314    1     
1966.647    1     
1999.980    1     
2033.313    1     
2066.646    1     
2099.979    1     
2133.312    1     
2166.645    1     
2199.978    1     
2233.311    1     
2266.644    1     
2299.977    1     
2333.310    1     
2366.643    1     
2399.976    1     
2433.309    1     
2466.642    1     
2499.975    1     
2533.308    1     
2566.641    1     
2599.974    1     
2633.307    1     
2666.640    1     
2699.973    1     
2733.306    1     
2766.639    1     
2799.972    1     
2833.305    1     
2866.638    1     
2899.971    1     
2933.304    1     
2966.637    1     
2999.970    1     
3033.303    1     
3066.636    1     
3099.969    1     
3133.302    1     
3166.635    1     
3199.968    1     
3233.301    1     
3266.634    1     
3299.967    1     
3333.300    1     
3366.633    1     
3399.966    1     
3433.299    1     
3466.632    1     
3499.965    1     
3533.298    1     
3566.631    1     
3599.964    1     
3633.297    1     
3666.630    1     
3699.963    1     
3733.296    1     
3766.629    1     
3799.962    1     
3833.295    1     
3866.628    1     
3899.961    1     
3933.294    1     
3966.627    1     
3999.960    1     
4033.293    1     
4066.626    1     
4099.959    1     
4133.292    1     
4166.625    1     
4199.958    1     
4233.291    1     
4266.624    1     
4299.957    1     
4333.290    1     
4366.623    1     
4399.956    1     
4433.289    1     
4466.622    1     
4499.955    1     
4533.288    1     
4566.621    1     
4599.954    1     
4633.287    1     
4666.620    1     
4699.953    1     
4733.286    1     
4766.619    2     
4799.952    2     
4833.285    2     
4866.618    2     
4899.951    2     
4933.284    2     
4966.617    2     
4999.950    2     
5033.283    2     
5066.616    2     
5099.949    2     
5133.282    2     
5166.615    2     
5199.948    2     
5233.281    2     
5266.614    2     
5299.947    2     
5333.280    2     
5366.613    2     
5399.946    2     
5433.279    2     
5466.612    2     
5499.945    2     
5533.278    2     
5566.611    2     
5599.944    2     
5633.277    2     
5666.610    2     
5699.943    2     
5733.276    2     
5766.609    2     
5799.942    2     
5833.275    2     
5866.608    2     
5899.941    2     
5933.274    2     
5966.607    2     
5999.940    2     
6033.273    2     
6066.606    2     
6099.939    2     
6133.272    2     
6166.605    2     
6199.938    2     
6233.271    2     
6266.604    2     
6299.937    2     
6333.270    2     
6366.603    2     
6399.936    2     
6433.269    2     
6466.602    2     
6499.935    2     
6533.268    2     
6566.601    2     
6599.934    2     
6633.267    2     
6666.600    2     
6699.933    2     
6733.266    2     
6766.599    2     
6799.932    2     
6833.265    2     
6866.598    2     
6899.931    2     
6933.264    2     
6966.597    2     
6999.930    2     
7033.263    2     
7066.596    2     
7099.929    2     
7133.262    2     
7166.595    2     
7199.928    2     
7233.261    2     
7266.594    2     
7299.927    2     
7333.260    2     
7366.593    2     
7399.926    2     
7433.259    2     
7466.592    2     
7499.925    2     
7533.258    2     
7566.591    2     
7599.924    2     
7633.257    2     
7666.590    2     
7699.923    2     
7733.256    2     
7766.589    2     
7799.922    2     
7833.255    2     
7866.588    2     
7899.921    2     
7933.254    2     
7966.587    2     
7999.920    2     
8033.253    2     
8066.586    2     
8099.919    2     
8133.252    2     
8166.585    2     
8199.918    2     
8233.251    2     
8266.584    2     
8299.917    2     
8333.250    2     
8366.583    2     
8399.916    2     
8433.249    2     
8466.582    2     
8499.915    2     
8533.248    2     
8566.581    2     
8599.914    2     
8633.247    2     
8666.580    2     
8699.913    2     
8733.246    2     
8766.579    2     
8799.912    2     
8833.245    2     
8866.578    2     
8899.911    2     
8933.244    2     
8966.577    2     
8999.910    2     
9033.243    2     
9066.576    2     
9099.909    2     
9133.242    2     
9166.575    2     
9199.908    2     
9233.241    2     
9266.574    2     
9299.907    2     
9333.240    2     
9366.573    2     
9399.906    2     
9433.239    2     
9466.572    2     
9499.905    2     
9533.238    2     
9566.571    2     
9599.904    2     
9633.237    2     
9666.570    2     
9699.903    2     
9733.236    2     
9766.569    2     
9799.902    2     
9833.235    2     
9866.568    2     
9899.901    2     
9933.234    2     
9966.567    2     
9999.900    2     
10033.233   2     
10066.566   2     
10099.899   2     
10133.232   2     
10166.565   2     
10199.898   2     
10233.231   2     
10266.564   2     
10299.897   2     
10333.230   2     
10366.563   2     
10399.896   2     
10433.229   2     
10466.562   2     
10499.895   2     
10533.228   2     
10566.561   2     
10599.894   2     
10633.227   2     
10666.560   2     
10699.893   2     
10733.226   2     
10766.559   2     
10799.892   2     
10833.225   2     
10866.558   2     
10899.891   2     
10933.224   2     
10966.557   2     
10999.890   2     
11033.223   2     
11066.556   2     
11099.889   2     
11133.222   2     
11166.555   2     
11199.888   2     
11233.221   2     
11266.554   2     
11299.887   2     
11333.220   2     
11366.553   2     
11399.886   2     
11433.219   2     
11466.552   2     
11499.885   2     
11533.218   2     
11566.551   2     
11599.884   2     
11633.217   2     
11666.550   2     
11699.883   2     
11733.216   2     
11766.549   2     
11799.882   2     
11833.215   2     
11866.548   2     
11899.881   2     
11933.214   2     
11966.547   2     
11999.880   2     
12033.213   2     
12066.546   2     
12099.879   2     
12133.212   2     
12166.545   2     
12199.878   2     
12233.211   2     
12266.544   2     
12299.877   2     
12333.210   2     
12366.543   2     
12399.876   2     
12433.209   2     
12466.542   2     
12499.875   2     
12533.208   2     
12566.541   2     
12599.874   2     
12633.207   2     
12666.540   2     
12699.873   2     
12733.206   2     
12766.539   2     
12799.872   2     
12833.205   2     
12866.538   2     
12899.871   2     
12933.204   2     
12966.537   2     
12999.870   2     
13033.203   2     
13066.536   2     
13099.869   2     
13133.202   2     
13166.535   2     
13199.868   2     
13233.201   2     
13266.534   2     
13299.867   2     
13333.200   2     
13366.533   2     
13399.866   2     
13433.199   2     
13466.532   2     
13499.865   2     
13533.198   2     
13566.531   2     
13599.864   2     
13633.197   2     
13666.530   2     
13699.863   2     
13733.196   2     
13766.529   2     
13799.862   2     
13833.195   2     
13866.528   2     
13899.861   2     
13933.194   2     
13966.527   2     
13999.860   2     
14033.193   2     
14066.526   2     
14099.859   2     
14133.192   2     
14166.525   2     
14199.858   2     
14233.191   3     
14266.524   3     
14299.857   3     
14333.190   3     
14366.523   3     
14399.856   3     
14433.189   3     
14466.522   3     
14499.855   3     
14533.188   3     
14566.521   3     
14599.854   3     
14633.187   3     
14666.520   3     
14699.853   3     
14733.186   3     
14766.519   3     
14799.852   3     
14833.185   3     
14866.518   3     
14899.851   3     
14933.184   3     
14966.517   4     
14999.850   4     
15033.183   4     
15066.516   4     
15099.849   4     
15133.182   4     
15166.515   4     
15199.848   4     
15233.181   4     
15266.514   4     
15299.847   4     
15333.180   4     
15366.513   4     
15399.846   4     
15433.179   4     
15466.512   4     
15499.845   4     
15533.178   4     
15566.511   4     
15599.844   4     
15633.177   4     
15666.510   4     
15699.843   4     
15733.176   4     
15766.509   4     
15799.842   4     
15833.175   4     
15866.508   4     
15899.841   4     
15933.174   4     
15966.507   4     
15999.840   4     
16033.173   4     
16066.506   4     
16099.839   4     
16133.172   4     
16166.505   4     
16199.838   4     
16233.171   4     
16266.504   4     
16299.837   4     
16333.170   4     
16366.503   4     
16399.836   4     
16433.169   4     
16466.502   4     
16499.835   4     
16533.168   4     
16566.501   4     
16599.834   4     
16633.167   4     
16666.500   4     
16699.833   4     
16733.166   4     
16766.499   4     
16799.832   4     
16833.165   4     
16866.498   4     
16899.831   4     
16933.164   4     
16966.497   4     
16999.830   4     
17033.163   4     
17066.496   4     
17099.829   4     
17133.162   4     
17166.495   4     
17199.828   4     
17233.161   4     
17266.494   4     
17299.827   4     
17333.160   4     
17366.493   4     
17399.826   4     
17433.159   4     
17466.492   4     
17499.825   4     
17533.158   4     
17566.491   4     
17599.824   4     
17633.157   4     
17666.490   4     
17699.823   4     
17733.156   4     
17766.489   4     
17799.822   7     
17833.155   7     
17866.488   7     
17899.821   7     
17933.154   7     
17966.487   7     
17999.820   7     
18033.153   7     
18066.486   7     
18099.819   7     
18133.152   7     
18166.485   7     
18199.818   7     
18233.151   7     
18266.484   7     
18299.817   7     
18333.150   7     
18366.483   7     
18399.816   7     
18433.149   7     
18466.482   7     
18499.815   7     
18533.148   7     
18566.481   7     
18599.814   7     
18633.147   7     
18666.480   7     
18699.813   7     
18733.146   7     
18766.479   7     
18799.812   7     
18833.145   7     
18866.478   7     
18899.811   7     
18933.144   7     
18966.477   7     
18999.810   7     
19033.143   7     
19066.476   7     
19099.809   7     
19133.142   7     
19166.475   7     
19199.808   7     
19233.141   7     
19266.474   7     
19299.807   7     
19333.140   7     
19366.473   7     
19399.806   7     
19433.139   7     
19466.472   7     
19499.805   7     
19533.138   8     
19566.471   8     
19599.804   8     
19633.137   8     
19666.470   8     
19699.803   8     
19733.136   8     
19766.469   8     
19799.802   8     
19833.135   8     
19866.468   8     
19899.801   8     
19933.134   8     
19966.467   8     
19999.800   8     
20033.133   8     
20066.466   8     
20099.799   8     
20133.132   8     
20166.465   8     
20199.798   8     
20233.131   8     
20266.464   8     
20299.797   8     
20333.130   8     
20366.463   8     
20399.796   8     
20433.129   8     
20466.462   8     
20499.795   8     
20533.128   8     
20566.461   8     
20599.794   8     
20633.127   8     
20666.460   8     
20699.793   8     
20733.126   8     
20766.459   8     
20799.792   8     
20833.125   8     
20866.458   8     
20899.791   8     
20933.124   8     
20966.457   8     
20999.790   8     
21033.123   8     
21066.456   8     
21099.789   8     
21133.122   8     
21166.455   8     
21199.788   8     
21233.121   8     
21266.454   8     
21299.787   8     
21333.120   8     
21366.453   8     
21399.786   8     
21433.119   8     
21466.452   8     
21499.785   8     
21533.118   8     
21566.451   8     
21599.784   8     
21633.117   8     
21666.450   8     
21699.783   8     
21733.116   8     
21766.449   8     
21799.782   3     
21833.115   3     
21866.448   3     
21899.781   3     
21933.114   3     
21966.447   3     
21999.780   3     
22033.113   3     
22066.446   3     
22099.779   3     
22133.112   3     
22166.445   3     
22199.778   3     
22233.111   3     
22266.444   3     
22299.777   3     
22333.110   3     
22366.443   3     
22399.776   3     
22433.109   3     
22466.442   3     
22499.775   3     
22533.108   3     
22566.441   3     
22599.774   3     
22633.107   3     
22666.440   3     
22699.773   3     
22733.106   3     
22766.439   3     
22799.772   3     
22833.105   3     
22866.438   3     
22899.771   3     
22933.104   3     
22966.437   3     
22999.770   3     
23033.103   3     
23066.436   3     
23099.769   3     
23133.102   3     
23166.435   3     
23199.768   3     
23233.101   3     
23266.434   3     
23299.767   3     
23333.100   3     
23366.433   3     
23399.766   3     
23433.099   3     
23466.432   3     
23499.765   3     
23533.098   3     
23566.431   3     
23599.764   3     
23633.097   3     
23666.430   3     
23699.763   3     
23733.096   3     
23766.429   3     
23799.762   5     
23833.095   5     
23866.428   5     
23899.761   5     
23933.094   5     
23966.427   5     
23999.760   5     
24033.093   5     
24066.426   5     
24099.759   5     
24133.092   5     
24166.425   5     
24199.758   5     
24233.091   5     
24266.424   5     
24299.757   5     
24333.090   5     
24366.423   5     
24399.756   5     
24433.089   5     
24466.422   3     
24499.755   3     
24533.088   3     
24566.421   3     
24599.754   3     
24633.087   3     
24666.420   3     
24699.753   3     
24733.086   5     
24766.419   5     
24799.752   5     
24833.085   5     
24866.418   5     
24899.751   5     
24933.084   5     
24966.417   5     
24999.750   5     
25033.083   5     
25066.416   5     
25099.749   5     
25133.082   5     
25166.415   5     
25199.748   5     
25233.081   5     
25266.414   5     
25299.747   5     
25333.080   5     
25366.413   5     
25399.746   5     
25433.079   5     
25466.412   5     
25499.745   5     
25533.078   5     
25566.411   5     
25599.744   5     
25633.077   5     
25666.410   5     
25699.743   5     
25733.076   5     
25766.409   5     
25799.742   5     
25833.075   5     
25866.408   5     
25899.741   5     
25933.074   5     
25966.407   5     
25999.740   5     
26033.073   5     
26066.406   5     
26099.739   5     
26133.072   5     
26166.405   5     
26199.738   5     
26233.071   5     
26266.404   5     
26299.737   5     
26333.070   5     
26366.403   5     
26399.736   5     
26433.069   7     
26466.402   7     
26499.735   7     
26533.068   7     
26566.401   7     
26599.734   7     
26633.067   7     
26666.400   7     
26699.733   7     
26733.066   7     
26766.399   7     
26799.732   7     
26833.065   7     
26866.398   7     
26899.731   7     
26933.064   7     
26966.397   7     
26999.730   7     
27033.063   7     
27066.396   7     
27099.729   7     
27133.062   7     
27166.395   7     
27199.728   7     
27233.061   7     
27266.394   7     
27299.727   7     
27333.060   7     
27366.393   7     
27399.726   7     
27433.059   7     
27466.392   7     
27499.725   7     
27533.058   7     
27566.391   7     
27599.724   7     
27633.057   7     
27666.390   7     
27699.723   7     
27733.056   7     
27766.389   7     
27799.722   7     
27833.055   7     
27866.388   7     
27899.721   7     
27933.054   7     
27966.387   7     
27999.720   7     
28033.053   7     
28066.386   7     
28099.719   7     
28133.052   7     
28166.385   7     
28199.718   7     
28233.051   7     
28266.384   7     
28299.717   7     
28333.050   7     
28366.383   7     
28399.716   7     
28433.049   7     
28466.382   7     
28499.715   7     
28533.048   7     
28566.381   7     
28599.714   7     
28633.047   7     
28666.380   7     
28699.713   7     
28733.046   7     
28766.379   7     
28799.712   7     
28833.045   7     
28866.378   8     
28899.711   8     
28933.044   8     
28966.377   8     
28999.710   8     
29033.043   8     
29066.376   8     
29099.709   8     
29133.042   8     
29166.375   8     
29199.708   8     
29233.041   8     
29266.374   8     
29299.707   8     
29333.040   8     
29366.373   8     
29399.706   8     
29433.039   8     
29466.372   8     
29499.705   8     
29533.038   8     
29566.371   8     
29599.704   8     
29633.037   8     
29666.370   8     
29699.703   8     
29733.036   8     
29766.369   8     
29799.702   8     
29833.035   8     
29866.368   8     
29899.701   8     
29933.034   8     
29966.367   8     
29999.700   8     
30033.033   8     
30066.366   8     
30099.699   8     
30133.032   8     
30166.365   3     
30199.698   3     
30233.031   3     
30266.364   3     
30299.697   3     
30333.030   3     
30366.363   3     
30399.696   3     
30433.029   3     
30466.362   3     
30499.695   3     
30533.028   3     
30566.361   3     
30599.694   3     
30633.027   3     
30666.360   3     
30699.693   3     
30733.026   3     
30766.359   3     
30799.692   3     
30833.025   3     
30866.358   3     
30899.691   3     
30933.024   3     
30966.357   3     
30999.690   3     
31033.023   3     
31066.356   3     
31099.689   3     
31133.022   3     
31166.355   3     
31199.688   3     
31233.021   3     
31266.354   3     
31299.687   3     
31333.020   3     
31366.353   3     
31399.686   3     
31433.019   3     
31466.352   3     
31499.685   3     
31533.018   3     
31566.351   3     
31599.684   3     
31633.017   3     
31666.350   3     
31699.683   3     
31733.016   3     
31766.349   3     
31799.682   3     
31833.015   3     
31866.348   3     
31899.681   3     
31933.014   3     
31966.347   3     
31999.680   3     
32033.013   3     
32066.346   3     
32099.679   3     
32133.012   3     
32166.345   3     
32199.678   3     
32233.011   3     
32266.344   3     
32299.677   3     
32333.010   3     
32366.343   3     
32399.676   3     
32433.009   3     
32466.342   3     
32499.675   3     
32533.008   3     
32566.341   3     
32599.674   3     
32633.007   3     
32666.340   6     
32699.673   6     
32733.006   6     
32766.339   6     
32799.672   6     
32833.005   6     
32866.338   6     
32899.671   6     
32933.004   6     
32966.337   6     
32999.670   6     
33033.003   6     
33066.336   6     
33099.669   6     
33133.002   6     
33166.335   6     
33199.668   6     
33233.001   6     
33266.334   6     
33299.667   6     
33333.000   6     
33366.333   6     
33399.666   6     
33432.999   6     
33466.332   6     
33499.665   6     
33532.998   6     
33566.331   6     
33599.664   6     
33632.997   6     
33666.330   6     
33699.663   6     
33732.996   6     
33766.329   6     
33799.662   6     
33832.995   6     
33866.328   6     
33899.661   6     
33932.994   6     
33966.327   6     
33999.660   6     
34032.993   6     
34066.326   6     
34099.659   6     
34132.992   6     
34166.325   6     
34199.658   6     
34232.991   6     
34266.324   6     
34299.657   6     
34332.990   6     
34366.323   6     
34399.656   6     
34432.989   6     
34466.322   7     
34499.655   7     
34532.988   7     
34566.321   7     
34599.654   7     
34632.987   7     
34666.320   7     
34699.653   7     
34732.986   7     
34766.319   7     
34799.652   7     
34832.985   7     
34866.318   7     
34899.651   7     
34932.984   7     
34966.317   7     
34999.650   7     
35032.983   7     
35066.316   7     
35099.649   7     
35132.982   7     
35166.315   7     
35199.648   7     
35232.981   7     
35266.314   7     
35299.647   7     
35332.980   7     
35366.313   7     
35399.646   7     
35432.979   7     
35466.312   7     
35499.645   7     
35532.978   7     
35566.311   7     
35599.644   7     
35632.977   7     
35666.310   7     
35699.643   7     
35732.976   7     
35766.309   7     
35799.642   7     
35832.975   7     
35866.308   7     
35899.641   7     
35932.974   7     
35966.307   7     
35999.640   7     
36032.973   7     
36066.306   7     
36099.639   7     
36132.972   7     
36166.305   7     
36199.638   7     
36232.971   7     
36266.304   7     
36299.637   7     
36332.970   8     
36366.303   8     
36399.636   8     
36432.969   8     
36466.302   8     
36499.635   8     
36532.968   8     
36566.301   8     
36599.634   8     
36632.967   8     
36666.300   8     
36699.633   8     
36732.966   8     
36766.299   8     
36799.632   8     
36832.965   8     
36866.298   8     
36899.631   8     
36932.964   8     
36966.297   8     
36999.630   8     
37032.963   8     
37066.296   8     
37099.629   8     
37132.962   8     
37166.295   8     
37199.628   8     
37232.961   8     
37266.294   8     
37299.627   8     
37332.960   8     
37366.293   8     
37399.626   8     
37432.959   8     
37466.292   8     
37499.625   8     
37532.958   8     
37566.291   8     
37599.624   8     
37632.957   8     
37666.290   8     
37699.623   8     
37732.956   8     
37766.289   8     
37799.622   8     
37832.955   8     
37866.288   8     
37899.621   8     
37932.954   8     
37966.287   8     
37999.620   8     
38032.953   8     
38066.286   8     
38099.619   8     
38132.952   8     
38166.285   8     
38199.618   8     
38232.951   8     
38266.284   8     
38299.617   9     
38332.950   9     
38366.283   9     
38399.616   9     
38432.949   9     
38466.282   9     
38499.615   9     
38532.948   9     
38566.281   9     
38599.614   9     
38632.947   9     
38666.280   9     
38699.613   9     
38732.946   9     
38766.279   9     
38799.612   9     
38832.945   9     
38866.278   9     
38899.611   9     
38932.944   9     
38966.277   9     
38999.610   9     
39032.943   9     
39066.276   9     
39099.609   9     
39132.942   9     
39166.275   9     
39199.608   9     
39232.941   9     
39266.274   9     
39299.607   9     
39332.940   9     
39366.273   9     
39399.606   9     
39432.939   9     
39466.272   9     
39499.605   9     
39532.938   9     
39566.271   9     
39599.604   9     
39632.937   9     
39666.270   9     
39699.603   9     
39732.936   9     
39766.269   9     
39799.602   9     
39832.935   9     
39866.268   9     
39899.601   9     
39932.934   9     
39966.267   9     
39999.600   9     
