Time (ms)   Label 
0.000       9     
33.333      9     
66.666      9     
99.999      9     
133.332     9     
166.665     9     
199.998     1     
233.331     1     
266.664     1     
299.997     1     
333.330     1     
366.663     1     
399.996     1     
433.329     1     
466.662     1     
499.995     1     
533.328     1     
566.661     1     
599.994     1     
633.327     1     
666.660     1     
699.993     1     
733.326     1     
766.659     1     
799.992     1     
833.325     1     
866.658     1     
899.991     1     
933.324     1     
966.657     1     
999.990     1     
1033.323    1     
1066.656    1     
1099.989    1     
1133.322    1     
1166.655    1     
1199.988    1     
1233.321    1     
1266.654    1     
1299.987    1     
1333.320    1     
1366.653    1     
1399.986    1     
1433.319    1     
1466.652    1     
1499.985    1     
1533.318    1     
1566.651    1     
1599.984    1     
1633.317    1     
1666.650    1     
1699.983    1     
1733.316    1     
1766.649    1     
1799.982    1     
1833.315    1     
1866.648    1     
1899.981    1     
1933.314    1     
1966.647    1     
1999.980    1     
2033.313    1     
2066.646    1     
2099.979    1     
2133.312    1     
2166.645    1     
2199.978    1     
2233.311    1     
2266.644    1     
2299.977    1     
2333.310    1     
2366.643    1     
2399.976    1     
2433.309    1     
2466.642    1     
2499.975    1     
2533.308    1     
2566.641    1     
2599.974    1     
2633.307    1     
2666.640    1     
2699.973    1     
2733.306    1     
2766.639    1     
2799.972    1     
2833.305    1     
2866.638    1     
2899.971    1     
2933.304    1     
2966.637    1     
2999.970    1     
3033.303    1     
3066.636    1     
3099.969    1     
3133.302    1     
3166.635    1     
3199.968    1     
3233.301    1     
3266.634    1     
3299.967    1     
3333.300    1     
3366.633    1     
3399.966    1     
3433.299    1     
3466.632    1     
3499.965    1     
3533.298    1     
3566.631    1     
3599.964    1     
3633.297    1     
3666.630    1     
3699.963    1     
3733.296    1     
3766.629    1     
3799.962    1     
3833.295    1     
3866.628    1     
3899.961    1     
3933.294    1     
3966.627    1     
3999.960    1     
4033.293    1     
4066.626    1     
4099.959    1     
4133.292    1     
4166.625    1     
4199.958    1     
4233.291    1     
4266.624    1     
4299.957    1     
4333.290    1     
4366.623    1     
4399.956    1     
4433.289    1     
4466.622    1     
4499.955    1     
4533.288    1     
4566.621    1     
4599.954    1     
4633.287    1     
4666.620    1     
4699.953    1     
4733.286    1     
4766.619    1     
4799.952    1     
4833.285    1     
4866.618    1     
4899.951    1     
4933.284    1     
4966.617    1     
4999.950    1     
5033.283    1     
5066.616    1     
5099.949    1     
5133.282    1     
5166.615    1     
5199.948    1     
5233.281    1     
5266.614    1     
5299.947    1     
5333.280    1     
5366.613    1     
5399.946    1     
5433.279    1     
5466.612    1     
5499.945    1     
5533.278    1     
5566.611    1     
5599.944    1     
5633.277    1     
5666.610    1     
5699.943    1     
5733.276    1     
5766.609    1     
5799.942    1     
5833.275    1     
5866.608    1     
5899.941    1     
5933.274    1     
5966.607    1     
5999.940    1     
6033.273    1     
6066.606    1     
6099.939    1     
6133.272    1     
6166.605    1     
6199.938    1     
6233.271    1     
6266.604    1     
6299.937    1     
6333.270    1     
6366.603    1     
6399.936    1     
6433.269    1     
6466.602    1     
6499.935    1     
6533.268    1     
6566.601    1     
6599.934    1     
6633.267    1     
6666.600    1     
6699.933    1     
6733.266    1     
6766.599    1     
6799.932    1     
6833.265    1     
6866.598    1     
6899.931    1     
6933.264    1     
6966.597    1     
6999.930    1     
7033.263    1     
7066.596    1     
7099.929    1     
7133.262    1     
7166.595    1     
7199.928    1     
7233.261    1     
7266.594    1     
7299.927    1     
7333.260    1     
7366.593    1     
7399.926    1     
7433.259    1     
7466.592    1     
7499.925    1     
7533.258    1     
7566.591    1     
7599.924    1     
7633.257    1     
7666.590    1     
7699.923    1     
7733.256    1     
7766.589    1     
7799.922    1     
7833.255    1     
7866.588    1     
7899.921    1     
7933.254    1     
7966.587    1     
7999.920    1     
8033.253    1     
8066.586    1     
8099.919    1     
8133.252    1     
8166.585    1     
8199.918    1     
8233.251    1     
8266.584    1     
8299.917    1     
8333.250    1     
8366.583    1     
8399.916    1     
8433.249    1     
8466.582    1     
8499.915    1     
8533.248    1     
8566.581    1     
8599.914    1     
8633.247    1     
8666.580    1     
8699.913    1     
8733.246    1     
8766.579    1     
8799.912    1     
8833.245    1     
8866.578    1     
8899.911    1     
8933.244    1     
8966.577    1     
8999.910    1     
9033.243    1     
9066.576    1     
9099.909    1     
9133.242    1     
9166.575    1     
9199.908    1     
9233.241    1     
9266.574    1     
9299.907    1     
9333.240    1     
9366.573    1     
9399.906    1     
9433.239    1     
9466.572    1     
9499.905    1     
9533.238    1     
9566.571    1     
9599.904    1     
9633.237    1     
9666.570    1     
9699.903    1     
9733.236    1     
9766.569    1     
9799.902    1     
9833.235    1     
9866.568    1     
9899.901    1     
9933.234    1     
9966.567    1     
9999.900    1     
10033.233   1     
10066.566   1     
10099.899   1     
10133.232   1     
10166.565   1     
10199.898   1     
10233.231   1     
10266.564   1     
10299.897   1     
10333.230   1     
10366.563   1     
10399.896   1     
10433.229   1     
10466.562   1     
10499.895   1     
10533.228   1     
10566.561   1     
10599.894   1     
10633.227   1     
10666.560   1     
10699.893   1     
10733.226   1     
10766.559   1     
10799.892   1     
10833.225   1     
10866.558   1     
10899.891   1     
10933.224   1     
10966.557   1     
10999.890   1     
11033.223   1     
11066.556   1     
11099.889   1     
11133.222   1     
11166.555   1     
11199.888   1     
11233.221   1     
11266.554   1     
11299.887   1     
11333.220   1     
11366.553   1     
11399.886   1     
11433.219   1     
11466.552   1     
11499.885   1     
11533.218   1     
11566.551   1     
11599.884   1     
11633.217   1     
11666.550   1     
11699.883   1     
11733.216   1     
11766.549   1     
11799.882   1     
11833.215   1     
11866.548   1     
11899.881   1     
11933.214   1     
11966.547   1     
11999.880   1     
12033.213   1     
12066.546   1     
12099.879   1     
12133.212   1     
12166.545   1     
12199.878   2     
12233.211   2     
12266.544   2     
12299.877   2     
12333.210   2     
12366.543   2     
12399.876   2     
12433.209   2     
12466.542   2     
12499.875   2     
12533.208   2     
12566.541   2     
12599.874   2     
12633.207   2     
12666.540   2     
12699.873   2     
12733.206   2     
12766.539   2     
12799.872   2     
12833.205   2     
12866.538   2     
12899.871   2     
12933.204   2     
12966.537   2     
12999.870   2     
13033.203   2     
13066.536   2     
13099.869   2     
13133.202   2     
13166.535   2     
13199.868   2     
13233.201   2     
13266.534   2     
13299.867   2     
13333.200   2     
13366.533   2     
13399.866   2     
13433.199   2     
13466.532   2     
13499.865   2     
13533.198   2     
13566.531   2     
13599.864   2     
13633.197   2     
13666.530   2     
13699.863   2     
13733.196   2     
13766.529   2     
13799.862   2     
13833.195   2     
13866.528   2     
13899.861   2     
13933.194   2     
13966.527   2     
13999.860   2     
14033.193   2     
14066.526   2     
14099.859   2     
14133.192   2     
14166.525   2     
14199.858   2     
14233.191   2     
14266.524   2     
14299.857   2     
14333.190   2     
14366.523   2     
14399.856   2     
14433.189   2     
14466.522   2     
14499.855   2     
14533.188   2     
14566.521   2     
14599.854   2     
14633.187   2     
14666.520   2     
14699.853   2     
14733.186   2     
14766.519   2     
14799.852   2     
14833.185   2     
14866.518   2     
14899.851   2     
14933.184   2     
14966.517   2     
14999.850   2     
15033.183   2     
15066.516   2     
15099.849   2     
15133.182   2     
15166.515   2     
15199.848   2     
15233.181   2     
15266.514   2     
15299.847   2     
15333.180   2     
15366.513   2     
15399.846   2     
15433.179   2     
15466.512   2     
15499.845   2     
15533.178   2     
15566.511   2     
15599.844   2     
15633.177   2     
15666.510   2     
15699.843   2     
15733.176   2     
15766.509   2     
15799.842   2     
15833.175   2     
15866.508   2     
15899.841   2     
15933.174   2     
15966.507   2     
15999.840   2     
16033.173   2     
16066.506   2     
16099.839   2     
16133.172   2     
16166.505   2     
16199.838   2     
16233.171   2     
16266.504   2     
16299.837   2     
16333.170   2     
16366.503   2     
16399.836   2     
16433.169   2     
16466.502   2     
16499.835   2     
16533.168   2     
16566.501   2     
16599.834   2     
16633.167   2     
16666.500   2     
16699.833   2     
16733.166   2     
16766.499   2     
16799.832   2     
16833.165   2     
16866.498   2     
16899.831   2     
16933.164   2     
16966.497   2     
16999.830   2     
17033.163   2     
17066.496   2     
17099.829   2     
17133.162   2     
17166.495   2     
17199.828   2     
17233.161   2     
17266.494   2     
17299.827   2     
17333.160   2     
17366.493   2     
17399.826   2     
17433.159   2     
17466.492   2     
17499.825   2     
17533.158   2     
17566.491   2     
17599.824   2     
17633.157   2     
17666.490   2     
17699.823   2     
17733.156   2     
17766.489   2     
17799.822   2     
17833.155   2     
17866.488   2     
17899.821   2     
17933.154   2     
17966.487   2     
17999.820   2     
18033.153   2     
18066.486   2     
18099.819   2     
18133.152   2     
18166.485   2     
18199.818   2     
18233.151   2     
18266.484   2     
18299.817   2     
18333.150   2     
18366.483   2     
18399.816   2     
18433.149   2     
18466.482   2     
18499.815   2     
18533.148   2     
18566.481   2     
18599.814   2     
18633.147   2     
18666.480   2     
18699.813   2     
18733.146   2     
18766.479   2     
18799.812   2     
18833.145   2     
18866.478   2     
18899.811   2     
18933.144   2     
18966.477   2     
18999.810   2     
19033.143   2     
19066.476   2     
19099.809   2     
19133.142   2     
19166.475   2     
19199.808   2     
19233.141   2     
19266.474   2     
19299.807   2     
19333.140   2     
19366.473   2     
19399.806   2     
19433.139   2     
19466.472   2     
19499.805   2     
19533.138   2     
19566.471   2     
19599.804   2     
19633.137   2     
19666.470   2     
19699.803   2     
19733.136   2     
19766.469   2     
19799.802   2     
19833.135   2     
19866.468   2     
19899.801   2     
19933.134   2     
19966.467   2     
19999.800   2     
20033.133   2     
20066.466   2     
20099.799   2     
20133.132   2     
20166.465   2     
20199.798   2     
20233.131   2     
20266.464   2     
20299.797   2     
20333.130   2     
20366.463   2     
20399.796   2     
20433.129   2     
20466.462   2     
20499.795   2     
20533.128   2     
20566.461   2     
20599.794   2     
20633.127   2     
20666.460   2     
20699.793   2     
20733.126   2     
20766.459   2     
20799.792   2     
20833.125   2     
20866.458   2     
20899.791   2     
20933.124   2     
20966.457   2     
20999.790   2     
21033.123   2     
21066.456   2     
21099.789   2     
21133.122   2     
21166.455   2     
21199.788   2     
21233.121   2     
21266.454   2     
21299.787   2     
21333.120   2     
21366.453   2     
21399.786   2     
21433.119   2     
21466.452   2     
21499.785   2     
21533.118   2     
21566.451   2     
21599.784   2     
21633.117   2     
21666.450   2     
21699.783   2     
21733.116   2     
21766.449   2     
21799.782   2     
21833.115   2     
21866.448   2     
21899.781   2     
21933.114   2     
21966.447   2     
21999.780   2     
22033.113   2     
22066.446   2     
22099.779   2     
22133.112   2     
22166.445   2     
22199.778   2     
22233.111   2     
22266.444   2     
22299.777   2     
22333.110   2     
22366.443   2     
22399.776   2     
22433.109   2     
22466.442   2     
22499.775   2     
22533.108   2     
22566.441   2     
22599.774   2     
22633.107   2     
22666.440   2     
22699.773   2     
22733.106   2     
22766.439   2     
22799.772   2     
22833.105   2     
22866.438   2     
22899.771   2     
22933.104   2     
22966.437   2     
22999.770   2     
23033.103   2     
23066.436   2     
23099.769   2     
23133.102   2     
23166.435   2     
23199.768   2     
23233.101   2     
23266.434   2     
23299.767   2     
23333.100   2     
23366.433   2     
23399.766   2     
23433.099   2     
23466.432   2     
23499.765   2     
23533.098   2     
23566.431   2     
23599.764   2     
23633.097   2     
23666.430   3     
23699.763   3     
23733.096   3     
23766.429   3     
23799.762   3     
23833.095   3     
23866.428   3     
23899.761   3     
23933.094   3     
23966.427   3     
23999.760   3     
24033.093   3     
24066.426   3     
24099.759   3     
24133.092   3     
24166.425   3     
24199.758   3     
24233.091   3     
24266.424   3     
24299.757   3     
24333.090   3     
24366.423   3     
24399.756   3     
24433.089   3     
24466.422   3     
24499.755   3     
24533.088   3     
24566.421   3     
24599.754   3     
24633.087   3     
24666.420   3     
24699.753   3     
24733.086   3     
24766.419   3     
24799.752   3     
24833.085   3     
24866.418   3     
24899.751   3     
24933.084   3     
24966.417   3     
24999.750   3     
25033.083   3     
25066.416   3     
25099.749   3     
25133.082   3     
25166.415   3     
25199.748   3     
25233.081   3     
25266.414   3     
25299.747   3     
25333.080   3     
25366.413   3     
25399.746   3     
25433.079   3     
25466.412   3     
25499.745   3     
25533.078   3     
25566.411   3     
25599.744   3     
25633.077   3     
25666.410   3     
25699.743   3     
25733.076   3     
25766.409   3     
25799.742   3     
25833.075   3     
25866.408   3     
25899.741   3     
25933.074   3     
25966.407   3     
25999.740   3     
26033.073   3     
26066.406   3     
26099.739   3     
26133.072   3     
26166.405   3     
26199.738   3     
26233.071   3     
26266.404   3     
26299.737   3     
26333.070   3     
26366.403   3     
26399.736   3     
26433.069   3     
26466.402   3     
26499.735   3     
26533.068   3     
26566.401   3     
26599.734   3     
26633.067   3     
26666.400   3     
26699.733   3     
26733.066   3     
26766.399   3     
26799.732   3     
26833.065   3     
26866.398   3     
26899.731   3     
26933.064   3     
26966.397   3     
26999.730   3     
27033.063   3     
27066.396   4     
27099.729   4     
27133.062   4     
27166.395   4     
27199.728   4     
27233.061   4     
27266.394   4     
27299.727   4     
27333.060   4     
27366.393   4     
27399.726   4     
27433.059   4     
27466.392   4     
27499.725   4     
27533.058   4     
27566.391   4     
27599.724   4     
27633.057   4     
27666.390   4     
27699.723   4     
27733.056   4     
27766.389   4     
27799.722   4     
27833.055   4     
27866.388   4     
27899.721   4     
27933.054   4     
27966.387   4     
27999.720   4     
28033.053   4     
28066.386   4     
28099.719   4     
28133.052   4     
28166.385   3     
28199.718   3     
28233.051   3     
28266.384   3     
28299.717   3     
28333.050   3     
28366.383   3     
28399.716   3     
28433.049   3     
28466.382   3     
28499.715   3     
28533.048   3     
28566.381   3     
28599.714   3     
28633.047   3     
28666.380   3     
28699.713   3     
28733.046   3     
28766.379   3     
28799.712   3     
28833.045   3     
28866.378   3     
28899.711   3     
28933.044   3     
28966.377   3     
28999.710   3     
29033.043   3     
29066.376   3     
29099.709   3     
29133.042   3     
29166.375   3     
29199.708   3     
29233.041   3     
29266.374   3     
29299.707   3     
29333.040   3     
29366.373   3     
29399.706   3     
29433.039   3     
29466.372   3     
29499.705   3     
29533.038   3     
29566.371   4     
29599.704   4     
29633.037   4     
29666.370   4     
29699.703   4     
29733.036   4     
29766.369   4     
29799.702   4     
29833.035   4     
29866.368   4     
29899.701   4     
29933.034   4     
29966.367   4     
29999.700   4     
30033.033   4     
30066.366   4     
30099.699   4     
30133.032   4     
30166.365   4     
30199.698   4     
30233.031   4     
30266.364   4     
30299.697   4     
30333.030   4     
30366.363   4     
30399.696   4     
30433.029   4     
30466.362   4     
30499.695   4     
30533.028   4     
30566.361   4     
30599.694   4     
30633.027   4     
30666.360   4     
30699.693   4     
30733.026   4     
30766.359   4     
30799.692   4     
30833.025   4     
30866.358   4     
30899.691   4     
30933.024   4     
30966.357   4     
30999.690   4     
31033.023   4     
31066.356   4     
31099.689   4     
31133.022   4     
31166.355   4     
31199.688   4     
31233.021   4     
31266.354   4     
31299.687   4     
31333.020   4     
31366.353   4     
31399.686   4     
31433.019   4     
31466.352   4     
31499.685   4     
31533.018   4     
31566.351   4     
31599.684   4     
31633.017   4     
31666.350   4     
31699.683   4     
31733.016   4     
31766.349   4     
31799.682   4     
31833.015   4     
31866.348   4     
31899.681   4     
31933.014   4     
31966.347   4     
31999.680   4     
32033.013   4     
32066.346   4     
32099.679   4     
32133.012   4     
32166.345   4     
32199.678   4     
32233.011   4     
32266.344   4     
32299.677   4     
32333.010   4     
32366.343   4     
32399.676   4     
32433.009   4     
32466.342   4     
32499.675   4     
32533.008   4     
32566.341   4     
32599.674   4     
32633.007   4     
32666.340   4     
32699.673   4     
32733.006   4     
32766.339   4     
32799.672   4     
32833.005   4     
32866.338   4     
32899.671   4     
32933.004   4     
32966.337   4     
32999.670   4     
33033.003   4     
33066.336   4     
33099.669   4     
33133.002   4     
33166.335   4     
33199.668   4     
33233.001   4     
33266.334   4     
33299.667   4     
33333.000   4     
33366.333   4     
33399.666   4     
33432.999   4     
33466.332   4     
33499.665   4     
33532.998   4     
33566.331   4     
33599.664   4     
33632.997   4     
33666.330   4     
33699.663   4     
33732.996   4     
33766.329   4     
33799.662   4     
33832.995   4     
33866.328   4     
33899.661   4     
33932.994   4     
33966.327   4     
33999.660   4     
34032.993   4     
34066.326   4     
34099.659   4     
34132.992   4     
34166.325   4     
34199.658   4     
34232.991   4     
34266.324   4     
34299.657   4     
34332.990   4     
34366.323   4     
34399.656   4     
34432.989   4     
34466.322   4     
34499.655   4     
34532.988   4     
34566.321   4     
34599.654   4     
34632.987   4     
34666.320   4     
34699.653   4     
34732.986   4     
34766.319   4     
34799.652   4     
34832.985   4     
34866.318   4     
34899.651   4     
34932.984   4     
34966.317   4     
34999.650   4     
35032.983   4     
35066.316   4     
35099.649   4     
35132.982   4     
35166.315   4     
35199.648   4     
35232.981   4     
35266.314   4     
35299.647   4     
35332.980   4     
35366.313   4     
35399.646   4     
35432.979   4     
35466.312   4     
35499.645   4     
35532.978   4     
35566.311   4     
35599.644   4     
35632.977   4     
35666.310   4     
35699.643   4     
35732.976   4     
35766.309   4     
35799.642   4     
35832.975   4     
35866.308   4     
35899.641   4     
35932.974   4     
35966.307   4     
35999.640   4     
36032.973   4     
36066.306   4     
36099.639   4     
36132.972   4     
36166.305   4     
36199.638   7     
36232.971   7     
36266.304   7     
36299.637   7     
36332.970   7     
36366.303   7     
36399.636   7     
36432.969   7     
36466.302   7     
36499.635   7     
36532.968   7     
36566.301   7     
36599.634   7     
36632.967   7     
36666.300   7     
36699.633   7     
36732.966   7     
36766.299   7     
36799.632   7     
36832.965   7     
36866.298   7     
36899.631   7     
36932.964   7     
36966.297   7     
36999.630   7     
37032.963   7     
37066.296   7     
37099.629   7     
37132.962   7     
37166.295   7     
37199.628   7     
37232.961   7     
37266.294   7     
37299.627   7     
37332.960   7     
37366.293   7     
37399.626   7     
37432.959   7     
37466.292   7     
37499.625   7     
37532.958   7     
37566.291   7     
37599.624   7     
37632.957   7     
37666.290   7     
37699.623   7     
37732.956   7     
37766.289   7     
37799.622   7     
37832.955   7     
37866.288   7     
37899.621   7     
37932.954   7     
37966.287   7     
37999.620   7     
38032.953   7     
38066.286   7     
38099.619   7     
38132.952   7     
38166.285   7     
38199.618   7     
38232.951   7     
38266.284   7     
38299.617   7     
38332.950   7     
38366.283   7     
38399.616   7     
38432.949   7     
38466.282   7     
38499.615   7     
38532.948   7     
38566.281   7     
38599.614   7     
38632.947   7     
38666.280   7     
38699.613   7     
38732.946   7     
38766.279   7     
38799.612   7     
38832.945   7     
38866.278   7     
38899.611   7     
38932.944   7     
38966.277   7     
38999.610   7     
39032.943   7     
39066.276   7     
39099.609   7     
39132.942   7     
39166.275   7     
39199.608   7     
39232.941   7     
39266.274   7     
39299.607   7     
39332.940   7     
39366.273   7     
39399.606   7     
39432.939   7     
39466.272   7     
39499.605   7     
39532.938   7     
39566.271   7     
39599.604   7     
39632.937   7     
39666.270   7     
39699.603   7     
39732.936   7     
39766.269   7     
39799.602   7     
39832.935   7     
39866.268   7     
39899.601   7     
39932.934   7     
39966.267   7     
39999.600   7     
40032.933   7     
40066.266   7     
40099.599   7     
40132.932   7     
40166.265   7     
40199.598   7     
40232.931   7     
40266.264   7     
40299.597   7     
40332.930   7     
40366.263   7     
40399.596   7     
40432.929   7     
40466.262   7     
40499.595   7     
40532.928   7     
40566.261   7     
40599.594   7     
40632.927   7     
40666.260   7     
40699.593   7     
40732.926   7     
40766.259   7     
40799.592   7     
40832.925   7     
40866.258   7     
40899.591   7     
40932.924   7     
40966.257   7     
40999.590   7     
41032.923   7     
41066.256   7     
41099.589   7     
41132.922   7     
41166.255   7     
41199.588   7     
41232.921   7     
41266.254   7     
41299.587   7     
41332.920   7     
41366.253   7     
41399.586   7     
41432.919   7     
41466.252   7     
41499.585   7     
41532.918   7     
41566.251   7     
41599.584   7     
41632.917   7     
41666.250   7     
41699.583   7     
41732.916   7     
41766.249   7     
41799.582   7     
41832.915   7     
41866.248   7     
41899.581   7     
41932.914   7     
41966.247   7     
41999.580   7     
42032.913   7     
42066.246   7     
42099.579   7     
42132.912   7     
42166.245   7     
42199.578   7     
42232.911   8     
42266.244   8     
42299.577   8     
42332.910   8     
42366.243   8     
42399.576   8     
42432.909   8     
42466.242   8     
42499.575   8     
42532.908   8     
42566.241   8     
42599.574   8     
42632.907   8     
42666.240   8     
42699.573   8     
42732.906   8     
42766.239   8     
42799.572   8     
42832.905   8     
42866.238   8     
42899.571   8     
42932.904   8     
42966.237   8     
42999.570   8     
43032.903   8     
43066.236   8     
43099.569   8     
43132.902   8     
43166.235   8     
43199.568   8     
43232.901   8     
43266.234   8     
43299.567   8     
43332.900   8     
43366.233   8     
43399.566   8     
43432.899   8     
43466.232   8     
43499.565   8     
43532.898   8     
43566.231   8     
43599.564   8     
43632.897   8     
43666.230   8     
43699.563   8     
43732.896   8     
43766.229   8     
43799.562   8     
43832.895   8     
43866.228   8     
43899.561   8     
43932.894   8     
43966.227   8     
43999.560   8     
44032.893   8     
44066.226   8     
44099.559   8     
44132.892   8     
44166.225   8     
44199.558   8     
44232.891   8     
44266.224   8     
44299.557   8     
44332.890   8     
44366.223   8     
44399.556   8     
44432.889   8     
44466.222   8     
44499.555   8     
44532.888   8     
44566.221   8     
44599.554   8     
44632.887   8     
44666.220   8     
44699.553   8     
44732.886   8     
44766.219   8     
44799.552   8     
44832.885   8     
44866.218   8     
44899.551   8     
44932.884   8     
44966.217   8     
44999.550   8     
45032.883   8     
45066.216   8     
45099.549   8     
45132.882   8     
45166.215   8     
45199.548   8     
45232.881   8     
45266.214   8     
45299.547   8     
45332.880   8     
45366.213   8     
45399.546   8     
45432.879   8     
45466.212   8     
45499.545   8     
45532.878   8     
45566.211   3     
45599.544   3     
45632.877   3     
45666.210   3     
45699.543   3     
45732.876   3     
45766.209   3     
45799.542   3     
45832.875   3     
45866.208   3     
45899.541   3     
45932.874   3     
45966.207   3     
45999.540   3     
46032.873   3     
46066.206   3     
46099.539   3     
46132.872   3     
46166.205   3     
46199.538   3     
46232.871   3     
46266.204   3     
46299.537   3     
46332.870   3     
46366.203   3     
46399.536   3     
46432.869   3     
46466.202   3     
46499.535   3     
46532.868   3     
46566.201   3     
46599.534   3     
46632.867   3     
46666.200   3     
46699.533   3     
46732.866   3     
46766.199   3     
46799.532   3     
46832.865   3     
46866.198   3     
46899.531   3     
46932.864   3     
46966.197   3     
46999.530   3     
47032.863   3     
47066.196   3     
47099.529   3     
47132.862   3     
47166.195   3     
47199.528   3     
47232.861   3     
47266.194   3     
47299.527   3     
47332.860   3     
47366.193   3     
47399.526   3     
47432.859   3     
47466.192   3     
47499.525   3     
47532.858   3     
47566.191   3     
47599.524   3     
47632.857   3     
47666.190   3     
47699.523   3     
47732.856   3     
47766.189   3     
47799.522   3     
47832.855   3     
47866.188   3     
47899.521   3     
47932.854   3     
47966.187   3     
47999.520   3     
48032.853   3     
48066.186   3     
48099.519   3     
48132.852   3     
48166.185   3     
48199.518   3     
48232.851   3     
48266.184   3     
48299.517   3     
48332.850   3     
48366.183   3     
48399.516   3     
48432.849   3     
48466.182   3     
48499.515   3     
48532.848   3     
48566.181   3     
48599.514   3     
48632.847   3     
48666.180   3     
48699.513   3     
48732.846   3     
48766.179   3     
48799.512   3     
48832.845   3     
48866.178   3     
48899.511   3     
48932.844   3     
48966.177   3     
48999.510   3     
49032.843   5     
49066.176   5     
49099.509   5     
49132.842   5     
49166.175   5     
49199.508   5     
49232.841   5     
49266.174   5     
49299.507   5     
49332.840   5     
49366.173   5     
49399.506   5     
49432.839   5     
49466.172   5     
49499.505   5     
49532.838   5     
49566.171   5     
49599.504   5     
49632.837   5     
49666.170   5     
49699.503   5     
49732.836   5     
49766.169   5     
49799.502   5     
49832.835   5     
49866.168   5     
49899.501   5     
49932.834   5     
49966.167   5     
49999.500   5     
50032.833   5     
50066.166   5     
50099.499   5     
50132.832   5     
50166.165   5     
50199.498   5     
50232.831   5     
50266.164   5     
50299.497   5     
50332.830   5     
50366.163   5     
50399.496   5     
50432.829   5     
50466.162   5     
50499.495   5     
50532.828   5     
50566.161   5     
50599.494   5     
50632.827   5     
50666.160   5     
50699.493   5     
50732.826   5     
50766.159   5     
50799.492   5     
50832.825   5     
50866.158   5     
50899.491   5     
50932.824   5     
50966.157   5     
50999.490   5     
51032.823   5     
51066.156   5     
51099.489   5     
51132.822   5     
51166.155   5     
51199.488   5     
51232.821   5     
51266.154   5     
51299.487   5     
51332.820   5     
51366.153   5     
51399.486   5     
51432.819   5     
51466.152   5     
51499.485   5     
51532.818   5     
51566.151   5     
51599.484   5     
51632.817   5     
51666.150   5     
51699.483   5     
51732.816   5     
51766.149   5     
51799.482   5     
51832.815   5     
51866.148   5     
51899.481   5     
51932.814   7     
51966.147   7     
51999.480   7     
52032.813   7     
52066.146   7     
52099.479   7     
52132.812   7     
52166.145   7     
52199.478   7     
52232.811   7     
52266.144   7     
52299.477   7     
52332.810   7     
52366.143   7     
52399.476   7     
52432.809   7     
52466.142   7     
52499.475   7     
52532.808   7     
52566.141   7     
52599.474   7     
52632.807   7     
52666.140   7     
52699.473   7     
52732.806   7     
52766.139   7     
52799.472   7     
52832.805   7     
52866.138   7     
52899.471   7     
52932.804   7     
52966.137   7     
52999.470   7     
53032.803   7     
53066.136   7     
53099.469   7     
53132.802   7     
53166.135   7     
53199.468   7     
53232.801   7     
53266.134   7     
53299.467   7     
53332.800   7     
53366.133   7     
53399.466   7     
53432.799   7     
53466.132   7     
53499.465   7     
53532.798   7     
53566.131   7     
53599.464   7     
53632.797   7     
53666.130   7     
53699.463   7     
53732.796   7     
53766.129   7     
53799.462   7     
53832.795   7     
53866.128   7     
53899.461   7     
53932.794   7     
53966.127   7     
53999.460   7     
54032.793   7     
54066.126   7     
54099.459   7     
54132.792   7     
54166.125   7     
54199.458   7     
54232.791   7     
54266.124   7     
54299.457   7     
54332.790   7     
54366.123   7     
54399.456   7     
54432.789   7     
54466.122   7     
54499.455   7     
54532.788   7     
54566.121   7     
54599.454   7     
54632.787   7     
54666.120   7     
54699.453   7     
54732.786   7     
54766.119   7     
54799.452   7     
54832.785   7     
54866.118   7     
54899.451   7     
54932.784   7     
54966.117   7     
54999.450   7     
55032.783   7     
55066.116   7     
55099.449   7     
55132.782   7     
55166.115   7     
55199.448   7     
55232.781   7     
55266.114   7     
55299.447   7     
55332.780   7     
55366.113   7     
55399.446   7     
55432.779   7     
55466.112   7     
55499.445   7     
55532.778   7     
55566.111   7     
55599.444   7     
55632.777   7     
55666.110   7     
55699.443   7     
55732.776   7     
55766.109   7     
55799.442   7     
55832.775   7     
55866.108   8     
55899.441   8     
55932.774   8     
55966.107   8     
55999.440   8     
56032.773   8     
56066.106   8     
56099.439   8     
56132.772   8     
56166.105   8     
56199.438   8     
56232.771   8     
56266.104   8     
56299.437   8     
56332.770   8     
56366.103   8     
56399.436   8     
56432.769   8     
56466.102   8     
56499.435   8     
56532.768   8     
56566.101   8     
56599.434   8     
56632.767   8     
56666.100   8     
56699.433   8     
56732.766   8     
56766.099   8     
56799.432   8     
56832.765   8     
56866.098   8     
56899.431   8     
56932.764   8     
56966.097   8     
56999.430   8     
57032.763   8     
57066.096   8     
57099.429   8     
57132.762   8     
57166.095   8     
57199.428   8     
57232.761   8     
57266.094   8     
57299.427   8     
57332.760   8     
57366.093   8     
57399.426   8     
57432.759   8     
57466.092   8     
57499.425   8     
57532.758   8     
57566.091   8     
57599.424   8     
57632.757   8     
57666.090   8     
57699.423   8     
57732.756   8     
57766.089   8     
57799.422   8     
57832.755   8     
57866.088   8     
57899.421   8     
57932.754   8     
57966.087   8     
57999.420   8     
58032.753   8     
58066.086   8     
58099.419   8     
58132.752   8     
58166.085   8     
58199.418   8     
58232.751   8     
58266.084   8     
58299.417   8     
58332.750   8     
58366.083   8     
58399.416   8     
58432.749   8     
58466.082   8     
58499.415   8     
58532.748   8     
58566.081   8     
58599.414   8     
58632.747   8     
58666.080   8     
58699.413   8     
58732.746   8     
58766.079   8     
58799.412   8     
58832.745   8     
58866.078   8     
58899.411   8     
58932.744   8     
58966.077   8     
58999.410   8     
59032.743   8     
59066.076   8     
59099.409   8     
59132.742   8     
59166.075   8     
59199.408   8     
59232.741   8     
59266.074   8     
59299.407   8     
59332.740   8     
59366.073   8     
59399.406   8     
59432.739   8     
59466.072   8     
59499.405   8     
59532.738   8     
59566.071   8     
59599.404   8     
59632.737   8     
59666.070   8     
59699.403   8     
59732.736   8     
59766.069   8     
59799.402   8     
59832.735   8     
59866.068   8     
59899.401   8     
59932.734   8     
59966.067   8     
59999.400   8     
60032.733   8     
60066.066   8     
60099.399   8     
60132.732   8     
60166.065   8     
60199.398   8     
60232.731   8     
60266.064   8     
60299.397   8     
60332.730   8     
60366.063   8     
60399.396   8     
60432.729   8     
60466.062   8     
60499.395   8     
60532.728   8     
60566.061   8     
60599.394   8     
60632.727   8     
60666.060   8     
60699.393   8     
60732.726   8     
60766.059   8     
60799.392   8     
60832.725   8     
60866.058   8     
60899.391   8     
60932.724   8     
60966.057   8     
60999.390   3     
61032.723   3     
61066.056   3     
61099.389   3     
61132.722   3     
61166.055   3     
61199.388   3     
61232.721   3     
61266.054   3     
61299.387   3     
61332.720   3     
61366.053   3     
61399.386   3     
61432.719   3     
61466.052   3     
61499.385   3     
61532.718   3     
61566.051   3     
61599.384   3     
61632.717   3     
61666.050   3     
61699.383   3     
61732.716   3     
61766.049   3     
61799.382   3     
61832.715   3     
61866.048   3     
61899.381   3     
61932.714   3     
61966.047   3     
61999.380   3     
62032.713   3     
62066.046   3     
62099.379   3     
62132.712   3     
62166.045   3     
62199.378   3     
62232.711   3     
62266.044   3     
62299.377   3     
62332.710   3     
62366.043   3     
62399.376   3     
62432.709   3     
62466.042   3     
62499.375   3     
62532.708   3     
62566.041   3     
62599.374   3     
62632.707   3     
62666.040   3     
62699.373   3     
62732.706   3     
62766.039   3     
62799.372   3     
62832.705   3     
62866.038   3     
62899.371   3     
62932.704   6     
62966.037   6     
62999.370   6     
63032.703   6     
63066.036   6     
63099.369   6     
63132.702   6     
63166.035   6     
63199.368   6     
63232.701   6     
63266.034   6     
63299.367   6     
63332.700   6     
63366.033   6     
63399.366   6     
63432.699   6     
63466.032   6     
63499.365   6     
63532.698   6     
63566.031   6     
63599.364   6     
63632.697   6     
63666.030   6     
63699.363   6     
63732.696   6     
63766.029   6     
63799.362   6     
63832.695   6     
63866.028   6     
63899.361   6     
63932.694   6     
63966.027   6     
63999.360   6     
64032.693   6     
64066.026   6     
64099.359   6     
64132.692   6     
64166.025   6     
64199.358   6     
64232.691   6     
64266.024   6     
64299.357   6     
64332.690   6     
64366.023   6     
64399.356   6     
64432.689   6     
64466.022   6     
64499.355   6     
64532.688   6     
64566.021   6     
64599.354   6     
64632.687   6     
64666.020   6     
64699.353   6     
64732.686   6     
64766.019   6     
64799.352   6     
64832.685   6     
64866.018   6     
64899.351   6     
64932.684   6     
64966.017   6     
64999.350   6     
65032.683   6     
65066.016   6     
65099.349   6     
65132.682   6     
65166.015   6     
65199.348   6     
65232.681   6     
65266.014   6     
65299.347   6     
65332.680   6     
65366.013   6     
65399.346   6     
65432.679   6     
65466.012   6     
65499.345   6     
65532.678   6     
65566.011   6     
65599.344   6     
65632.677   6     
65666.010   6     
65699.343   6     
65732.676   6     
65766.009   6     
65799.342   6     
65832.675   6     
65866.008   7     
65899.341   7     
65932.674   7     
65966.007   7     
65999.340   7     
66032.673   7     
66066.006   7     
66099.339   7     
66132.672   7     
66166.005   7     
66199.338   7     
66232.671   7     
66266.004   7     
66299.337   7     
66332.670   7     
66366.003   7     
66399.336   7     
66432.669   7     
66466.002   7     
66499.335   7     
66532.668   7     
66566.001   7     
66599.334   7     
66632.667   7     
66666.000   7     
66699.333   7     
66732.666   7     
66765.999   7     
66799.332   7     
66832.665   7     
66865.998   7     
66899.331   7     
66932.664   7     
66965.997   7     
66999.330   7     
67032.663   7     
67065.996   7     
67099.329   7     
67132.662   7     
67165.995   7     
67199.328   7     
67232.661   7     
67265.994   7     
67299.327   7     
67332.660   7     
67365.993   7     
67399.326   7     
67432.659   7     
67465.992   7     
67499.325   7     
67532.658   7     
67565.991   7     
67599.324   7     
67632.657   7     
67665.990   7     
67699.323   7     
67732.656   7     
67765.989   7     
67799.322   7     
67832.655   7     
67865.988   7     
67899.321   7     
67932.654   7     
67965.987   7     
67999.320   7     
68032.653   7     
68065.986   7     
68099.319   7     
68132.652   7     
68165.985   7     
68199.318   7     
68232.651   7     
68265.984   7     
68299.317   7     
68332.650   7     
68365.983   7     
68399.316   7     
68432.649   7     
68465.982   7     
68499.315   7     
68532.648   7     
68565.981   7     
68599.314   7     
68632.647   7     
68665.980   7     
68699.313   7     
68732.646   7     
68765.979   8     
68799.312   8     
68832.645   8     
68865.978   8     
68899.311   8     
68932.644   8     
68965.977   8     
68999.310   8     
69032.643   8     
69065.976   8     
69099.309   8     
69132.642   8     
69165.975   8     
69199.308   8     
69232.641   8     
69265.974   8     
69299.307   8     
69332.640   8     
69365.973   8     
69399.306   8     
69432.639   8     
69465.972   8     
69499.305   8     
69532.638   8     
69565.971   8     
69599.304   8     
69632.637   8     
69665.970   8     
69699.303   8     
69732.636   8     
69765.969   8     
69799.302   8     
69832.635   8     
69865.968   8     
69899.301   8     
69932.634   8     
69965.967   8     
69999.300   8     
70032.633   8     
70065.966   8     
70099.299   8     
70132.632   8     
70165.965   8     
70199.298   8     
70232.631   8     
70265.964   8     
70299.297   8     
70332.630   8     
70365.963   8     
70399.296   8     
70432.629   8     
70465.962   8     
70499.295   8     
70532.628   8     
70565.961   8     
70599.294   8     
70632.627   8     
70665.960   8     
70699.293   8     
70732.626   8     
70765.959   8     
70799.292   8     
70832.625   8     
70865.958   8     
70899.291   8     
70932.624   8     
70965.957   8     
70999.290   8     
71032.623   8     
71065.956   8     
71099.289   8     
71132.622   8     
71165.955   8     
71199.288   8     
71232.621   8     
71265.954   8     
71299.287   8     
71332.620   8     
71365.953   8     
71399.286   8     
71432.619   8     
71465.952   8     
71499.285   8     
71532.618   8     
71565.951   8     
71599.284   8     
71632.617   8     
71665.950   8     
71699.283   8     
71732.616   8     
71765.949   8     
71799.282   8     
71832.615   8     
71865.948   8     
71899.281   8     
71932.614   8     
71965.947   8     
71999.280   8     
72032.613   9     
72065.946   9     
72099.279   9     
72132.612   9     
72165.945   9     
72199.278   9     
72232.611   9     
72265.944   9     
72299.277   9     
72332.610   9     
72365.943   9     
72399.276   9     
72432.609   9     
72465.942   9     
72499.275   9     
72532.608   9     
72565.941   9     
72599.274   9     
72632.607   9     
72665.940   9     
72699.273   9     
72732.606   9     
72765.939   9     
72799.272   9     
72832.605   9     
72865.938   9     
72899.271   9     
72932.604   9     
72965.937   9     
72999.270   9     
73032.603   9     
73065.936   9     
73099.269   9     
73132.602   9     
73165.935   9     
73199.268   9     
73232.601   9     
73265.934   9     
